5000
17.339999670271137;16.772680870143986;13.998055925855754;16.646062536288134;15.045368305824148;15.891692306079682;12.732936982384242;9.769100792735639;15.689956143136177;6.681161881871853;12.554107497567758;9.295488633824007;4.357224997743993;7.967351911615982;9.031662825232164;4.72552545948799;4.72552545948799;11.05447608873563;10.863995943135969;11.05447608873563;4.72552545948799;12.593693727183918;2.6918240566399634;6.193245887903957;6.410238701231904;6.15936740169602;2.2382339459360607;4.288574126912015;6.425220059072052;1.6980559907040735;2.619990168096011;4.794399705855992;5.87930701484796;6.1898884107839836;0.8490810375999817;2.9862931132800172;1.2354809755999305;2.282345617472023;5.859572730432038;3.9722150529919666;2.9917845517439905;0.21114340923195812;5.139844784959981;5.139844784959981;5.599255928864023;-0.9598767287042926;0.15503581422404653;-2.008213299920028;-7.864188419327881;-11.13441571550404;
16.772680870143986;22.642674919487032;12.995351962511746;18.833524385976325;20.84195543984855;17.492146971159123;15.71715173596813;12.174478835271929;17.419497646071786;4.553921418344003;17.99894161753661;11.624773715847702;-1.498731145311814;14.477856632031866;15.691495758064018;2.389890207376013;2.389890207376013;16.724329722272145;17.119127386071355;16.724329722272145;2.389890207376013;15.12461320056811;4.169467795279988;5.665044558007989;10.76091009006409;5.733131816191914;-0.9613088033279156;-1.6837083395759938;5.909346762743988;4.961037863608018;-1.7873683660078248;11.693589987512116;12.94566006609613;12.900770157768049;2.1288377302000425;5.508877475560039;4.33308113119998;5.543114184543983;5.927735143464007;6.191718546584074;9.795446822687975;-3.2941127989359016;6.998764667919953;6.998764667919953;12.251542657927843;2.4837557303920317;6.797790346648009;-4.632544610839882;-7.0602186590560505;-12.995002803208042;
13.998055925855754;12.995351962511746;16.60168055048979;17.29652678052427;14.973308444651968;16.562512326339423;12.17606584103206;10.847770600228257;15.311709844427293;3.7664454601560236;8.573766431463941;9.55294550365208;1.7358490923119498;3.9698943109679763;4.959052222936018;5.48471052162397;5.48471052162397;11.64126027572796;7.104601594427952;11.64126027572796;5.48471052162397;12.780386293931876;-0.1195571102798349;6.102743691492;6.432447590936086;8.247872441808052;-0.19663859867208372;1.8700639230760583;6.917318690756026;2.1362166458919902;2.927971241507956;1.116046537988026;2.1084143429040543;5.670790356732037;1.4035944772999278;3.172592181939998;3.1878144237999924;4.131607856455994;2.2934971900360175;4.113910561915993;2.7549804393120105;1.267904642435881;5.27136306207998;5.27136306207998;4.991894356571968;0.08596137510788968;0.6214083528519658;-0.48547437166022406;-7.301536484944052;-10.228842131292065;
16.646062536288134;18.833524385976325;17.29652678052427;23.043372124702497;20.169112175445928;22.149224658570553;16.900773386436168;12.185076804793846;20.83640082889392;1.3064445614381546;13.395459266572308;9.734151889945915;-1.3649845061241643;8.125676694564072;9.491127354628043;2.1898145362518946;2.1898145362518946;16.53676498754478;12.402914943893776;16.53676498754478;2.1898145362518946;18.097042906886973;-1.576860641940242;7.89031250426599;8.980319983628045;5.254800380384046;-3.951287103655928;-0.9243187969018728;5.244934042738045;1.2285729754660015;-0.059117072766040696;4.670263639274017;6.055509433692043;9.810631211286003;-0.8366357233501771;2.5985694673700377;0.9949411798999466;2.3209201325879865;4.518631889177991;5.234348447917977;5.652566857376003;-3.3885940256218743;6.452215165840051;6.452215165840051;9.284890126605898;-0.46747567496613307;3.497613536546001;-4.401432040429953;-9.141188932111968;-14.237968307165463;
15.045368305824148;20.84195543984855;14.973308444651968;20.169112175445928;22.620054758158513;18.66583532260987;16.946808529428026;14.75406369336196;18.50894370266129;2.94564751677399;16.0555707789566;13.61574674665834;-3.380574873452029;12.369347803572118;13.635215378644238;4.285726933596006;4.285726933596006;19.002833269111996;15.24836629766203;19.002833269111996;4.285726933596006;16.849925307277083;2.635047224380039;6.648827394018003;12.225943295643464;7.968952530432076;-2.559851098487781;-3.5482616660459936;7.703761011673969;6.675784201618017;-0.540715644517907;9.635499708402016;10.92348568071609;14.196246908477784;3.8271300804500132;7.110268595010017;6.365492032699972;7.6014706357240875;3.7014331057939858;7.531726577813982;11.09041294204795;-1.5933834546060324;8.41416749031995;8.41416749031995;13.428043678838254;4.729208314881963;8.68918750845787;-2.4813051043898766;-6.309656397375973;-12.323343145717987;
15.891692306079682;17.492146971159123;16.562512326339423;22.149224658570553;18.66583532260987;22.069541759949647;15.623858757260402;10.980278545789899;20.729926329290407;0.7529350463300296;12.086712554020123;8.26064009010998;-1.259246072340253;6.641741557739987;7.964337087979996;1.4953899228199543;1.4953899228199543;15.153988412039675;11.06366842429046;15.153988412039675;1.4953899228199543;17.234555243010135;-2.569353127899964;7.400365611309959;7.716401972980137;4.287301711439963;-4.19652796996023;-0.132663395570089;4.340239661830018;-0.15024288668998542;-0.4543631588101066;3.25413185259003;4.601255163219986;8.206267467010015;-1.958826707249909;1.2777120079499653;-0.353523213499783;0.9320742965799833;4.03406773723;4.378525753129994;4.097496540160018;-3.757314190769849;5.5874825444000145;5.5874825444000145;7.779074363209947;-1.7287348758101695;2.075415641110026;-4.754440295049891;-9.460111017919838;-14.143336082809663;
12.732936982384242;15.71715173596813;12.17606584103206;16.900773386436168;16.946808529428026;15.623858757260402;18.85466982824816;10.144893300892182;15.477968484691958;2.549558230084043;13.812455583095591;14.254591000427856;-1.8855026518320503;10.946993919752058;15.02636368850386;3.4911503193360223;3.4911503193360223;13.660445075392326;13.735829844691771;13.660445075392326;3.4911503193360223;13.65763971134836;5.2011706190799885;6.5765168761879815;9.535135000503896;6.387075562511957;-2.974838126207844;-2.1134535160359524;6.54411367348392;5.651595757788025;1.5978802208119016;8.333044183531984;12.341924099256017;15.565701200547899;6.1181367446999495;8.596071205660019;5.013389838199995;8.862807565784177;8.051448885404042;5.492415408723925;9.375755671168008;-2.3436550009957102;7.381187251120033;7.381187251120033;15.044387444307954;3.533322581212021;6.881405749227942;-3.4723367647400023;-6.9005124788159895;-12.171687848388196;
9.769100792735639;12.174478835271929;10.847770600228257;12.185076804793846;14.75406369336196;10.980278545789899;10.144893300892182;16.38396546391824;10.835170786617686;2.5825219097860157;8.672799605684048;11.026067124861438;-2.571490573427961;5.9856914361079845;6.845131520715991;4.9131009326440065;4.9131009326440065;17.21241943816777;7.325479931618097;17.21241943816777;4.9131009326440065;14.445458797041738;2.0820759128199984;2.9298090859019648;7.517758283716015;7.201577447648018;-1.2309545782319722;-2.9086962581939497;6.926928260886;5.946880032302066;0.36026026459804456;4.350328446477997;5.240600788323903;8.008806243842017;4.2681857975499895;5.817013559389803;5.782981505300058;6.5829938288359795;-0.6631287604339987;4.310958956345982;6.775929341072018;0.7417987039659835;4.6798319804800945;4.6798319804800945;7.103598301881953;9.113693981197981;9.894948145062013;4.359077462790018;-5.3864228420639915;-9.277731662201974;
15.689956143136177;17.419497646071786;15.311709844427293;20.83640082889392;18.50894370266129;20.729926329290407;15.477968484691958;10.835170786617686;21.505534044317045;0.7576551426858426;13.45964420828379;8.37905437916204;-1.5827517776278313;6.650708782308007;7.9918843981160546;1.4517176892438712;1.4517176892438712;14.940138713367544;11.355209919317746;14.940138713367544;1.4517176892438712;17.94209475834231;-2.3944791441801705;6.977689326202084;7.772498181116172;5.580205884847989;-4.350979753032339;-0.567282692293972;5.743991828785992;-0.10679131739806913;-0.8251322807020821;3.2852800231779993;4.628297016923971;8.186716155141923;-1.8245747249501028;1.3186130928899507;-0.40870383969999025;0.9015611042361017;3.7009125994660392;4.129386263246012;4.047237971871994;-3.940090696134106;5.476714062479992;5.476714062479992;7.8525303391819445;-1.7567484641019655;1.9662990193620087;-5.0020430137099545;-8.108516141664053;-13.757658757501423;
6.681161881871853;4.553921418344003;3.7664454601560236;1.3064445614381546;2.94564751677399;0.7529350463300296;2.549558230084043;2.5825219097860157;0.7576551426858426;17.294821752221875;4.801343985467992;6.307622917274055;15.817479053443865;2.0856278889160187;1.5153265673319747;15.96346098338767;15.96346098338767;-0.2301411054639817;4.732490697686005;-0.2301411054639817;15.96346098338767;-1.3959680938660965;5.180059916139951;7.260211405353948;4.410257828332034;9.943780300496153;16.727962411735717;14.469802276762035;10.049724801921762;0.13196532815400686;11.012390208145879;-0.9810737710940263;-1.5355949732519898;0.06802749973397823;3.7030753838499835;1.6054099435299964;-0.16207296689994044;-0.6342403534280138;8.392312936282275;8.135707259342013;-2.7214888550559864;15.637990695081827;12.331129952959804;12.331129952959804;-0.5943020131860425;-2.762562443654017;-5.395973287325923;11.337471245330152;-6.263906627728014;-0.6984683254540925;
12.554107497567758;17.99894161753661;8.573766431463941;13.395459266572308;16.0555707789566;12.086712554020123;13.812455583095591;8.672799605684048;13.45964420828379;4.801343985467992;17.35978783439182;11.12089524595575;-0.9187312130638957;14.302028792904219;15.373178548808085;2.6564162848720203;2.6564162848720203;12.34933657718421;15.92607826828402;12.34933657718421;2.6564162848720203;11.497940116795945;5.9484115691599415;4.705552309476006;10.07382207280801;6.670851985423934;0.14974413398399336;-1.4287465857718444;7.029303987268117;6.2574032526759575;-0.7206806804760538;12.226054708963913;13.274780868712389;12.808426455196143;3.9427357469000044;6.623165330820033;5.391114871399934;6.458583549367911;6.237465965108018;5.779081960748018;10.243166937935742;-2.079450357692139;6.6726064462399615;6.6726064462399615;12.31768238471587;3.589366710324011;7.147870883556039;-3.677732839980042;-4.556298964831974;-10.636721908876053;
9.295488633824007;11.624773715847702;9.55294550365208;9.734151889945915;13.61574674665834;8.26064009010998;14.254591000427856;11.026067124861438;8.37905437916204;6.307622917274055;11.12089524595575;17.20356595015868;-0.27698265245204745;10.196859452571925;13.902811881643796;8.205454180595973;8.205454180595973;10.785511173112019;10.591965944162206;10.785511173112019;8.205454180595973;7.586254955777973;10.172907129379729;3.668864927518019;9.372319848644011;10.386055464432047;1.8811433755120237;-1.1438286105460969;10.040008327174135;10.787488475117774;4.0660898269819885;8.722606409901985;12.35822878771599;14.70473517697764;12.02608299795031;12.80650425251012;10.402072447699886;13.911238598723848;5.103629601293998;5.880161968313913;10.597475688048076;3.4848664708940023;7.257148370320068;7.257148370320068;13.803729947338175;8.261948916381996;8.078899651957995;1.888598283110007;-2.694419349376034;-6.620390284217996;
4.357224997743993;-1.498731145311814;1.7358490923119498;-1.3649845061241643;-3.380574873452029;-1.259246072340253;-1.8855026518320503;-2.571490573427961;-1.5827517776278313;15.817479053443865;-0.9187312130638957;-0.27698265245204745;23.936463304887823;-5.123735300168137;-6.30684908133612;14.304106802775824;14.304106802775824;-6.152079768927929;-1.5017213776280616;-6.152079768927929;14.304106802775824;-4.3503907447322225;-1.0569323577200245;13.039095473707974;5.161654370664023;6.020338392991991;18.711217145472222;22.602199222523765;6.342136362843953;-3.565069710692141;14.444922883292351;-5.300324125187967;-9.832018940503975;-8.160089847531824;-2.7871937773000064;-2.164801797940026;-7.252201873799955;-8.27079547285624;6.362669101563954;11.338917717683971;-10.744224252112113;21.282697549163785;9.116697975919976;9.116697975919976;-8.500673603372;-6.32370871030799;-12.87275293165234;12.799693365660069;-7.634498341456007;0.3839628060919619;
7.967351911615982;14.477856632031866;3.9698943109679763;8.125676694564072;12.369347803572118;6.641741557739987;10.946993919752058;5.9856914361079845;6.650708782308007;2.0856278889160187;14.302028792904219;10.196859452571925;-5.123735300168137;21.512246172248382;18.875416525495865;-0.21325244333601318;-0.21325244333601318;9.257932016608102;14.183207242308086;9.257932016608102;-0.21325244333601318;5.673661321651972;11.175258210920019;0.7910502868119778;8.230487143495827;2.9636201694880215;0.6403363482079963;-5.811402654964008;3.3730071055159723;12.764372395212034;-0.3873174738119188;18.451909443468338;19.45108118674391;15.688267852452132;9.179083030299982;10.248346529339846;14.97871450179987;12.494692488216;6.0540189135959555;3.249913360276029;20.19176792683163;-5.252074280004007;3.179931698879979;3.179931698879979;14.978490338692216;9.728310665787951;16.406508873771912;-3.110002650260128;-1.6751370571839994;-7.9494873146120435;
9.031662825232164;15.691495758064018;4.959052222936018;9.491127354628043;13.635215378644238;7.964337087979996;15.02636368850386;6.845131520715991;7.9918843981160546;1.5153265673319747;15.373178548808085;13.902811881643796;-6.30684908133612;18.875416525495865;22.528472807991786;-0.7736752236718986;-0.7736752236718986;10.408162509215918;15.800219068115956;10.408162509215918;-0.7736752236718986;6.930712724804021;13.663302636840239;0.37696614012402496;8.45160650399186;3.3307856749759917;-4.1257814475840835;-6.895246275427954;3.7535725955319683;13.060055576923643;-0.6824403291240391;18.969025415436363;22.613162026488258;19.643673586404226;11.747179263099929;13.579115811179895;11.825116868600015;15.28532247343191;8.661353751692063;2.6355817600519913;17.143798637664084;-6.639647955507976;3.385074887759985;3.385074887759985;19.006118918884592;9.961560610075878;13.628245924044045;-7.484960518020186;-2.0502483523679653;-9.082783140724036;
4.72552545948799;2.389890207376013;5.48471052162397;2.1898145362518946;4.285726933596006;1.4953899228199543;3.4911503193360223;4.9131009326440065;1.4517176892438712;15.96346098338767;2.6564162848720203;8.205454180595973;14.304106802775824;-0.21325244333601318;-0.7736752236718986;18.206504066551915;18.206504066551915;1.6248003341440438;2.656967519243974;1.6248003341440438;18.206504066551915;-0.07008836896398893;3.7029174495599513;8.318917402916014;5.788483410328015;12.334802777983933;15.533059932943932;12.945711666547927;11.9877942371879;1.777015624115996;12.563525106083876;-3.227356840875899;-3.78909524000804;1.0988220954359982;5.472606392900031;3.145904011620014;1.811619797400009;1.318644933288035;6.218147654628067;9.58144889186804;-1.6662684762240167;17.842342429828484;13.899351381840138;13.899351381840138;0.3209041937559632;-0.6148410711160206;-3.761449477803929;13.92349958882011;-5.512147858912008;0.22164464168395978;
4.72552545948799;2.389890207376013;5.48471052162397;2.1898145362518946;4.285726933596006;1.4953899228199543;3.4911503193360223;4.9131009326440065;1.4517176892438712;15.96346098338767;2.6564162848720203;8.205454180595973;14.304106802775824;-0.21325244333601318;-0.7736752236718986;18.206504066551915;18.206504066551915;1.6248003341440438;2.656967519243974;1.6248003341440438;18.206504066551915;-0.07008836896398893;3.7029174495599513;8.318917402916014;5.788483410328015;12.334802777983933;15.533059932943932;12.945711666547927;11.9877942371879;1.777015624115996;12.563525106083876;-3.227356840875899;-3.78909524000804;1.0988220954359982;5.472606392900031;3.145904011620014;1.811619797400009;1.318644933288035;6.218147654628067;9.58144889186804;-1.6662684762240167;17.842342429828484;13.899351381840138;13.899351381840138;0.3209041937559632;-0.6148410711160206;-3.761449477803929;13.92349958882011;-5.512147858912008;0.22164464168395978;
11.05447608873563;16.724329722272145;11.64126027572796;16.53676498754478;19.002833269111996;15.153988412039675;13.660445075392326;17.21241943816777;14.940138713367544;-0.2301411054639817;12.34933657718421;10.785511173112019;-6.152079768927929;9.257932016608102;10.408162509215918;1.6248003341440438;1.6248003341440438;21.311563931168283;11.553716623367759;21.311563931168283;1.6248003341440438;18.55435456279127;0.47835802031994645;3.9395226841519837;9.549818387216225;5.171799065648042;-5.090394015231802;-6.23550479594412;5.073520148135996;5.108732560551998;-2.843517946151669;7.2963061607279815;8.486474789823944;11.541351339592252;2.214119683799972;5.085875415639982;4.7645506928000225;5.855833882336003;0.6523489918160539;5.075419461096042;9.380611963071924;-3.65463678378422;5.542290980479914;5.542290980479914;10.765984752632093;8.637059725448042;12.55200617831187;0.650499444040003;-6.971473536064006;-12.73974826295174;
10.863995943135969;17.119127386071355;7.104601594427952;12.402914943893776;15.24836629766203;11.06366842429046;13.735829844691771;7.325479931618097;11.355209919317746;4.732490697686005;15.92607826828402;10.591965944162206;-1.5017213776280616;14.183207242308086;15.800219068115956;2.656967519243974;2.656967519243974;11.553716623367759;18.46131263431781;11.553716623367759;2.656967519243974;9.532325243341942;5.618499905819876;4.570341611201987;9.44583292111592;4.887814424847978;-0.24182722303196233;-2.036554647294092;5.220027133786082;5.355835757601977;-0.7868335857020411;11.852760688177968;13.454041426923904;14.92248647014202;3.6706524600500168;6.278098567890008;4.561917100300053;6.076096334236071;8.71049513446594;5.849357058245953;9.990502741872088;-2.4395079811341183;9.084073302479903;9.084073302479903;15.539611824181817;2.72843723089799;6.855714584362033;-3.999056718710048;-6.302925321664008;-11.036220002501919;
11.05447608873563;16.724329722272145;11.64126027572796;16.53676498754478;19.002833269111996;15.153988412039675;13.660445075392326;17.21241943816777;14.940138713367544;-0.2301411054639817;12.34933657718421;10.785511173112019;-6.152079768927929;9.257932016608102;10.408162509215918;1.6248003341440438;1.6248003341440438;21.311563931168283;11.553716623367759;21.311563931168283;1.6248003341440438;18.55435456279127;0.47835802031994645;3.9395226841519837;9.549818387216225;5.171799065648042;-5.090394015231802;-6.23550479594412;5.073520148135996;5.108732560551998;-2.843517946151669;7.2963061607279815;8.486474789823944;11.541351339592252;2.214119683799972;5.085875415639982;4.7645506928000225;5.855833882336003;0.6523489918160539;5.075419461096042;9.380611963071924;-3.65463678378422;5.542290980479914;5.542290980479914;10.765984752632093;8.637059725448042;12.55200617831187;0.650499444040003;-6.971473536064006;-12.73974826295174;
4.72552545948799;2.389890207376013;5.48471052162397;2.1898145362518946;4.285726933596006;1.4953899228199543;3.4911503193360223;4.9131009326440065;1.4517176892438712;15.96346098338767;2.6564162848720203;8.205454180595973;14.304106802775824;-0.21325244333601318;-0.7736752236718986;18.206504066551915;18.206504066551915;1.6248003341440438;2.656967519243974;1.6248003341440438;18.206504066551915;-0.07008836896398893;3.7029174495599513;8.318917402916014;5.788483410328015;12.334802777983933;15.533059932943932;12.945711666547927;11.9877942371879;1.777015624115996;12.563525106083876;-3.227356840875899;-3.78909524000804;1.0988220954359982;5.472606392900031;3.145904011620014;1.811619797400009;1.318644933288035;6.218147654628067;9.58144889186804;-1.6662684762240167;17.842342429828484;13.899351381840138;13.899351381840138;0.3209041937559632;-0.6148410711160206;-3.761449477803929;13.92349958882011;-5.512147858912008;0.22164464168395978;
12.593693727183918;15.12461320056811;12.780386293931876;18.097042906886973;16.849925307277083;17.234555243010135;13.65763971134836;14.445458797041738;17.94209475834231;-1.3959680938660965;11.497940116795945;7.586254955777973;-4.3503907447322225;5.673661321651972;6.930712724804021;-0.07008836896398893;-0.07008836896398893;18.55435456279127;9.532325243341942;18.55435456279127;-0.07008836896398893;20.062341773199027;-2.952365882420134;4.854761973537933;6.858890391804208;4.160697028911905;-6.208430268808167;-3.9955357714862414;4.381317477033903;0.3448502251379765;-2.5539906740381144;3.0188194176819945;4.291048954955974;7.7303373823980435;-1.7361519615498984;1.2062497214099448;-0.015109629300131863;1.1841484230840595;1.3314349379540493;2.9573184127740024;4.515134250768008;-5.227133358446077;3.893590645119994;3.893590645119994;7.262329023158059;3.5043339713619117;7.321029259578009;-1.5947044939900328;-8.15218731401603;-13.98192871323826;
2.6918240566399634;4.169467795279988;-0.1195571102798349;-1.576860641940242;2.635047224380039;-2.569353127899964;5.2011706190799885;2.0820759128199984;-2.3944791441801705;5.180059916139951;5.9484115691599415;10.172907129379729;-1.0569323577200245;11.175258210920019;13.663302636840239;3.7029174495599513;3.7029174495599513;0.47835802031994645;5.618499905819876;0.47835802031994645;3.7029174495599513;-2.952365882420134;16.52448129180009;-3.3077912210199925;2.235608136839998;4.9543923355198;1.7280093543199813;-2.005605854059993;5.078155455140021;13.89638585497961;4.490839166020101;13.644566927220032;16.155294832760053;11.229522809579993;15.41450569449979;12.316450586100308;13.05181372700025;15.436027755639724;6.126472978340023;-0.518589539460069;12.46023902727981;0.12303843434000933;1.5279365652000263;1.5279365652000263;10.234583719179899;10.68006605001993;9.389663367379894;-1.5442695579000227;2.1110286846399022;-0.12584102598006247;
6.193245887903957;5.665044558007989;6.102743691492;7.89031250426599;6.648827394018003;7.400365611309959;6.5765168761879815;2.9298090859019648;6.977689326202084;7.260211405353948;4.705552309476006;3.668864927518019;13.039095473707974;0.7910502868119778;0.37696614012402496;8.318917402916014;8.318917402916014;3.9395226841519837;4.570341611201987;3.9395226841519837;8.318917402916014;4.854761973537933;-3.3077912210199925;14.553453516078024;10.875608997124077;4.42272324987201;8.031227474552036;12.214152993134041;4.565509633254012;0.6650829656780013;8.783268708422051;0.9895891577420266;-2.8570203595640606;1.0366843687379639;-2.612214708049957;1.404847211710013;-3.1955621082999572;-3.5171069591959623;4.468300477773965;13.111374873193698;-1.8043544157918574;12.814648099373871;8.748812874720018;8.748812874720018;0.7249962402979591;-1.376552264177997;-3.6550483046820044;6.326758864309959;-7.542221219296022;-5.498617656777968;
6.410238701231904;10.76091009006409;6.432447590936086;8.980319983628045;12.225943295643464;7.716401972980137;9.535135000503896;7.517758283716015;7.772498181116172;4.410257828332034;10.07382207280801;9.372319848644011;5.161654370664023;8.230487143495827;8.45160650399186;5.788483410328015;5.788483410328015;9.549818387216225;9.44583292111592;9.549818387216225;5.788483410328015;6.858890391804208;2.235608136839998;10.875608997124077;14.896539179991974;6.3449359829760335;3.5132317104160413;4.114413585571965;6.183613376531999;9.153397763923827;4.730969543875967;10.0713542284358;6.662839590488076;8.850024233404017;3.392776678099979;8.336435716179947;4.9636395285999955;5.240385999431963;1.8470516426919712;12.997261041052107;7.6611305196638195;8.54269136549207;7.147671127759974;7.147671127759974;8.234053525884045;6.8857383430760475;5.502737281043941;3.0438213369799865;-3.6886833363679763;-6.44720282772399;
6.15936740169602;5.733131816191914;8.247872441808052;5.254800380384046;7.968952530432076;4.287301711439963;6.387075562511957;7.201577447648018;5.580205884847989;9.943780300496153;6.670851985423934;10.386055464432047;6.020338392991991;2.9636201694880215;3.3307856749759917;12.334802777983933;12.334802777983933;5.171799065648042;4.887814424847978;5.171799065648042;12.334802777983933;4.160697028911905;4.9543923355198;4.42272324987201;6.3449359829760335;13.673249332927577;7.6374380652479354;5.024031217216007;12.149161850095576;5.0948408602720106;7.178379098127964;0.9464088318080103;1.2828528884640102;4.945169663711924;7.031690566799809;5.684993731039983;6.164590880799922;6.5397128612960564;2.934116508575986;6.064826908655997;2.89341544499201;9.921236556975797;9.301926643280094;9.301926643280094;4.173704501152007;2.595756045728016;0.5957318116320013;7.059606283440022;-2.961800241103899;-2.880623126672065;
2.2382339459360607;-0.9613088033279156;-0.19663859867208372;-3.951287103655928;-2.559851098487781;-4.19652796996023;-2.974838126207844;-1.2309545782319722;-4.350979753032339;16.727962411735717;0.14974413398399336;1.8811433755120237;18.711217145472222;0.6403363482079963;-4.1257814475840835;15.533059932943932;15.533059932943932;-5.090394015231802;-0.24182722303196233;-5.090394015231802;15.533059932943932;-6.208430268808167;1.7280093543199813;8.031227474552036;3.5132317104160413;7.6374380652479354;23.254684658367907;17.208489545255805;7.697865665335912;-3.4279133490480316;10.065198063447841;-5.574481803672035;-6.941852155375894;-5.828104762007946;0.3001824938000028;-2.4561191463600482;-0.34523927720003317;-4.803913630464079;4.8969424250159825;9.098540750296065;-3.981937952527959;19.031181949416062;10.01296138648008;10.01296138648008;-6.349546710968025;-5.869257884952012;-6.434457889288008;17.574467232039925;-5.214342798864015;2.406698416648121;
4.288574126912015;-1.6837083395759938;1.8700639230760583;-0.9243187969018728;-3.5482616660459936;-0.132663395570089;-2.1134535160359524;-2.9086962581939497;-0.567282692293972;14.469802276762035;-1.4287465857718444;-1.1438286105460969;22.602199222523765;-5.811402654964008;-6.895246275427954;12.945711666547927;12.945711666547927;-6.23550479594412;-2.036554647294092;-6.23550479594412;12.945711666547927;-3.9955357714862414;-2.005605854059993;12.214152993134041;4.114413585571965;5.024031217216007;17.208489545255805;22.02524174910173;5.384109395461969;-4.6136399980658815;13.233913615366081;-6.104747740674113;-10.330025314891952;-8.704368145885962;-3.727905081650038;-3.165646304370041;-8.059824359900032;-8.987439069387994;5.781353215021969;10.122192312281978;-11.313242720976206;19.519933429821638;8.109705970159945;8.109705970159945;-8.962535933206079;-7.189931782434032;-13.30585104714628;11.50149882342978;-7.989306864688048;-0.2855194802340128;
6.425220059072052;5.909346762743988;6.917318690756026;5.244934042738045;7.703761011673969;4.340239661830018;6.54411367348392;6.926928260886;5.743991828785992;10.049724801921762;7.029303987268117;10.040008327174135;6.342136362843953;3.3730071055159723;3.7535725955319683;11.9877942371879;11.9877942371879;5.073520148135996;5.220027133786082;5.073520148135996;11.9877942371879;4.381317477033903;5.078155455140021;4.565509633254012;6.183613376531999;12.149161850095576;7.697865665335912;5.384109395461969;12.058752446621426;4.787239036054184;7.233957735245859;1.2887644920059833;1.6487838865479878;4.9633044806341085;6.743172971349909;5.52548954903008;4.67833686810013;5.078659228771888;3.5653445069819947;5.923118821041915;2.8404941693439936;9.528408505782018;9.15782665895989;9.15782665895989;4.250349915713999;2.474553103446056;0.6973680025739921;6.863853440829931;-2.715494630527902;-2.638190028354045;
1.6980559907040735;4.961037863608018;2.1362166458919902;1.2285729754660015;6.675784201618017;-0.15024288668998542;5.651595757788025;5.946880032302066;-0.10679131739806913;0.13196532815400686;6.2574032526759575;10.787488475117774;-3.565069710692141;12.764372395212034;13.060055576923643;1.777015624115996;1.777015624115996;5.108732560551998;5.355835757601977;5.108732560551998;1.777015624115996;0.3448502251379765;13.89638585497961;0.6650829656780013;9.153397763923827;5.0948408602720106;-3.4279133490480316;-4.6136399980658815;4.787239036054184;23.14672569527729;6.2245113088219695;20.300276522141978;16.888594495636;12.995809990338024;15.750923501949982;17.083288993709996;18.538883291699758;18.795709633604154;0.11355605457402544;4.537543113994057;18.593762439808383;1.5263098661740182;-0.14441109128002186;-0.14441109128002186;11.811949693898043;20.114662426222356;16.025765352917823;-2.620685893689947;4.284252763503929;-1.1434186163779245;
2.619990168096011;-1.7873683660078248;2.927971241507956;-0.059117072766040696;-0.540715644517907;-0.4543631588101066;1.5978802208119016;0.36026026459804456;-0.8251322807020821;11.012390208145879;-0.7206806804760538;4.0660898269819885;14.444922883292351;-0.3873174738119188;-0.6824403291240391;12.563525106083876;12.563525106083876;-2.843517946151669;-0.7868335857020411;-2.843517946151669;12.563525106083876;-2.5539906740381144;4.490839166020101;8.783268708422051;4.730969543875967;7.178379098127964;10.065198063447841;13.233913615366081;7.233957735245859;6.2245113088219695;15.856263082077989;1.6534737327579796;-2.052638001435974;0.26592718076200483;5.787028690550085;5.59916161079001;2.321684053299993;2.0852762301960106;6.561471570726043;7.980934600306013;-0.6326136922079734;15.219216299125833;8.166979855280138;8.166979855280138;-0.39165854079794743;3.301576674677909;-2.9127959308179565;8.211474538189943;-4.288092204703995;0.5438950572780665;
4.794399705855992;11.693589987512116;1.116046537988026;4.670263639274017;9.635499708402016;3.25413185259003;8.333044183531984;4.350328446477997;3.2852800231779993;-0.9810737710940263;12.226054708963913;8.722606409901985;-5.300324125187967;18.451909443468338;18.969025415436363;-3.227356840875899;-3.227356840875899;7.2963061607279815;11.852760688177968;7.2963061607279815;-3.227356840875899;3.0188194176819945;13.644566927220032;0.9895891577420266;10.0713542284358;0.9464088318080103;-5.574481803672035;-6.104747740674113;1.2887644920059833;20.300276522141978;1.6534737327579796;25.398760524237424;22.311379370404385;15.571543820481821;11.811432753549829;14.62767122819008;15.271543561299715;15.786596763955883;3.8579030262860226;4.300772380665947;20.065086669311963;-4.51018987131411;-0.25239448792003105;-0.25239448792003105;14.647575525321939;17.07308398135798;16.85991545410206;-8.31439137040997;1.6683032650560357;-5.547375780042026;
5.87930701484796;12.94566006609613;2.1084143429040543;6.055509433692043;10.92348568071609;4.601255163219986;12.341924099256017;5.240600788323903;4.628297016923971;-1.5355949732519898;13.274780868712389;12.35822878771599;-9.832018940503975;19.45108118674391;22.613162026488258;-3.78909524000804;-3.78909524000804;8.486474789823944;13.454041426923904;8.486474789823944;-3.78909524000804;4.291048954955974;16.155294832760053;-2.8570203595640606;6.662839590488076;1.2828528884640102;-6.941852155375894;-10.330025314891952;1.6487838865479878;16.888594495636;-2.052638001435974;22.311379370404385;25.47643859023255;19.492395817355924;14.388714970899617;14.655790348019945;15.575593085399946;18.557341304647995;6.473747610788011;0.11441675082795709;20.666959640495776;-9.465081560011969;-0.0395729633599769;-0.0395729633599769;18.634293256076035;13.980599827364006;17.401995391315797;-9.553430620780006;1.2984382284480602;-6.643536263835991;
6.1898884107839836;12.900770157768049;5.670790356732037;9.810631211286003;14.196246908477784;8.206267467010015;15.565701200547899;8.008806243842017;8.186716155141923;0.06802749973397823;12.808426455196143;14.70473517697764;-8.160089847531824;15.688267852452132;19.643673586404226;1.0988220954359982;1.0988220954359982;11.541351339592252;14.92248647014202;11.541351339592252;1.0988220954359982;7.7303373823980435;11.229522809579993;1.0366843687379639;8.850024233404017;4.945169663711924;-5.828104762007946;-8.704368145885962;4.9633044806341085;12.995809990338024;0.26592718076200483;15.571543820481821;19.492395817355924;21.16885201159799;12.400510748450058;13.81718481540997;12.147419300699918;15.84652672668383;7.956883689553993;3.506760732374003;16.94605224796844;-5.226387906845971;6.420536463120007;6.420536463120007;20.872046726357087;10.560922776162004;14.12673820077811;-5.627118139989885;-2.0890593404159494;-8.48428503843797;
0.8490810375999817;2.1288377302000425;1.4035944772999278;-0.8366357233501771;3.8271300804500132;-1.958826707249909;6.1181367446999495;4.2681857975499895;-1.8245747249501028;3.7030753838499835;3.9427357469000044;12.02608299795031;-2.7871937773000064;9.179083030299982;11.747179263099929;5.472606392900031;5.472606392900031;2.214119683799972;3.6706524600500168;2.214119683799972;5.472606392900031;-1.7361519615498984;15.41450569449979;-2.612214708049957;3.392776678099979;7.031690566799809;0.3001824938000028;-3.727905081650038;6.743172971349909;15.750923501949982;5.787028690550085;11.811432753549829;14.388714970899617;12.400510748450058;17.352024008750004;14.002585892749956;15.201117532499923;17.64912449010033;4.062175194350023;0.5470111698499865;13.74411140519993;1.7592313643501236;2.6697946179999508;2.6697946179999508;11.289075777450098;13.041130195550004;11.260416852949986;0.5333881977499585;2.9666822775999093;0.6989853105501289;
2.9862931132800172;5.508877475560039;3.172592181939998;2.5985694673700377;7.110268595010017;1.2777120079499653;8.596071205660019;5.817013559389803;1.3186130928899507;1.6054099435299964;6.623165330820033;12.80650425251012;-2.164801797940026;10.248346529339846;13.579115811179895;3.145904011620014;3.145904011620014;5.085875415639982;6.278098567890008;5.085875415639982;3.145904011620014;1.2062497214099448;12.316450586100308;1.404847211710013;8.336435716179947;5.684993731039983;-2.4561191463600482;-3.165646304370041;5.52548954903008;17.083288993709996;5.59916161079001;14.62767122819008;14.655790348019945;13.81718481540997;14.002585892749956;16.366706755950283;13.047450016499678;16.219614203780388;2.857554090429993;4.429645762329972;13.099789724560049;2.0368264124299738;1.6000135504000295;1.6000135504000295;12.939271899609954;14.139259703789604;10.545934773509925;-2.2035178070500128;2.3476270492800193;-2.0363617932100535;
1.2354809755999305;4.33308113119998;3.1878144237999924;0.9949411798999466;6.365492032699972;-0.353523213499783;5.013389838199995;5.782981505300058;-0.40870383969999025;-0.16207296689994044;5.391114871399934;10.402072447699886;-7.252201873799955;14.97871450179987;11.825116868600015;1.811619797400009;1.811619797400009;4.7645506928000225;4.561917100300053;4.7645506928000225;1.811619797400009;-0.015109629300131863;13.05181372700025;-3.1955621082999572;4.9636395285999955;6.164590880799922;-0.34523927720003317;-8.059824359900032;4.67833686810013;18.538883291699758;2.321684053299993;15.271543561299715;15.575593085399946;12.147419300699918;15.201117532499923;13.047450016499678;22.363758915000318;19.238934110600756;-0.6294044738999887;0.5721560991000106;21.07439434120009;-2.0203244538999887;-0.24655809199999373;-0.24655809199999373;10.980740544700021;15.861816263300025;18.192428587700405;0.4619051065000207;3.9311753556000095;-1.2192986966999433;
2.282345617472023;5.543114184543983;4.131607856455994;2.3209201325879865;7.6014706357240875;0.9320742965799833;8.862807565784177;6.5829938288359795;0.9015611042361017;-0.6342403534280138;6.458583549367911;13.911238598723848;-8.27079547285624;12.494692488216;15.28532247343191;1.318644933288035;1.318644933288035;5.855833882336003;6.076096334236071;5.855833882336003;1.318644933288035;1.1841484230840595;15.436027755639724;-3.5171069591959623;5.240385999431963;6.5397128612960564;-4.803913630464079;-8.987439069387994;5.078659228771888;18.795709633604154;2.0852762301960106;15.786596763955883;18.557341304647995;15.84652672668383;17.64912449010033;16.219614203780388;19.238934110600756;21.850431599671886;1.841341046132001;0.06610793969201083;18.10859965614414;-3.2593259550680225;-0.029582449039965916;-0.029582449039965916;14.721779252763694;16.028625643395895;15.450550559123721;-3.710703719419927;3.588091677872027;-2.260471013403998;
5.859572730432038;5.927735143464007;2.2934971900360175;4.518631889177991;3.7014331057939858;4.03406773723;8.051448885404042;-0.6631287604339987;3.7009125994660392;8.392312936282275;6.237465965108018;5.103629601293998;6.362669101563954;6.0540189135959555;8.661353751692063;6.218147654628067;6.218147654628067;0.6523489918160539;8.71049513446594;0.6523489918160539;6.218147654628067;1.3314349379540493;6.126472978340023;4.468300477773965;1.8470516426919712;2.934116508575986;4.8969424250159825;5.781353215021969;3.5653445069819947;0.11355605457402544;6.561471570726043;3.8579030262860226;6.473747610788011;7.956883689553993;4.062175194350023;2.857554090429993;-0.6294044738999887;1.841341046132001;13.504490644141828;2.9831657610019975;1.706184648063972;2.746350696941997;9.440140993759998;9.440140993759998;7.927623055034036;-2.5479701450740477;-1.1497000813059992;0.036068636229979356;-7.250685497168047;-5.279568810874007;
3.9722150529919666;6.191718546584074;4.113910561915993;5.234348447917977;7.531726577813982;4.378525753129994;5.492415408723925;4.310958956345982;4.129386263246012;8.135707259342013;5.779081960748018;5.880161968313913;11.338917717683971;3.249913360276029;2.6355817600519913;9.58144889186804;9.58144889186804;5.075419461096042;5.849357058245953;5.075419461096042;9.58144889186804;2.9573184127740024;-0.518589539460069;13.111374873193698;12.997261041052107;6.064826908655997;9.098540750296065;10.122192312281978;5.923118821041915;4.537543113994057;7.980934600306013;4.300772380665947;0.11441675082795709;3.506760732374003;0.5470111698499865;4.429645762329972;0.5721560991000106;0.06610793969201083;2.9831657610019975;14.639564201662187;1.7349812091840184;14.386997387802111;9.69273817455999;9.69273817455999;3.002202906253964;2.4656895605060094;-0.11131974228598024;7.973293022129943;-5.1500823826079865;-3.523487629294015;
2.9917845517439905;9.795446822687975;2.7549804393120105;5.652566857376003;11.09041294204795;4.097496540160018;9.375755671168008;6.775929341072018;4.047237971871994;-2.7214888550559864;10.243166937935742;10.597475688048076;-10.744224252112113;20.19176792683163;17.143798637664084;-1.6662684762240167;-1.6662684762240167;9.380611963071924;9.990502741872088;9.380611963071924;-1.6662684762240167;4.515134250768008;12.46023902727981;-1.8043544157918574;7.6611305196638195;2.89341544499201;-3.981937952527959;-11.313242720976206;2.8404941693439936;18.593762439808383;-0.6326136922079734;20.065086669311963;20.666959640495776;16.94605224796844;13.74411140519993;13.099789724560049;21.07439434120009;18.10859965614414;1.706184648063972;1.7349812091840184;25.305192105887876;-6.761288894336053;0.8313384459199973;0.8313384459199973;15.910621192127776;16.340375054191835;22.441443678847914;-3.2925016518400154;2.55569474254387;-4.833303069408011;
0.21114340923195812;-3.2941127989359016;1.267904642435881;-3.3885940256218743;-1.5933834546060324;-3.757314190769849;-2.3436550009957102;0.7417987039659835;-3.940090696134106;15.637990695081827;-2.079450357692139;3.4848664708940023;21.282697549163785;-5.252074280004007;-6.639647955507976;17.842342429828484;17.842342429828484;-3.65463678378422;-2.4395079811341183;-3.65463678378422;17.842342429828484;-5.227133358446077;0.12303843434000933;12.814648099373871;8.54269136549207;9.921236556975797;19.031181949416062;19.519933429821638;9.528408505782018;1.5263098661740182;15.219216299125833;-4.51018987131411;-9.465081560011969;-5.226387906845971;1.7592313643501236;2.0368264124299738;-2.0203244538999887;-3.2593259550680225;2.746350696941997;14.386997387802111;-6.761288894336053;25.4046127897421;11.529989957760163;11.529989957760163;-5.8474490493659745;-0.8179857466740091;-8.354476751705874;17.160569608229807;-4.55720419836802;3.4148642575260153;
