5000
33.78007152280766;33.35564906338012;34.492231052743755;33.38619468303595;33.22910064377572;31.261174994424326;31.93397430146809;26.322028092475982;28.824415079099822;25.734786819107853;28.22322888379589;19.328851556708017;25.821333398844168;18.559931243240047;18.147308674232054;16.690879334871884;16.17044818558395;14.375125487903986;15.236597258943961;22.620861017600138;14.252360176648036;15.790607546719908;14.623879794988026;14.55846555890805;14.679659556452025;15.101260940944016;14.287949383159988;14.351905694132007;8.022915029091989;13.94993516415203;12.573998565312003;-9.963662675059993;-16.577277856531932;-9.391868253116074;5.957272815140007;-11.802273315067898;14.086492306023958;12.963470751691943;-16.799666933896038;-16.289576475132048;-21.02153749297195;-12.765881929687946;7.484092134256019;-18.69766542032398;-26.49708343816791;-26.369708471199928;-21.46107796053195;-26.401393855375815;-25.424512790727842;-22.22431714702807;
33.35564906338012;33.45861700554973;34.297683905339916;32.827221384209786;33.12205536436005;31.646732340140083;32.412463039730646;26.332474147609762;28.36162333725003;25.827737422630168;28.48522365030997;19.11955270862999;24.99678333008994;18.638056023899967;17.880298486020166;17.09119339641995;16.20306733023987;13.790977920440067;14.834059499840036;22.14853137600002;13.861183840779976;14.952826219199945;13.89215254192996;14.249359218129959;14.27075600646999;13.874762844840005;13.218711620099954;14.293052161269959;8.282373651869937;13.81323919721997;11.900329617319988;-10.005350345349974;-16.395581075270027;-9.6484698630099;6.062388894150009;-11.521491465730053;14.362671786139924;12.958940390369987;-16.521335760060133;-15.733711448769922;-20.889163301169965;-12.433934160180051;6.674979687160009;-18.844270735389983;-26.63224044797981;-26.238427027000046;-20.671229590270077;-26.45035270536009;-25.422249184580068;-21.893283633829903;
34.492231052743755;34.297683905339916;35.89602352399194;34.193358094548245;34.59196508636774;32.65789828623175;33.411572655123805;27.646245370468154;29.399923211299967;27.09247609364405;29.48264160722796;20.616938430444;25.837745096292092;19.916831359319975;18.051091079976057;17.760526397496005;16.340268226112002;15.027615045872;16.313976410591977;22.510007626800068;15.312968517864007;16.23784599895999;15.018072136484063;15.318333595043947;15.766811325436027;15.373061146591999;14.23251926588003;15.62391726567603;7.862059928956044;14.57557858653599;12.475416316416016;-9.413689087580122;-15.959664748876015;-9.334729127988036;6.7986795110200156;-10.827435289923969;15.00000171503201;13.276140450755994;-16.62888314152806;-15.773806288676058;-21.424904435796186;-12.219668318584079;7.239665507007994;-18.64580127993211;-26.93837757322404;-26.410430191599964;-21.31300475087596;-26.69710184516805;-25.508474013303754;-22.02262260420411;
33.38619468303595;32.827221384209786;34.193358094548245;33.50144562046218;32.786719180792296;30.443044811107857;31.151899965006116;25.91999887994207;28.457821735949967;25.278443811385873;27.37521560188203;19.462188900585968;25.918507956997956;18.43567516658006;17.666496735644042;16.089894150523943;15.641269669328045;14.217663055767984;15.26977822244803;22.04078312919999;14.073016787316;16.13371602623998;15.23791747184597;14.859210565485967;14.537449986633895;15.931697101447991;15.188722502220031;14.044678985193988;7.096724640513975;14.009218906283957;12.534911834504003;-9.148269045769974;-15.964417995994044;-8.625146269822002;5.874202515130014;-10.936493656205975;13.797140368307934;12.819719807214026;-16.447450227332013;-16.191455909694103;-20.540062016974005;-12.564130237996032;7.897085316951979;-17.95837768265791;-25.727337725155863;-25.534588395399844;-21.45814371899391;-25.535149682991996;-24.482614749676255;-21.603806698025974;
33.22910064377572;33.12205536436005;34.59196508636774;32.786719180792296;33.83804506707175;32.112527923327555;32.79278952429622;26.714811928472216;27.870982100200084;26.384184732376013;28.701565007511928;20.36893890957607;24.83025603056796;19.88515446128006;17.378521111103943;17.960650505184017;15.87709575884793;14.618165839887988;15.898472592768034;21.765001767199966;15.180756458255994;15.697340647839987;14.423888301736056;14.877588167976043;15.456784339944033;14.814758736767992;13.077049009519985;15.573522778903984;7.690195938024061;14.212773039344004;12.121255694863965;-9.267594861319976;-15.418782841704036;-9.403182152552022;6.818550493080004;-10.496881213496001;15.120425908528018;13.112566395224018;-15.996626289711939;-15.108319720904028;-20.90699294338393;-11.80644255513591;6.684876547632008;-18.40869219312802;-26.43306720169598;-25.97658302640001;-20.37454671970401;-26.196694612272044;-24.99133174801592;-21.362461256616005;
31.261174994424326;31.646732340140083;32.65789828623175;30.443044811107857;32.112527923327555;31.51858112127196;32.105452520403894;25.297513189428052;26.248613457300145;25.270429143324105;28.039784083388128;19.226764936123963;22.99386518453205;19.140066679719915;16.617204086696017;18.186271938616034;15.560544704752079;13.91572144171204;15.011541454831974;20.892571532800094;14.538529945943983;14.296634900159956;12.754527580963986;13.641857622723979;14.883281033356067;12.707096550831986;10.936049949480001;15.225256886395984;8.0497985212761;13.616901366456004;11.198765609935998;-10.03224468517999;-15.680037093595953;-10.156116251348049;6.542947185420013;-11.136042211203959;15.159462996072048;12.830073379076063;-15.767131963687955;-14.447792319395976;-20.72679352291595;-11.34870090506397;5.414809084768001;-18.818294768972027;-26.421285980504084;-25.942579123600098;-19.12276127559601;-26.284134818127978;-25.13531361818401;-21.196697347084054;
31.93397430146809;32.412463039730646;33.411572655123805;31.151899965006116;32.79278952429622;32.105452520403894;33.12338085207771;25.773737598245866;26.925330552350072;25.787798145018016;29.017318013465747;19.724297094617967;23.485111281973975;19.83800325553994;17.06508197137196;18.712032924811933;15.850195107264005;14.235955980984029;15.522350157824018;21.464683329600064;14.86546458710807;14.785828321119967;13.29802007099795;14.258983548317987;15.283016039241998;12.980210784824006;11.465783588860031;15.78164204052206;8.187405329682047;14.311668079692005;11.677749096552052;-10.141843340009991;-16.281063290921907;-10.26477666668606;6.637050441689966;-11.500042207678032;15.652547934004028;13.20948939678206;-16.319630949315975;-15.103080379021995;-21.356353353661913;-11.744986655948042;5.656448164375988;-19.31465569555402;-27.066288599028013;-26.61676513020002;-19.466830529922;-26.885573272895993;-25.621315717787983;-21.476642351338043;
26.322028092475982;26.332474147609762;27.646245370468154;25.91999887994207;26.714811928472216;25.297513189428052;25.773737598245866;24.761889558621586;24.677102748949977;24.21051687982583;25.076455468162006;14.557178657026048;17.80133281591797;14.102433039780047;15.051994883403891;12.327367023484001;13.805958236448001;12.185134950487914;13.266766554367925;17.35740413719999;12.637384397955985;12.000225975839989;11.457254498686016;12.044539487925997;12.815924578993993;11.229236203367968;10.544235771020062;12.957472579954048;9.609256188074049;11.302254699643996;9.487790946664026;-5.726704321570027;-9.255774672754;-6.024329873702017;7.539601985330015;-5.5022832774460015;9.56849640462803;8.431519912774007;-10.220228666612;-9.28784727445404;-13.941836822934022;-7.7093103458359975;5.410028031031992;-12.282065277977953;-17.658201279396025;-17.02452044140003;-13.524725765753995;-17.465541718671943;-16.668458084715887;-14.417724642066014;
28.824415079099822;28.36162333725003;29.399923211299967;28.457821735949967;27.870982100200084;26.248613457300145;26.925330552350072;24.677102748949977;33.964855208750365;24.021494867850077;32.57103340544975;14.99663359784991;21.127404362549875;14.25194300049997;22.911296483900063;12.60206024190002;15.175767036799904;19.791249885800013;20.194032538800084;25.542216679999964;19.202576282100072;20.948832053999983;19.382939611349872;19.490866240349952;19.69938443665006;20.02560767380004;19.63651326950003;19.109154822649987;10.86239713965005;18.95497757790005;17.501783407399962;-4.572111578249993;-15.673785262649972;-3.9520292119500073;6.094962664249983;-11.923796722350014;10.038475337299973;9.966425537150004;-15.640928931699952;-15.459040905150065;-17.792955633149962;-7.309030675100014;12.128064366200052;-13.05152272604999;-22.02899156609992;-21.91636365499998;-19.336859977649976;-21.847034685199997;-20.110926573100006;-17.239473251849947;
25.734786819107853;25.827737422630168;27.09247609364405;25.278443811385873;26.384184732376013;25.270429143324105;25.787798145018016;24.21051687982583;24.021494867850077;23.946356724158225;25.019486885645826;14.741107621757964;17.458863970993992;14.40428962974004;14.83266391693201;12.908000841572047;13.70721082798404;12.365809287304012;13.470856827344017;17.260979727600066;12.910770191948034;12.042725238719978;11.360602105537987;11.987157326458034;13.168244039901944;11.023904734343988;10.104797826660006;13.378321715582029;9.556583471541973;11.536374678851956;9.574935833511965;-6.090792227309986;-9.675872597982035;-6.385948029465974;7.54654214539;-5.973650178617966;10.095556274923945;8.641538171641962;-10.448139751995981;-9.437343099081971;-14.331223510921966;-7.775659613987941;5.202240070856013;-12.766895627973947;-18.025636595467947;-17.54011464619987;-13.379753096982055;-17.910402058976057;-17.008162369028003;-14.638263734077976;
28.22322888379589;28.48522365030997;29.48264160722796;27.37521560188203;28.701565007511928;28.039784083388128;29.017318013465747;25.076455468162006;32.57103340544975;25.019486885645826;34.216044205501795;16.09869045684603;19.457257654178047;16.136410524380025;22.20746980368404;15.108673729364005;15.109477491807958;20.016006578647993;21.043511774128042;24.815922561199997;20.33216938287597;20.171896064640112;18.798288044706016;19.80528472074591;20.865135270573994;18.183918963127994;17.11585164241994;21.052481498733968;11.470805385254076;19.663585606724002;16.77076711514401;-4.80074145146998;-15.319138817533942;-4.946680128841982;7.019490158429993;-11.573548726666008;12.118328252588016;10.260305358953996;-15.321024185451964;-14.36605250823407;-18.548040600314007;-6.41409007235603;10.655486089271994;-13.766231230438045;-22.931985565115998;-22.641399339399985;-17.613267300534087;-22.881154971711958;-20.578997962836038;-16.783443284685994;
19.328851556708017;19.11955270862999;20.616938430444;19.462188900585968;20.36893890957607;19.226764936123963;19.724297094617967;14.557178657026048;14.99663359784991;14.741107621757964;16.09869045684603;30.022236759358226;14.406120687794006;29.579440167739772;11.470865107332001;26.70133783997211;10.884116682783993;25.179405696103824;25.780383014143872;11.487216037599987;25.54988287754795;15.551512802720005;14.240475379138028;14.388549404058022;25.30716757430195;15.013824921144003;12.859475738660016;26.466030435981907;-2.2905008560579914;14.387044223252026;12.083320699912033;-8.446023889309947;-14.62284338838201;-8.431874994665991;15.152716253389922;-9.344507438218004;22.311574437724076;16.52201759404195;-15.526357813195961;-13.97301152948201;-20.214617089322076;-11.081293257588014;7.169235574056011;-17.679089900774027;-25.23004841506799;-24.911022626199955;-19.700573257381834;-24.843487866175945;-23.913516070627885;-19.96451222567802;
25.821333398844168;24.99678333008994;25.837745096292092;25.918507956997956;24.83025603056796;22.99386518453205;23.485111281973975;17.80133281591797;21.127404362549875;17.458863970993992;19.457257654178047;14.406120687794006;28.819705397341995;13.469197644820033;13.685125026875959;11.933782582395974;11.867099258911994;9.900412337672;10.280311785392017;24.96433854680007;9.390457556963995;20.67789608295993;11.793299812334018;10.969332099893983;9.73720663758599;20.529447306392033;12.405903790380059;9.043035323826011;2.922956854105976;10.785684997436007;14.118941331816023;-12.32374463333;-18.96401071702597;-11.09721903643794;1.8407124327700013;-14.673285816773946;10.179934003332;13.217288258406064;-18.545927202227986;-18.710331104326126;-21.60162662944596;-15.036643510683925;6.163571587207988;-19.847771429482044;-26.64159784632398;-27.042548156599977;-22.981466874025987;-26.43196341436807;-25.843800253403845;-23.284708905554094;
18.559931243240047;18.638056023899967;19.916831359319975;18.43567516658006;19.88515446128006;19.140066679719915;19.83800325553994;14.102433039780047;14.25194300049997;14.40428962974004;16.136410524380025;29.579440167739772;13.469197644820033;29.604708582199898;11.147031127959961;27.034316857160256;10.764658469519993;24.726041739119896;25.31922039031988;11.081148668000047;25.247622388440046;14.766144331600005;13.428695211139988;13.947663208739986;24.94507820206008;13.846194620320002;11.685985969799987;26.463352762460097;-2.04421791874;14.17051525556;11.66593426536003;-8.70088633429994;-14.62665078445995;-8.812082008980012;15.086021196699999;-9.472511093540035;22.482236957720076;16.410519064259987;-15.365900909880027;-13.613533947460015;-20.112893822660045;-10.902728989640048;6.456282145680001;-17.851848734220024;-25.258718084039934;-24.880982045999936;-18.87986078446;-24.84017512927999;-23.94457763084001;-19.593435867339988;
18.147308674232054;17.880298486020166;18.051091079976057;17.666496735644042;17.378521111103943;16.617204086696017;17.06508197137196;15.051994883403891;22.911296483900063;14.83266391693201;22.20746980368404;11.470865107332001;13.685125026875959;11.147031127959961;18.376546163927973;10.564676686488014;11.09357668633598;16.503475705616005;16.456160539775944;18.489509560400023;15.902491849592009;17.28402162688001;15.704074995451998;15.645794741131967;16.11396725030798;16.307368977775916;15.607153487640034;15.941083431027993;6.882496350868;15.79001271360807;15.10533002324812;-3.61797468273999;-12.814984040628008;-2.5038496359640035;4.980615253059981;-10.302492645772015;8.397320483095982;9.201197696267998;-12.080754346583987;-11.747826990028003;-13.509773761387935;-5.601354921752008;10.016360913024021;-10.388191907795944;-17.132494115671992;-17.474155104799973;-14.574142096628009;-17.143054337503997;-15.795549565912031;-13.392302608612013;
16.690879334871884;17.09119339641995;17.760526397496005;16.089894150523943;17.960650505184017;18.186271938616034;18.712032924811933;12.327367023484001;12.60206024190002;12.908000841572047;15.108673729364005;26.70133783997211;11.933782582395974;27.034316857160256;10.564676686488014;26.321454520247883;10.63194803105604;22.77547549593606;23.06703481329606;10.558095918399998;23.162950097432162;12.910742384480002;11.413749230491995;12.205088839771978;23.143017060468015;11.235598661295983;9.277818010439987;24.40520452558805;-0.8837437577719893;13.089935179767984;10.679311782208005;-9.933081587540029;-15.199199257187972;-9.909923727243983;13.573111224259977;-10.929834707212011;21.673930193015956;15.708694095628008;-15.006761790264006;-13.155541134587995;-19.627859813148095;-10.823304612791981;5.176084395504005;-18.290004011715993;-25.014760265112045;-24.876955510800016;-17.56683404318797;-24.885076539584094;-24.019984920152037;-19.777094786852008;
16.17044818558395;16.20306733023987;16.340268226112002;15.641269669328045;15.87709575884793;15.560544704752079;15.850195107264005;13.805958236448001;15.175767036799904;13.70721082798404;15.109477491807958;10.884116682783993;11.867099258911994;10.764658469519993;11.09357668633598;10.63194803105604;10.704375266432066;10.026133189791965;9.924410653711998;12.082587354800015;9.66804376390405;9.605244404559993;8.223809628224;8.43300495838402;9.797971854896009;8.617329969711989;7.9506214476799855;9.933526001536034;5.216761245615977;8.872613724496006;8.48388056617594;-6.127479818880031;-9.302819056736025;-5.5433275311680354;5.18480925072002;-6.948550760063999;8.288739441552003;8.242039070415982;-8.733584326608058;-8.132887559536009;-11.258736179856044;-7.3215358638239945;4.183961149887999;-11.317903367951926;-14.891531038864056;-15.015869017600034;-11.032340478736037;-14.863971355647994;-14.801580417744026;-12.838801740144081;
14.375125487903986;13.790977920440067;15.027615045872;14.217663055767984;14.618165839887988;13.91572144171204;14.235955980984029;12.185134950487914;19.791249885800013;12.365809287304012;20.016006578647993;25.179405696103824;9.900412337672;24.726041739119896;16.503475705616005;22.77547549593606;10.026133189791965;31.25943170595205;30.93687786147206;14.81398787880005;30.832516129823915;20.71560903335993;18.890860482743886;19.029581929704023;30.819515857975766;19.76972618747211;18.024342584080017;31.303083011815826;0.9591955642959993;19.2664722805761;17.39296619865597;-4.0715625762800025;-14.719770023015965;-3.6935464108080245;14.909541401319975;-11.06312767778399;18.304062892512007;13.539830703096033;-14.943463932447987;-13.828716719815963;-17.47343361373601;-6.114784841344001;12.172234040128012;-12.61228584591199;-21.263769965583982;-21.403444565600058;-18.09186403501598;-21.117110010688023;-19.41998496686399;-15.965076676263974;
15.236597258943961;14.834059499840036;16.313976410591977;15.26977822244803;15.898472592768034;15.011541454831974;15.522350157824018;13.266766554367925;20.194032538800084;13.470856827344017;21.043511774128042;25.780383014143872;10.280311785392017;25.31922039031988;16.456160539775944;23.06703481329606;9.924410653711998;30.93687786147206;31.418810732191854;14.835372666799966;31.01914195006413;21.077725136959966;19.918900447184093;20.106944083743997;31.125814000736007;20.101216408191945;18.525577114879994;31.634851192976008;1.022382530255991;20.073509224335986;17.364811443215977;-3.308777404079998;-14.068665476175974;-3.345757917888009;15.09531003952002;-10.074440192623976;18.811638353631945;13.438857157055995;-14.655432230927973;-13.599320720975996;-17.579270694095946;-5.687260526784003;12.24790780540799;-12.26695853603199;-21.25069112342403;-21.21124919160002;-17.725192448175992;-21.103794861567994;-18.933185517504008;-15.495226655903995;
22.620861017600138;22.14853137600002;22.510007626800068;22.04078312919999;21.765001767199966;20.892571532800094;21.464683329600064;17.35740413719999;25.542216679999964;17.260979727600066;24.815922561199997;11.487216037599987;24.96433854680007;11.081148668000047;18.489509560400023;10.558095918399998;12.082587354800015;14.81398787880005;14.835372666799966;28.70927118000006;14.175658405599979;25.268057054000018;15.222283713599971;14.995006037600042;14.529650884399976;23.95440731679995;15.122848101999992;14.147495920399964;6.794855202399973;15.47052338440001;18.689787356399997;-9.185241431999994;-19.39862514040005;-8.065471475199978;2.4436287280000037;-16.124322859600056;8.120147812799981;11.693194452399998;-18.359867491200045;-18.360735540399975;-20.30847938839998;-11.0214536536;9.25900514320002;-16.869925332800058;-24.727861139599923;-25.265590220000064;-21.184600980399935;-24.71964889720001;-23.206290331599952;-20.260963741599937;
14.252360176648036;13.861183840779976;15.312968517864007;14.073016787316;15.180756458255994;14.538529945943983;14.86546458710807;12.637384397955985;19.202576282100072;12.910770191948034;20.33216938287597;25.54988287754795;9.390457556963995;25.247622388440046;15.902491849592009;23.162950097432162;9.66804376390405;30.832516129823915;31.01914195006413;14.175658405599979;31.085250673687884;20.414307132319934;18.85797592022797;19.316110705748;30.945643422411706;19.41237924206413;17.298853269959952;31.628820096491854;0.9110029722520009;19.33808252111195;16.880170809072087;-3.4494053188599856;-13.627923210892043;-3.571888185795999;15.27078260734004;-9.846939328708006;18.701309785543934;13.264456602852011;-14.164069105976056;-12.85964891749201;-17.161484688531967;-5.352371505928004;11.574709859135972;-12.134779208844032;-20.926957174807992;-20.814608327199903;-17.103988474892045;-20.755444387855942;-18.784226856168022;-15.177997871468023;
15.790607546719908;14.952826219199945;16.23784599895999;16.13371602623998;15.697340647839987;14.296634900159956;14.785828321119967;12.000225975839989;20.948832053999983;12.042725238719978;20.171896064640112;15.551512802720005;20.67789608295993;14.766144331600005;17.28402162688001;12.910742384480002;9.605244404559993;20.71560903335993;21.077725136959966;25.268057054000018;20.414307132319934;33.33542936480023;20.281851587920034;19.783152310720045;20.488239701679994;32.515389266959836;19.986286734400057;20.236061252880063;0.8410305192799937;19.914218569680116;23.451121884079967;-4.022632930400002;-15.99599970888008;-3.513529683440001;5.699725467600005;-12.370958695119954;10.533238514159985;14.164693763280008;-15.799623478640067;-15.976289712879957;-18.15893219847998;-7.2184216559200065;12.714140011039952;-13.27044648615999;-22.003372199119962;-22.401673897999952;-19.56686036887997;-21.743171141840033;-19.822409269520016;-16.98239723152002;
14.623879794988026;13.89215254192996;15.018072136484063;15.23791747184597;14.423888301736056;12.754527580963986;13.29802007099795;11.457254498686016;19.382939611349872;11.360602105537987;18.798288044706016;14.240475379138028;11.793299812334018;13.428695211139988;15.704074995451998;11.413749230491995;8.223809628224;18.890860482743886;19.918900447184093;15.222283713599971;18.85797592022797;20.281851587920034;25.818006658717938;24.948237190837972;19.242861385122;20.181226724183922;25.151432139259995;18.74130767560199;1.373507827162009;24.154410908572;16.744756015831978;-1.6016359214100084;-12.212178722001985;-1.3612910687259951;5.756771758290003;-8.980307010597972;14.097071128564007;8.722142608262027;-12.467947009556001;-12.881091804101985;-14.440547418341993;-4.881838116667996;16.630798643015957;-9.669112497113968;-17.620043890948033;-17.994140948200023;-15.769335371002002;-17.55618606433603;-15.450623096107993;-13.182216806657982;
14.55846555890805;14.249359218129959;15.318333595043947;14.859210565485967;14.877588167976043;13.641857622723979;14.258983548317987;12.044539487925997;19.490866240349952;11.987157326458034;19.80528472074591;14.388549404058022;10.969332099893983;13.947663208739986;15.645794741131967;12.205088839771978;8.43300495838402;19.029581929704023;20.106944083743997;14.995006037600042;19.316110705748;19.783152310720045;24.948237190837972;24.889963943757795;19.59905091860209;19.22956674074406;23.858286257659948;19.425634072281923;1.8374798342419916;24.07379938505189;16.226118800711998;-1.4811771108099898;-11.709661154681974;-1.6432165315659975;6.311986886889994;-8.509456191917963;14.553070294323971;8.744318999341978;-11.989013854596001;-11.96872183078203;-14.34571271662199;-4.155193531788007;15.75526125445614;-9.614739869874;-17.87437170126798;-17.842125206199995;-14.95889751368199;-17.697140574576004;-15.593386840828003;-12.826437728378012;
14.679659556452025;14.27075600646999;15.766811325436027;14.537449986633895;15.456784339944033;14.883281033356067;15.283016039241998;12.815924578993993;19.69938443665006;13.168244039901944;20.865135270573994;25.30716757430195;9.73720663758599;24.94507820206008;16.11396725030798;23.143017060468015;9.797971854896009;30.819515857975766;31.125814000736007;14.529650884399976;30.945643422411706;20.488239701679994;19.242861385122;19.59905091860209;31.186985690238;19.358683753736006;17.687287089539947;31.50986245215804;1.268825383398;19.65647675278808;16.981451824327937;-3.811326199390011;-14.137209007758;-3.8339084441540177;14.914412066909954;-10.441581927642007;18.819479253755944;13.15281147029805;-14.573504893724014;-13.316468993657967;-17.583281610617995;-5.533085333172001;11.81057300506402;-12.362831469205986;-21.292935815292;-21.281991357799964;-17.35902996875797;-21.265491725343978;-19.129273910932;-15.640018814381989;
15.101260940944016;13.874762844840005;15.373061146591999;15.931697101447991;14.814758736767992;12.707096550831986;12.980210784824006;11.229236203367968;20.02560767380004;11.023904734343988;18.183918963127994;15.013824921144003;20.529447306392033;13.846194620320002;16.307368977775916;11.235598661295983;8.617329969711989;19.76972618747211;20.101216408191945;23.95440731679995;19.41237924206413;32.515389266959836;20.181226724183922;19.22956674074406;19.358683753736006;33.03731858419229;20.443512664879957;18.778945425975884;-0.2053521067439986;18.56351962233601;22.622798651216076;-2.854867249080002;-14.340242089176014;-2.3481449668879923;5.377539204520006;-10.68392813962396;9.209976139632017;13.205643400056022;-14.63052608492799;-15.155561043976014;-16.45257091709605;-6.755126388784;12.919344019408022;-11.406872987031964;-19.91212916542403;-20.236795581600038;-19.073619161175994;-19.569163375568046;-17.809618679503995;-15.510255562904;
14.287949383159988;13.218711620099954;14.23251926588003;15.188722502220031;13.077049009519985;10.936049949480001;11.465783588860031;10.544235771020062;19.63651326950003;10.104797826660006;17.11585164241994;12.859475738660016;12.405903790380059;11.685985969799987;15.607153487640034;9.277818010439987;7.9506214476799855;18.024342584080017;18.525577114879994;15.122848101999992;17.298853269959952;19.986286734400057;25.151432139259995;23.858286257659948;17.687287089539947;20.443512664879957;26.274101798200114;16.77271288314;0.9003476923400024;22.914481126040013;16.722934894240044;-1.7062175537000075;-12.521981811139977;-0.8574393838199971;4.805354185299997;-9.274563810859979;12.252060321480016;8.229139059339984;-12.654433556919988;-13.530409228139938;-13.651413644939996;-5.620204650760017;17.031227459119883;-9.188513794979993;-16.750370500360006;-17.148266934000024;-16.52205409114002;-16.424268001519973;-14.925416091559986;-13.250272625059988;
14.351905694132007;14.293052161269959;15.62391726567603;14.044678985193988;15.573522778903984;15.225256886395984;15.78164204052206;12.957472579954048;19.109154822649987;13.378321715582029;21.052481498733968;26.466030435981907;9.043035323826011;26.463352762460097;15.941083431027993;24.40520452558805;9.933526001536034;31.303083011815826;31.634851192976008;14.147495920399964;31.628820096491854;20.236061252880063;18.74130767560199;19.425634072281923;31.50986245215804;18.778945425975884;16.77271288314;32.72975328687761;0.987114689717993;19.73793048670791;16.802356621848073;-3.7429166769899958;-14.027126276478036;-3.986825709514013;15.851019471309904;-9.995455144922023;19.690799822796087;13.756028942617982;-14.603071817883961;-12.939399758378071;-17.817386171737976;-5.514478605652005;11.195577894824018;-12.818611366246017;-21.71113289857196;-21.509056119799965;-17.042262897478082;-21.471630830304004;-19.42335545181194;-15.344079663261986;
8.022915029091989;8.282373651869937;7.862059928956044;7.096724640513975;7.690195938024061;8.0497985212761;8.187405329682047;9.609256188074049;10.86239713965005;9.556583471541973;11.470805385254076;-2.2905008560579914;2.922956854105976;-2.04421791874;6.882496350868;-0.8837437577719893;5.216761245615977;0.9591955642959993;1.022382530255991;6.794855202399973;0.9110029722520009;0.8410305192799937;1.373507827162009;1.8374798342419916;1.268825383398;-0.2053521067439986;0.9003476923400024;0.987114689717993;14.042910527758014;2.1156369169480036;2.120857081288005;-2.7784942791900105;-2.206691887317987;-2.5476446344339996;1.3404250631099979;-3.8025243160820037;-2.5169558203240245;-1.8220084473419986;-1.6786412314039985;-1.6588814312179994;-0.049136695378002845;-1.4994641562120017;0.6246688215439944;-0.13510317412599712;1.8207654032679985;1.4558822162000007;1.2300356416819853;1.3404100085760065;1.4563467828280017;0.4964881003780024;
13.94993516415203;13.81323919721997;14.57557858653599;14.009218906283957;14.212773039344004;13.616901366456004;14.311668079692005;11.302254699643996;18.95497757790005;11.536374678851956;19.663585606724002;14.387044223252026;10.785684997436007;14.17051525556;15.79001271360807;13.089935179767984;8.872613724496006;19.2664722805761;20.073509224335986;15.47052338440001;19.33808252111195;19.914218569680116;24.154410908572;24.07379938505189;19.65647675278808;18.56351962233601;22.914481126040013;19.73793048670791;2.1156369169480036;24.288894344088032;16.632393922127896;-2.783970937140005;-13.309686612307956;-2.646970035803992;6.201509196660013;-10.209981528091992;15.056071226855977;9.57534672634803;-12.989686783623958;-12.849184345708057;-15.401534198668001;-5.007289242871995;15.22444532646393;-11.226094393555988;-19.04303062199199;-19.278311802800065;-15.333845168308029;-18.92149177974403;-16.917561606631967;-13.928993261331971;
12.573998565312003;11.900329617319988;12.475416316416016;12.534911834504003;12.121255694863965;11.198765609935998;11.677749096552052;9.487790946664026;17.501783407399962;9.574935833511965;16.77076711514401;12.083320699912033;14.118941331816023;11.66593426536003;15.10533002324812;10.679311782208005;8.48388056617594;17.39296619865597;17.364811443215977;18.689787356399997;16.880170809072087;23.451121884079967;16.744756015831978;16.226118800711998;16.981451824327937;22.622798651216076;16.722934894240044;16.802356621848073;2.120857081288005;16.632393922127896;18.757627558368057;-3.3656866608399985;-13.190801325448028;-2.5270777556240067;4.830393201960008;-10.663744036951972;8.752643552336;10.639004757687978;-12.500565976543955;-12.785858185848017;-13.924111395608021;-5.751424651632004;10.817217571583974;-10.56180684253599;-17.188047580352052;-17.86346099679998;-15.099923801448002;-17.070149297263992;-15.740897166191958;-13.447186574392;
-9.963662675059993;-10.005350345349974;-9.413689087580122;-9.148269045769974;-9.267594861319976;-10.03224468517999;-10.141843340009991;-5.726704321570027;-4.572111578249993;-6.090792227309986;-4.80074145146998;-8.446023889309947;-12.32374463333;-8.70088633429994;-3.61797468273999;-9.933081587540029;-6.127479818880031;-4.0715625762800025;-3.308777404079998;-9.185241431999994;-3.4494053188599856;-4.022632930400002;-1.6016359214100084;-1.4811771108099898;-3.811326199390011;-2.854867249080002;-1.7062175537000075;-3.7429166769899958;-2.7784942791900105;-2.783970937140005;-3.3656866608399985;23.06363225795036;22.443786494990068;20.773858821370002;-2.992760043550001;21.01710343201005;-10.170738517179952;-8.994580503690006;20.311143802220087;19.28628346449;20.98263061328995;20.042027386659846;-1.6843413449199935;22.300943429429978;23.664220795260025;24.36844720900001;19.63888984998993;23.774253778320066;24.268093439459907;22.477414291710065;
-16.577277856531932;-16.395581075270027;-15.959664748876015;-15.964417995994044;-15.418782841704036;-15.680037093595953;-16.281063290921907;-9.255774672754;-15.673785262649972;-9.675872597982035;-15.319138817533942;-14.62284338838201;-18.96401071702597;-14.62665078445995;-12.814984040628008;-15.199199257187972;-9.302819056736025;-14.719770023015965;-14.068665476175974;-19.39862514040005;-13.627923210892043;-15.99599970888008;-12.212178722001985;-11.709661154681974;-14.137209007758;-14.340242089176014;-12.521981811139977;-14.027126276478036;-2.206691887317987;-13.309686612307956;-13.190801325448028;22.443786494990068;31.889681126077875;19.88920645431403;-3.817083283309998;27.898769675322004;-15.217197339995971;-13.99010820021807;29.23195918668405;28.673205387978083;29.64562085333806;21.313555512051988;-9.306445061624002;26.884201583446035;34.23026910897201;35.163067729800204;29.897740527078074;34.080939653104046;32.538472860211975;29.037774101662055;
-9.391868253116074;-9.6484698630099;-9.334729127988036;-8.625146269822002;-9.403182152552022;-10.156116251348049;-10.26477666668606;-6.024329873702017;-3.9520292119500073;-6.385948029465974;-4.946680128841982;-8.431874994665991;-11.09721903643794;-8.812082008980012;-2.5038496359640035;-9.909923727243983;-5.5433275311680354;-3.6935464108080245;-3.345757917888009;-8.065471475199978;-3.571888185795999;-3.513529683440001;-1.3612910687259951;-1.6432165315659975;-3.8339084441540177;-2.3481449668879923;-0.8574393838199971;-3.986825709514013;-2.5476446344339996;-2.646970035803992;-2.5270777556240067;20.773858821370002;19.88920645431403;19.70693749998202;-3.396365731530004;18.334666763886094;-10.058845424548005;-8.061257067134004;18.24512156029199;17.442049704014;19.359095409694003;17.965032126875965;-1.0753152535120079;20.330107926897973;21.96981345883613;22.17551435739997;17.580044577313934;21.911319480752006;22.09868513895595;20.25729218530605;
5.957272815140007;6.062388894150009;6.7986795110200156;5.874202515130014;6.818550493080004;6.542947185420013;6.637050441689966;7.539601985330015;6.094962664249983;7.54654214539;7.019490158429993;15.152716253389922;1.8407124327700013;15.086021196699999;4.980615253059981;13.573111224259977;5.18480925072002;14.909541401319975;15.09531003952002;2.4436287280000037;15.27078260734004;5.699725467600005;5.756771758290003;6.311986886889994;14.914412066909954;5.377539204520006;4.805354185299997;15.851019471309904;1.3404250631099979;6.201509196660013;4.830393201960008;-2.992760043550001;-3.817083283309998;-3.396365731530004;12.43446880994989;-1.9324227096899946;10.152480483419994;6.518653183610002;-4.675117585179997;-3.5865479388099972;-6.349817176009993;-3.8578517055400052;2.6104225914800057;-5.331285743669995;-7.800423208939987;-7.332740260999998;-5.9720202483100095;-7.596449846079995;-7.221338618739982;-5.814947148990003;
-11.802273315067898;-11.521491465730053;-10.827435289923969;-10.936493656205975;-10.496881213496001;-11.136042211203959;-11.500042207678032;-5.5022832774460015;-11.923796722350014;-5.973650178617966;-11.573548726666008;-9.344507438218004;-14.673285816773946;-9.472511093540035;-10.302492645772015;-10.929834707212011;-6.948550760063999;-11.06312767778399;-10.074440192623976;-16.124322859600056;-9.846939328708006;-12.370958695119954;-8.980307010597972;-8.509456191917963;-10.441581927642007;-10.68392813962396;-9.274563810859979;-9.995455144922023;-3.8025243160820037;-10.209981528091992;-10.663744036951972;21.01710343201005;27.898769675322004;18.334666763886094;-1.9324227096899946;26.62792818327804;-11.233709414803972;-10.561348563181998;24.832380502515953;24.663931443421998;24.294267296061932;18.660484875548008;-7.649536879575988;22.358731766353976;27.24082486462808;28.509310870200085;24.296597234321954;27.403515532096023;26.530490095387982;24.12120171893798;
14.086492306023958;14.362671786139924;15.00000171503201;13.797140368307934;15.120425908528018;15.159462996072048;15.652547934004028;9.56849640462803;10.038475337299973;10.095556274923945;12.118328252588016;22.311574437724076;10.179934003332;22.482236957720076;8.397320483095982;21.673930193015956;8.288739441552003;18.304062892512007;18.811638353631945;8.120147812799981;18.701309785543934;10.533238514159985;14.097071128564007;14.553070294323971;18.819479253755944;9.209976139632017;12.252060321480016;19.690799822796087;-2.5169558203240245;15.056071226855977;8.752643552336;-10.170738517179952;-15.217197339995971;-10.058845424548005;10.152480483419994;-11.233709414803972;22.150217810871947;12.974286187476014;-15.026458012887984;-13.59603575579605;-19.183282327316018;-11.096742552663988;7.322485575967998;-17.706830523771924;-24.105400124104065;-24.025348563599962;-17.533886041996034;-23.94828648332795;-23.06062718378407;-19.295915062684003;
12.963470751691943;12.958940390369987;13.276140450755994;12.819719807214026;13.112566395224018;12.830073379076063;13.20948939678206;8.431519912774007;9.966425537150004;8.641538171641962;10.260305358953996;16.52201759404195;13.217288258406064;16.410519064259987;9.201197696267998;15.708694095628008;8.242039070415982;13.539830703096033;13.438857157055995;11.693194452399998;13.264456602852011;14.164693763280008;8.722142608262027;8.744318999341978;13.15281147029805;13.205643400056022;8.229139059339984;13.756028942617982;-1.8220084473419986;9.57534672634803;10.639004757687978;-8.994580503690006;-13.99010820021807;-8.061257067134004;6.518653183610002;-10.561348563181998;12.974286187476014;14.156533492558149;-13.394171417604003;-12.415928319118025;-16.45496507127807;-10.584813194812016;4.295353274743997;-15.718802359426036;-20.86212183133192;-20.981482403799998;-16.252139191218003;-20.585663628623973;-20.26192866377203;-17.360919333722006;
-16.799666933896038;-16.521335760060133;-16.62888314152806;-16.447450227332013;-15.996626289711939;-15.767131963687955;-16.319630949315975;-10.220228666612;-15.640928931699952;-10.448139751995981;-15.321024185451964;-15.526357813195961;-18.545927202227986;-15.365900909880027;-12.080754346583987;-15.006761790264006;-8.733584326608058;-14.943463932447987;-14.655432230927973;-18.359867491200045;-14.164069105976056;-15.799623478640067;-12.467947009556001;-11.989013854596001;-14.573504893724014;-14.63052608492799;-12.654433556919988;-14.603071817883961;-1.6786412314039985;-12.989686783623958;-12.500565976543955;20.311143802220087;29.23195918668405;18.24512156029199;-4.675117585179997;24.832380502515953;-15.026458012887984;-13.394171417604003;28.23329604415212;26.833044684883966;28.321718534964027;19.72451471845597;-9.192778507471992;24.772362186987962;32.20494624221605;32.7123400544;28.590400724684002;31.894898288911943;30.249604686936042;26.81982008503605;
-16.289576475132048;-15.733711448769922;-15.773806288676058;-16.191455909694103;-15.108319720904028;-14.447792319395976;-15.103080379021995;-9.28784727445404;-15.459040905150065;-9.437343099081971;-14.36605250823407;-13.97301152948201;-18.710331104326126;-13.613533947460015;-11.747826990028003;-13.155541134587995;-8.132887559536009;-13.828716719815963;-13.599320720975996;-18.360735540399975;-12.85964891749201;-15.976289712879957;-12.881091804101985;-11.96872183078203;-13.316468993657967;-15.155561043976014;-13.530409228139938;-12.939399758378071;-1.6588814312179994;-12.849184345708057;-12.785858185848017;19.28628346449;28.673205387978083;17.442049704014;-3.5865479388099972;24.663931443421998;-13.59603575579605;-12.415928319118025;26.833044684883966;27.354578744878086;26.90490613823805;19.47295974665208;-9.788479566823993;23.535085991745937;30.465560219572055;31.279916579799877;28.06255792897797;30.168623402304057;28.51741436281192;25.86754903676202;
-21.02153749297195;-20.889163301169965;-21.424904435796186;-20.540062016974005;-20.90699294338393;-20.72679352291595;-21.356353353661913;-13.941836822934022;-17.792955633149962;-14.331223510921966;-18.548040600314007;-20.214617089322076;-21.60162662944596;-20.112893822660045;-13.509773761387935;-19.627859813148095;-11.258736179856044;-17.47343361373601;-17.579270694095946;-20.30847938839998;-17.161484688531967;-18.15893219847998;-14.440547418341993;-14.34571271662199;-17.583281610617995;-16.45257091709605;-13.651413644939996;-17.817386171737976;-0.049136695378002845;-15.401534198668001;-13.924111395608021;20.98263061328995;29.64562085333806;19.359095409694003;-6.349817176009993;24.294267296061932;-19.183282327316018;-16.45496507127807;28.321718534964027;26.90490613823805;32.30479113479803;20.95269602689189;-9.299858009703991;29.30918397726603;38.034677600211964;38.33882955579997;30.732299274337983;37.829365732783984;36.30236616225195;31.432765640202;
-12.765881929687946;-12.433934160180051;-12.219668318584079;-12.564130237996032;-11.80644255513591;-11.34870090506397;-11.744986655948042;-7.7093103458359975;-7.309030675100014;-7.775659613987941;-6.41409007235603;-11.081293257588014;-15.036643510683925;-10.902728989640048;-5.601354921752008;-10.823304612791981;-7.3215358638239945;-6.114784841344001;-5.687260526784003;-11.0214536536;-5.352371505928004;-7.2184216559200065;-4.881838116667996;-4.155193531788007;-5.533085333172001;-6.755126388784;-5.620204650760017;-5.514478605652005;-1.4994641562120017;-5.007289242871995;-5.751424651632004;20.042027386659846;21.313555512051988;17.965032126875965;-3.8578517055400052;18.660484875548008;-11.096742552663988;-10.584813194812016;19.72451471845597;19.47295974665208;20.95269602689189;21.041786173368095;-2.431988918416007;21.786931694964114;23.84121212464804;24.480284563200033;20.769839426052098;23.627101102736017;24.009921148808132;22.48133466310804;
