5000
0.0;0.0;0.0;0.0;0.0;0.0;0.0;0.0;0.0;0.0;0.0;0.0;0.0;0.0;0.0;0.0;0.0;0.0;0.0;0.0;0.0;0.0;0.0;0.0;0.0;0.0;0.0;0.0;0.0;0.0;0.0;0.0;0.0;0.0;0.0;0.0;0.0;0.0;0.0;0.0;0.0;0.0;0.0;0.0;0.0;0.0;0.0;0.0;0.0;0.0;0.0;0.0;0.0;0.0;0.0;
0.0;368609.27180001367;164097.68379999773;140424.85940000022;62344.89980000021;71065.15760000024;37417.250000000306;-6128.527400000032;-1655.627800000061;0.0;0.0;46386.44720000067;-964.5000000001107;-43421.89000000034;-144050.64419999754;-5423.331400002158;24513.879999999033;88619.039999999;52920.390000000596;4087.099999999951;0.0;0.0;0.0;0.0;22934.10279999864;-13775.206400000276;-72671.08320000034;-39937.23080000066;-14232.219799999995;4863.23000000005;0.0;0.0;0.0;169911.55999999796;-5356.894199999768;-16437.808400000235;-52175.42000000192;4774.860000000055;2113.560000000101;2243.880000000006;1921.940000000007;617.4200000000552;0.0;0.0;24659.320000000356;116550.22099999966;246313.37719999463;58842.668399999355;-199651.35079999597;-221133.0955999951;-72140.37500000144;2151.7523999999553;140.11020000000516;0.0;0.0;
0.0;164097.68379999773;697414.1757999888;307883.05540000583;195759.8317999973;-112159.25839999996;-175989.75000000637;-105918.84340000032;-25078.07979999971;0.0;0.0;-12666.504799999953;-21694.499999997355;-41914.489999999234;-770418.6721999813;-336697.00740000536;48933.0799999965;134842.6400000045;30052.9900000024;5901.0999999997675;0.0;0.0;0.0;0.0;116692.05479999995;-64899.38239999985;-68638.37119999992;-31145.702799999865;-5978.95179999998;2261.430000000045;0.0;0.0;0.0;-1392958.0400000033;-92076.9221999992;-26744.6644000001;-119818.21999999891;-22472.739999999707;-4776.040000000026;-1236.9200000000308;-418.4600000000344;340.22000000001174;0.0;0.0;33628.120000000075;-3778.638999998816;-64282.37480000186;5345.924399998116;138025.37719999903;260264.4003999993;176438.125;19842.56840000005;1235.5782000000252;0.0;0.0;
0.0;140424.85940000022;307883.05540000583;1073421.230199973;361969.9834000019;-60610.319199999416;-343527.25000000733;-211439.67419999742;-44134.407400000724;0.0;0.0;-50551.6824000001;-12853.499999998136;-84931.86999999879;-104621.16859999954;-311167.40619999694;328032.03999998723;405320.3200000007;44307.36999999701;3379.3000000000693;0.0;0.0;0.0;0.0;-130466.66759999609;-59863.5312000011;-140479.10560000097;-29634.956400000137;-5260.543400000067;-2446.910000000032;0.0;0.0;0.0;850319.4800000073;-60362.9186000018;-46289.4972000014;-51029.86000000136;-37676.619999998824;-8814.519999999866;-2777.959999999901;-788.9799999999994;-484.14000000000044;0.0;0.0;-20856.440000000115;114721.84300000174;153521.5076000107;-175476.12279999786;-272440.916400001;-136265.53480000302;-47613.62500000222;-12746.150800000134;822.8465999999953;0.0;0.0;
0.0;62344.89980000021;195759.8317999973;361969.9834000019;843583.4077999908;84112.8536000006;-215018.74999999854;-184421.93140000117;-39298.0158000002;0.0;0.0;-43987.440799999655;-28134.500000000713;-22721.289999999895;-339036.37619999173;277514.4246000097;-352991.32000000245;71307.44000000204;12429.789999999906;-1346.9000000001024;0.0;0.0;0.0;0.0;-176192.0092000011;-76175.95039999973;2110.2447999999163;-51381.99880000056;-2332.9277999999695;-4940.970000000059;0.0;0.0;0.0;-310850.84000000457;-116817.62619999799;-38948.472400001076;-89408.6199999986;-5469.539999999939;-16028.83999999997;-3411.3200000000284;-1105.6600000000233;-329.38000000001307;0.0;0.0;-43213.479999999945;-65714.11900000069;-49719.71080000228;-49240.067600000024;-31873.318799999877;-31818.271599999654;-19593.875000003165;-8306.343599999995;0.20219999999507332;0.0;0.0;
0.0;71065.15760000024;-112159.25839999996;-60610.319199999416;84112.8536000006;1041149.7631999976;352693.0000000044;84912.34320000069;6045.250399999972;0.0;0.0;-50862.849600000845;-53664.00000000326;-3533.479999999665;512623.6455999994;-448388.1847999912;-196819.84000000017;-466102.71999998915;21335.480000000713;-4442.799999999715;0.0;0.0;0.0;0.0;-129556.5504000006;6267.315200000028;-54738.70240000049;-35658.14559999904;-53231.09360000142;-9745.64000000011;0.0;0.0;0.0;-823098.0800000029;-142882.35439999794;-32127.348800000393;-52887.43999999902;-10662.480000000012;-13134.079999999934;-22559.84000000029;-4479.919999999958;531.4400000000393;0.0;0.0;-6697.75999999998;21490.77199999938;182472.91039999865;319709.8688000006;12695.014400000711;-219189.37920000148;-96738.49999999884;9244.356800000012;-616.533599999994;0.0;0.0;
0.0;37417.250000000306;-175989.75000000637;-343527.25000000733;-215018.74999999854;352693.0000000044;1181223.5;420963.24999998556;64879.749999999774;0.0;0.0;-64207.00000000078;-44925.0;-41337.50000000056;372896.2499999914;227827.25000000116;-528700.0000000086;-282899.99999999744;-54737.4999999992;-1874.9999999999866;0.0;0.0;0.0;0.0;-36609.500000000786;-15870.000000000182;7966.000000000524;-67405.50000000051;-60164.2500000004;-12337.499999999642;0.0;0.0;0.0;-529850.0000000002;-71225.24999999878;-23225.49999999989;5975.000000000243;-16974.99999999994;-16650.0000000001;-16849.999999999814;-13125.000000000058;-874.9999999999992;0.0;0.0;41249.999999999905;61447.749999999185;179128.4999999964;213250.50000000425;30216.500000000025;-107491.49999999987;-35830.25;17612.500000000022;-570.749999999991;0.0;0.0;
0.0;-6128.527400000032;-105918.84340000032;-211439.67419999742;-184421.93140000117;84912.34320000069;420963.24999998556;524419.7982000137;90742.6354000041;0.0;0.0;-45274.589599999264;-17176.50000000102;-19676.729999998955;92488.66059999645;14633.570199997077;5559.160000000742;-100620.71999999757;-23608.769999998804;-1325.2999999998772;0.0;0.0;0.0;0.0;-21346.06040000013;-20051.80480000004;-12452.262400000942;-31772.035600000672;-23119.30859999957;-5492.889999999934;0.0;0.0;0.0;-127325.07999999895;-14129.58940000044;4049.681199999869;14439.060000000758;-14886.9799999996;-10211.080000000373;-8830.839999999875;-915.4199999999552;-845.0600000000659;0.0;0.0;27633.239999999794;27726.696999998465;67352.4204000006;34681.33880000029;9760.124400000437;-26640.60920000005;-13237.875000000151;13773.526799999967;257.50139999999743;0.0;0.0;
0.0;-1655.627800000061;-25078.07979999971;-44134.407400000724;-39298.0158000002;6045.250399999972;64879.749999999774;90742.6354000041;64521.50379999532;0.0;0.0;-6527.07119999956;-2845.4999999996458;-724.3099999998882;18257.00819999787;-2498.880599999772;8536.51999999924;7524.159999998786;-2594.1899999998536;-569.0999999999511;0.0;0.0;0.0;0.0;-5727.478799999713;-4296.505600000115;-5032.172799999723;-4944.633199999565;-3474.264199999803;-739.8300000000063;0.0;0.0;0.0;17193.24000000246;-1250.7417999998604;6790.936399999935;8731.819999999416;-3756.0599999999213;-1048.7599999999054;406.52000000005825;203.26000000005362;-113.82000000001678;0.0;0.0;6146.280000000223;6233.958999999784;12219.398800000548;-1607.9963999994388;-4215.113199999952;-5766.352400000274;-631.1250000001623;2876.6396000000113;-92.19419999999727;0.0;0.0;
0.0;0.0;0.0;0.0;0.0;0.0;0.0;0.0;0.0;0.0;0.0;0.0;0.0;0.0;0.0;0.0;0.0;0.0;0.0;0.0;0.0;0.0;0.0;0.0;0.0;0.0;0.0;0.0;0.0;0.0;0.0;0.0;0.0;0.0;0.0;0.0;0.0;0.0;0.0;0.0;0.0;0.0;0.0;0.0;0.0;0.0;0.0;0.0;0.0;0.0;0.0;0.0;0.0;0.0;0.0;
0.0;0.0;0.0;0.0;0.0;0.0;0.0;0.0;0.0;0.0;0.0;0.0;0.0;0.0;0.0;0.0;0.0;0.0;0.0;0.0;0.0;0.0;0.0;0.0;0.0;0.0;0.0;0.0;0.0;0.0;0.0;0.0;0.0;0.0;0.0;0.0;0.0;0.0;0.0;0.0;0.0;0.0;0.0;0.0;0.0;0.0;0.0;0.0;0.0;0.0;0.0;0.0;0.0;0.0;0.0;
0.0;46386.44720000067;-12666.504799999953;-50551.6824000001;-43987.440799999655;-50862.849600000845;-64207.00000000078;-45274.589599999264;-6527.07119999956;0.0;0.0;353973.22879999096;-3657.9999999998827;22184.439999999722;138250.58320000002;-53715.60560000145;-38368.48000000475;7584.159999999223;9709.55999999986;-731.6000000000989;0.0;0.0;0.0;0.0;-60321.02879999941;190512.89440001297;21357.02719999577;48015.916799998115;46748.16079999425;19048.91999999951;0.0;0.0;0.0;450958.23999997193;-19605.416799998857;54589.086399998465;70514.31999999887;45171.43999999621;22366.2400000018;27951.51999999897;8975.75999999925;-146.31999999997763;0.0;0.0;-32098.720000000336;24942.08399999853;66354.94879999798;81582.35360000496;-55013.563199999466;-79705.50239999952;-38073.499999999935;-3836.5103999999137;-118.51920000000369;0.0;0.0;
0.0;-964.5000000001107;-21694.499999997355;-12853.499999998136;-28134.500000000713;-53664.00000000326;-44925.0;-17176.50000000102;-2845.4999999996458;0.0;0.0;-3657.9999999998827;123750.0;-3525.00000000012;-26074.500000001623;-11316.500000002983;-10700.000000001797;-5599.999999998233;-2724.9999999997794;-249.9999999999825;0.0;0.0;0.0;0.0;-21467.000000000404;1495.9999999996849;37948.000000002234;38887.00000000302;28034.500000002176;4674.999999999236;0.0;0.0;0.0;154099.99999999144;-6699.500000000232;-1849.000000000075;-4950.000000000608;-1650.0000000001255;-900.0000000000697;-700.0000000000342;-350.0000000000258;-50.00000000000821;0.0;0.0;2700.0000000000705;-9477.500000002246;-5432.99999999982;-47450.99999999607;-14362.999999998947;-14840.999999999869;-10237.5;-1310.999999999974;-40.500000000001805;0.0;0.0;
0.0;-43421.89000000034;-41914.489999999234;-84931.86999999879;-22721.289999999895;-3533.479999999665;-41337.50000000056;-19676.729999998955;-724.3099999998882;0.0;0.0;22184.439999999722;-3525.00000000012;517559.5000000315;-60380.08999998919;-98812.53000000448;-90473.99999998907;-47192.00000000316;-9734.499999998856;-705.0000000000729;0.0;0.0;0.0;0.0;-58036.94000000152;12618.719999999666;29663.360000001125;57311.339999995755;29457.290000003348;6583.49999999957;0.0;0.0;0.0;434562.00000002276;-18892.590000001437;54785.820000001164;-13958.99999999867;-4653.000000000439;-2538.0000000001605;-1973.9999999999322;-986.9999999999859;-141.00000000000784;0.0;0.0;7613.999999999988;2800.4499999991767;21032.940000004175;57261.17999999895;46037.34000000434;51733.380000004545;25656.250000002645;-3697.020000000096;-114.21000000000612;0.0;0.0;
0.0;-144050.64419999754;-770418.6721999813;-104621.16859999954;-339036.37619999173;512623.6455999994;372896.2499999914;92488.66059999645;18257.00819999787;0.0;0.0;138250.58320000002;-26074.500000001623;-60380.08999998919;6808955.359799785;-1354581.663399869;-1414881.7199997876;-672405.7599999396;-92141.41000000152;-8714.899999998263;0.0;0.0;0.0;0.0;-640831.0331999966;123296.96159998895;-55413.899199997846;-67358.73480000267;-18516.543800000625;-3829.3700000000604;0.0;0.0;0.0;5371864.360000095;-3541.8902000012204;65544.59960000108;282444.9800000194;117481.66000000596;98626.36000000603;55598.279999997205;17799.139999999537;-1742.979999999992;0.0;0.0;-255879.07999999702;75638.2009999957;423547.9132000141;58012.06040000031;-681437.4548000111;-837341.0236000053;-401225.87499999505;-28700.935600000787;-1411.8137999999988;0.0;0.0;
0.0;-5423.331400002158;-336697.00740000536;-311167.40619999694;277514.4246000097;-448388.1847999912;227827.25000000116;14633.570199997077;-2498.880599999772;0.0;0.0;-53715.60560000145;-11316.500000002983;-98812.53000000448;-1354581.663399869;8583850.46219955;-1299197.239999851;-975861.9200001436;-190402.9700000046;-1263.299999999601;0.0;0.0;0.0;0.0;-649657.0444000484;-111777.41280000587;-118993.16639999;-84188.21160000216;-66052.06459999536;-7142.289999998555;0.0;0.0;0.0;6942698.120000328;518066.0865999291;26496.633199993594;366986.65999993245;95662.21999999078;39452.120000003335;38462.759999997994;34231.38000000559;7747.339999999355;0.0;0.0;31643.6400000047;618433.3170000215;909026.0043999992;408940.58679999865;-839210.4515999539;-869389.4411999473;-437452.37499997596;-55464.74520000354;-1824.6545999999937;0.0;0.0;
0.0;24513.879999999033;48933.0799999965;328032.03999998723;-352991.32000000245;-196819.84000000017;-528700.0000000086;5559.160000000742;8536.51999999924;0.0;0.0;-38368.48000000475;-10700.000000001797;-90473.99999998907;-1414881.7199997876;-1299197.239999851;7968608.000000655;-443335.999999917;-181926.00000003015;-139.99999999970373;0.0;0.0;0.0;0.0;-588201.5199999968;-112122.2399999892;-162129.11999999007;-41543.27999999892;-44720.680000004344;-8182.000000000669;0.0;0.0;0.0;6250295.999999927;761468.2799999639;191404.56000000905;299227.9999999974;38075.99999999913;38495.999999998305;11608.000000000135;15804.00000000059;7972.000000000196;0.0;0.0;69511.99999999827;668158.6000000316;752719.5200000671;-69178.55999999699;-1011635.2799999318;-758120.9599999804;-361924.9999999868;-48374.160000000826;-1642.680000000015;0.0;0.0;
0.0;88619.039999999;134842.6400000045;405320.3200000007;71307.44000000204;-466102.71999998915;-282899.99999999744;-100620.71999999757;7524.159999998786;0.0;0.0;7584.159999999223;-5599.999999998233;-47192.00000000316;-672405.7599999396;-975861.9200001436;-443335.999999917;4515712.000000095;-17008.000000005566;-5119.999999999544;0.0;0.0;0.0;0.0;-347144.15999999305;-51761.92000000293;-93224.95999999715;-66494.24000000302;34746.56000000308;-1655.9999999997503;0.0;0.0;0.0;3155968.0000000065;419394.23999998387;75332.48000000003;188624.0000000034;36207.99999999532;11568.000000001057;45664.00000000094;2832.0000000005434;-1024.0000000000878;0.0;0.0;35295.99999999932;335178.79999999824;397488.15999999165;-105174.48000000455;-555480.2400000163;-424753.6799999945;-199049.99999999776;-18349.280000000017;370.5599999999868;0.0;0.0;
0.0;52920.390000000596;30052.9900000024;44307.36999999701;12429.789999999906;21335.480000000713;-54737.4999999992;-23608.769999998804;-2594.1899999998536;0.0;0.0;9709.55999999986;-2724.9999999997794;-9734.499999998856;-92141.41000000152;-190402.9700000046;-181926.00000003015;-17008.000000005566;995659.4999998969;-1044.9999999999334;0.0;0.0;0.0;0.0;-89732.05999999968;-9646.71999999963;-19027.359999999953;-15102.339999999118;-8215.790000000343;21141.50000000119;0.0;0.0;0.0;644138.000000005;51996.09000000371;12271.180000000659;29309.00000000329;73103.00000000629;16237.999999998465;-2926.000000000063;8537.000000000757;-209.00000000000128;0.0;0.0;11285.999999999935;97507.05000000447;119436.05999999693;3281.820000003216;-131128.33999999549;-98720.37999999998;-40068.75000000088;1820.0200000000768;1030.7100000000146;0.0;0.0;
0.0;4087.099999999951;5901.0999999997675;3379.3000000000693;-1346.9000000001024;-4442.799999999715;-1874.9999999999866;-1325.2999999998772;-569.0999999999511;0.0;0.0;-731.6000000000989;-249.9999999999825;-705.0000000000729;-8714.899999998263;-1263.299999999601;-139.99999999970373;-5119.999999999544;-1044.9999999999334;49950.00000000096;0.0;0.0;0.0;0.0;-4293.4000000001015;-700.799999999931;-910.3999999999;-722.5999999998908;-393.0999999999963;-64.99999999998894;0.0;0.0;0.0;30819.999999998676;-1339.8999999999096;-369.80000000000206;9010.00000000058;9670.00000000289;-179.99999999999412;-140.00000000001617;-70.00000000000402;-9.999999999997305;0.0;0.0;540.000000000016;7274.4999999998445;7353.399999999759;6239.800000000075;-5662.6000000002505;-1918.1999999999364;2312.5000000000105;3437.7999999998865;1191.9000000000053;0.0;0.0;
0.0;0.0;0.0;0.0;0.0;0.0;0.0;0.0;0.0;0.0;0.0;0.0;0.0;0.0;0.0;0.0;0.0;0.0;0.0;0.0;0.0;0.0;0.0;0.0;0.0;0.0;0.0;0.0;0.0;0.0;0.0;0.0;0.0;0.0;0.0;0.0;0.0;0.0;0.0;0.0;0.0;0.0;0.0;0.0;0.0;0.0;0.0;0.0;0.0;0.0;0.0;0.0;0.0;0.0;0.0;
0.0;0.0;0.0;0.0;0.0;0.0;0.0;0.0;0.0;0.0;0.0;0.0;0.0;0.0;0.0;0.0;0.0;0.0;0.0;0.0;0.0;0.0;0.0;0.0;0.0;0.0;0.0;0.0;0.0;0.0;0.0;0.0;0.0;0.0;0.0;0.0;0.0;0.0;0.0;0.0;0.0;0.0;0.0;0.0;0.0;0.0;0.0;0.0;0.0;0.0;0.0;0.0;0.0;0.0;0.0;
0.0;0.0;0.0;0.0;0.0;0.0;0.0;0.0;0.0;0.0;0.0;0.0;0.0;0.0;0.0;0.0;0.0;0.0;0.0;0.0;0.0;0.0;0.0;0.0;0.0;0.0;0.0;0.0;0.0;0.0;0.0;0.0;0.0;0.0;0.0;0.0;0.0;0.0;0.0;0.0;0.0;0.0;0.0;0.0;0.0;0.0;0.0;0.0;0.0;0.0;0.0;0.0;0.0;0.0;0.0;
0.0;0.0;0.0;0.0;0.0;0.0;0.0;0.0;0.0;0.0;0.0;0.0;0.0;0.0;0.0;0.0;0.0;0.0;0.0;0.0;0.0;0.0;0.0;0.0;0.0;0.0;0.0;0.0;0.0;0.0;0.0;0.0;0.0;0.0;0.0;0.0;0.0;0.0;0.0;0.0;0.0;0.0;0.0;0.0;0.0;0.0;0.0;0.0;0.0;0.0;0.0;0.0;0.0;0.0;0.0;
0.0;22934.10279999864;116692.05479999995;-130466.66759999609;-176192.0092000011;-129556.5504000006;-36609.500000000786;-21346.06040000013;-5727.478799999713;0.0;0.0;-60321.02879999941;-21467.000000000404;-58036.94000000152;-640831.0331999966;-649657.0444000484;-588201.5199999968;-347144.15999999305;-89732.05999999968;-4293.4000000001015;0.0;0.0;0.0;0.0;1757640.328800007;-35129.29439999945;-35703.22720000194;-39179.21679999955;-26131.710799999397;-5581.420000000045;0.0;0.0;0.0;-4330348.2400000105;-115054.53320000146;-31753.986400000493;-85009.31999999948;-28336.439999999024;-15456.23999999943;-12021.520000000433;-6010.7600000001885;-858.679999999959;0.0;0.0;46368.720000004;-329267.83399999107;-620807.2487999939;96251.54639999603;986770.2632000363;1087122.4024000466;575644.7500000108;51085.41039999854;-695.5307999999983;0.0;0.0;
0.0;-13775.206400000276;-64899.38239999985;-59863.5312000011;-76175.95039999973;6267.315200000028;-15870.000000000182;-20051.80480000004;-4296.505600000115;0.0;0.0;190512.89440001297;1495.9999999996849;12618.719999999666;123296.96159998895;-111777.41280000587;-112122.2399999892;-51761.92000000293;-9646.71999999963;-700.799999999931;0.0;0.0;0.0;0.0;-35129.29439999945;343415.5871999908;-9493.166399999876;762.0384000003778;-5509.6896000000625;-911.0400000000948;0.0;0.0;0.0;173.12000000351307;-18780.038399999834;-5183.116800000173;-3875.839999999618;10374.72000000015;22477.11999999861;28037.75999999877;9018.879999999202;-140.16000000001614;0.0;0.0;-32431.360000000277;-25906.807999998862;3300.254399999205;18903.83679999935;5043.798399998614;-47988.69119999741;-31133.999999998894;-3674.9951999998616;-113.52959999999487;0.0;0.0;
0.0;-72671.08320000034;-68638.37119999992;-140479.10560000097;2110.2447999999163;-54738.70240000049;7966.000000000524;-12452.262400000942;-5032.172799999723;0.0;0.0;21357.02719999577;37948.000000002234;29663.360000001125;-55413.899199997846;-118993.16639999;-162129.11999999007;-93224.95999999715;-19027.359999999953;-910.3999999999;0.0;0.0;0.0;0.0;-35703.22720000194;-9493.166399999876;445619.4367999984;-12068.100800000368;465.43519999985;-1183.5199999999888;0.0;0.0;0.0;-646429.4399999833;-24396.89919999938;-6733.318399999914;-3025.919999999954;3991.3600000000115;-3277.4400000001283;-2549.119999999896;-1274.5599999999683;-182.07999999998972;0.0;0.0;9832.320000000132;-52815.50400000225;-29679.292800003223;-1076.3216000003044;111677.779199997;59576.81440000103;-11248.000000000064;-4774.137600000075;-147.48480000000058;0.0;0.0;
0.0;-39937.23080000066;-31145.702799999865;-29634.956400000137;-51381.99880000056;-35658.14559999904;-67405.50000000051;-31772.035600000672;-4944.633199999565;0.0;0.0;48015.916799998115;38887.00000000302;57311.339999995755;-67358.73480000267;-84188.21160000216;-41543.27999999892;-66494.24000000302;-15102.339999999118;-722.5999999998908;0.0;0.0;0.0;0.0;-39179.21679999955;762.0384000003778;-12068.100800000368;351582.9848000119;-5681.081199999859;-939.3800000000488;0.0;0.0;0.0;-293189.3599999948;-19364.234800001253;14655.650399999999;15692.520000001736;10230.839999998465;-2601.359999999797;-2023.2800000000718;-1011.6400000000334;-144.52000000000945;0.0;0.0;7804.07999999995;-28638.326000003228;-43459.663200001334;-42942.81040000152;45855.704799999825;47311.77360000139;20730.250000000127;-2139.314400000162;-117.06120000000406;0.0;0.0;
0.0;-14232.219799999995;-5978.95179999998;-5260.543400000067;-2332.9277999999695;-53231.09360000142;-60164.2500000004;-23119.30859999957;-3474.264199999803;0.0;0.0;46748.16079999425;28034.500000002176;29457.290000003348;-18516.543800000625;-66052.06459999536;-44720.680000004344;34746.56000000308;-8215.790000000343;-393.0999999999963;0.0;0.0;0.0;0.0;-26131.710799999397;-5509.6896000000625;465.43519999985;-5681.081199999859;189532.44780000276;-511.0299999999605;0.0;0.0;0.0;-63893.159999999945;-10534.293799999688;27092.632400000388;12216.620000000286;7405.540000000156;-1415.1599999999216;-1100.6799999999655;-550.3399999999826;-78.61999999999279;0.0;0.0;4245.480000000147;-4086.2809999993724;-14221.569199999301;-32722.092400000995;12496.23880000011;22585.71160000026;4160.875000000751;388.5835999999858;-63.68219999999858;0.0;0.0;
0.0;4863.23000000005;2261.430000000045;-2446.910000000032;-4940.970000000059;-9745.64000000011;-12337.499999999642;-5492.889999999934;-739.8300000000063;0.0;0.0;19048.91999999951;4674.999999999236;6583.49999999957;-3829.3700000000604;-7142.289999998555;-8182.000000000669;-1655.9999999997503;21141.50000000119;-64.99999999998894;0.0;0.0;0.0;0.0;-5581.420000000045;-911.0400000000948;-1183.5199999999888;-939.3800000000488;-511.0299999999605;32415.499999996955;0.0;0.0;0.0;30065.9999999988;-1741.8700000001172;9519.260000000686;8713.000000000848;-428.9999999999821;-234.00000000000645;-182.0000000000207;-91.00000000001218;-13.000000000002943;0.0;0.0;702.0000000000007;5196.850000000218;6059.4199999996545;-1198.2599999999936;-8121.379999999589;-4803.660000000182;-993.7499999998956;459.1400000000083;-10.52999999999987;0.0;0.0;
0.0;0.0;0.0;0.0;0.0;0.0;0.0;0.0;0.0;0.0;0.0;0.0;0.0;0.0;0.0;0.0;0.0;0.0;0.0;0.0;0.0;0.0;0.0;0.0;0.0;0.0;0.0;0.0;0.0;0.0;0.0;0.0;0.0;0.0;0.0;0.0;0.0;0.0;0.0;0.0;0.0;0.0;0.0;0.0;0.0;0.0;0.0;0.0;0.0;0.0;0.0;0.0;0.0;0.0;0.0;
0.0;0.0;0.0;0.0;0.0;0.0;0.0;0.0;0.0;0.0;0.0;0.0;0.0;0.0;0.0;0.0;0.0;0.0;0.0;0.0;0.0;0.0;0.0;0.0;0.0;0.0;0.0;0.0;0.0;0.0;0.0;0.0;0.0;0.0;0.0;0.0;0.0;0.0;0.0;0.0;0.0;0.0;0.0;0.0;0.0;0.0;0.0;0.0;0.0;0.0;0.0;0.0;0.0;0.0;0.0;
0.0;0.0;0.0;0.0;0.0;0.0;0.0;0.0;0.0;0.0;0.0;0.0;0.0;0.0;0.0;0.0;0.0;0.0;0.0;0.0;0.0;0.0;0.0;0.0;0.0;0.0;0.0;0.0;0.0;0.0;0.0;0.0;0.0;0.0;0.0;0.0;0.0;0.0;0.0;0.0;0.0;0.0;0.0;0.0;0.0;0.0;0.0;0.0;0.0;0.0;0.0;0.0;0.0;0.0;0.0;
0.0;169911.55999999796;-1392958.0400000033;850319.4800000073;-310850.84000000457;-823098.0800000029;-529850.0000000002;-127325.07999999895;17193.24000000246;0.0;0.0;450958.23999997193;154099.99999999144;434562.00000002276;5371864.360000095;6942698.120000328;6250295.999999927;3155968.0000000065;644138.000000005;30819.999999998676;0.0;0.0;0.0;0.0;-4330348.2400000105;173.12000000351307;-646429.4399999833;-293189.3599999948;-63893.159999999945;30065.9999999988;0.0;0.0;0.0;4.264255200000141E7;825914.3600000216;227944.71999999002;610236.0000000149;203412.00000000434;110951.99999999382;86295.99999999834;43147.99999999922;6163.999999999794;0.0;0.0;-332855.9999999792;2284078.1999999993;3826964.2399998647;-725932.7199999761;-5600493.3599999165;-5295341.519999868;-2551424.9999998626;-272979.9199999908;-4007.16000000003;0.0;0.0;
0.0;-5356.894199999768;-92076.9221999992;-60362.9186000018;-116817.62619999799;-142882.35439999794;-71225.24999999878;-14129.58940000044;-1250.7417999998604;0.0;0.0;-19605.416799998857;-6699.500000000232;-18892.590000001437;-3541.8902000012204;518066.0865999291;761468.2799999639;419394.23999998387;51996.09000000371;-1339.8999999999096;0.0;0.0;0.0;0.0;-115054.53320000146;-18780.038399999834;-24396.89919999938;-19364.234800001253;-10534.293799999688;-1741.8700000001172;0.0;0.0;0.0;825914.3600000216;1317160.3598000542;16424.099599999605;-26530.02000000504;-8843.339999999387;-4823.640000000283;-3751.7199999998397;-1875.8599999999162;-267.97999999989554;0.0;0.0;14470.920000000027;254274.4510000128;288546.41320000135;251041.56040001893;-183903.9547999999;-150556.5235999981;-72019.62500000097;-7026.435599999844;-217.06380000000763;0.0;0.0;
0.0;-16437.808400000235;-26744.6644000001;-46289.4972000014;-38948.472400001076;-32127.348800000393;-23225.49999999989;4049.681199999869;6790.936399999935;0.0;0.0;54589.086399998465;-1849.000000000075;54785.820000001164;65544.59960000108;26496.633199993594;191404.56000000905;75332.48000000003;12271.180000000659;-369.80000000000206;0.0;0.0;0.0;0.0;-31753.986400000493;-5183.116800000173;-6733.318399999914;14655.650399999999;27092.632400000388;9519.260000000686;0.0;0.0;0.0;227944.71999999002;16424.099599999605;360332.9591999835;-7322.040000000254;-2440.6800000000926;-1331.2799999998647;-1035.439999999887;-517.7199999999436;-73.9600000000004;0.0;0.0;3993.839999999776;60107.00199999727;72965.74640000098;65944.36079999934;-44155.78960000187;-41552.20719999877;-19876.750000000306;-1939.2311999999265;-59.90760000000073;0.0;0.0;
0.0;-52175.42000000192;-119818.21999999891;-51029.86000000136;-89408.6199999986;-52887.43999999902;5975.000000000243;14439.060000000758;8731.819999999416;0.0;0.0;70514.31999999887;-4950.000000000608;-13958.99999999867;282444.9800000194;366986.65999993245;299227.9999999974;188624.0000000034;29309.00000000329;9010.00000000058;0.0;0.0;0.0;0.0;-85009.31999999948;-3875.839999999618;-3025.919999999954;15692.520000001736;12216.620000000286;8713.000000000848;0.0;0.0;0.0;610236.0000000149;-26530.02000000504;-7322.040000000254;970397.9999998178;-6533.999999999789;-3564.0000000001787;-2772.0000000000596;-1386.000000000031;-197.99999999997087;0.0;0.0;10692.000000000246;219275.09999998752;244597.31999998356;248288.03999999253;-135879.47999999614;-111240.3599999993;-53212.49999999895;-5191.559999999893;-160.38000000000065;0.0;0.0;
0.0;4774.860000000055;-22472.739999999707;-37676.619999998824;-5469.539999999939;-10662.480000000012;-16974.99999999994;-14886.9799999996;-3756.0599999999213;0.0;0.0;45171.43999999621;-1650.0000000001255;-4653.000000000439;117481.66000000596;95662.21999999078;38075.99999999913;36207.99999999532;73103.00000000629;9670.00000000289;0.0;0.0;0.0;0.0;-28336.439999999024;10374.72000000015;3991.3600000000115;10230.839999998465;7405.540000000156;-428.9999999999821;0.0;0.0;0.0;203412.00000000434;-8843.339999999387;-2440.6800000000926;-6533.999999999789;327822.00000003114;-1188.0000000001417;-924.0000000000198;-462.00000000000955;-66.00000000000952;0.0;0.0;3564.000000000133;73091.70000000033;81532.43999999827;82762.6799999964;-45293.15999999878;-37080.1200000012;-17737.50000000022;-1730.5200000000448;-53.460000000002054;0.0;0.0;
0.0;2113.560000000101;-4776.040000000026;-8814.519999999866;-16028.83999999997;-13134.079999999934;-16650.0000000001;-10211.080000000373;-1048.7599999999054;0.0;0.0;22366.2400000018;-900.0000000000697;-2538.0000000001605;98626.36000000603;39452.120000003335;38495.999999998305;11568.000000001057;16237.999999998465;-179.99999999999412;0.0;0.0;0.0;0.0;-15456.23999999943;22477.11999999861;-3277.4400000001283;-2601.359999999797;-1415.1599999999216;-234.00000000000645;0.0;0.0;0.0;110951.99999999382;-4823.640000000283;-1331.2799999998647;-3564.0000000001787;-1188.0000000001417;179351.99999997712;-503.9999999999435;-251.99999999997863;-36.000000000004825;0.0;0.0;1944.0000000000684;33068.20000000107;41072.240000001;48343.28000000086;-18105.360000000106;-20225.519999999822;-9674.999999999947;-943.9200000000013;-29.15999999999835;0.0;0.0;
0.0;2243.880000000006;-1236.9200000000308;-2777.959999999901;-3411.3200000000284;-22559.84000000029;-16849.999999999814;-8830.839999999875;406.52000000005825;0.0;0.0;27951.51999999897;-700.0000000000342;-1973.9999999999322;55598.279999997205;38462.759999997994;11608.000000000135;45664.00000000094;-2926.000000000063;-140.00000000001617;0.0;0.0;0.0;0.0;-12021.520000000433;28037.75999999877;-2549.119999999896;-2023.2800000000718;-1100.6799999999655;-182.0000000000207;0.0;0.0;0.0;86295.99999999834;-3751.7199999998397;-1035.439999999887;-2772.0000000000596;-924.0000000000198;-503.9999999999435;139607.99999999377;-196.00000000001933;-27.99999999999536;0.0;0.0;1511.9999999999563;24208.59999999943;31189.519999998385;38311.439999997965;-12615.280000000383;-15730.959999999735;-7524.999999999879;-734.159999999982;-22.679999999998607;0.0;0.0;
0.0;1921.940000000007;-418.4600000000344;-788.9799999999994;-1105.6600000000233;-4479.919999999958;-13125.000000000058;-915.4199999999552;203.26000000005362;0.0;0.0;8975.75999999925;-350.0000000000258;-986.9999999999859;17799.139999999537;34231.38000000559;15804.00000000059;2832.0000000005434;8537.000000000757;-70.00000000000402;0.0;0.0;0.0;0.0;-6010.7600000001885;9018.879999999202;-1274.5599999999683;-1011.6400000000334;-550.3399999999826;-91.00000000001218;0.0;0.0;0.0;43147.99999999922;-1875.8599999999162;-517.7199999999436;-1386.000000000031;-462.00000000000955;-251.99999999997863;-196.00000000001933;69901.99999999849;-13.999999999997648;0.0;0.0;755.9999999999798;12104.300000000138;15594.75999999924;19155.71999999901;-6307.640000000074;-7865.479999999798;-3762.4999999999086;-367.079999999988;-11.3399999999993;0.0;0.0;
0.0;617.4200000000552;340.22000000001174;-484.14000000000044;-329.38000000001307;531.4400000000393;-874.9999999999992;-845.0600000000659;-113.82000000001678;0.0;0.0;-146.31999999997763;-50.00000000000821;-141.00000000000784;-1742.979999999992;7747.339999999355;7972.000000000196;-1024.0000000000878;-209.00000000000128;-9.999999999997305;0.0;0.0;0.0;0.0;-858.679999999959;-140.16000000001614;-182.07999999998972;-144.52000000000945;-78.61999999999279;-13.000000000002943;0.0;0.0;0.0;6163.999999999794;-267.97999999989554;-73.9600000000004;-197.99999999997087;-66.00000000000952;-36.000000000004825;-27.99999999999536;-13.999999999997648;9998.000000003274;0.0;0.0;107.99999999998873;2214.8999999999805;2470.6800000001563;2507.959999999996;-1372.520000000091;-1123.6399999999248;-537.4999999999743;-52.44000000000115;-1.620000000000041;0.0;0.0;
0.0;0.0;0.0;0.0;0.0;0.0;0.0;0.0;0.0;0.0;0.0;0.0;0.0;0.0;0.0;0.0;0.0;0.0;0.0;0.0;0.0;0.0;0.0;0.0;0.0;0.0;0.0;0.0;0.0;0.0;0.0;0.0;0.0;0.0;0.0;0.0;0.0;0.0;0.0;0.0;0.0;0.0;0.0;0.0;0.0;0.0;0.0;0.0;0.0;0.0;0.0;0.0;0.0;0.0;0.0;
0.0;0.0;0.0;0.0;0.0;0.0;0.0;0.0;0.0;0.0;0.0;0.0;0.0;0.0;0.0;0.0;0.0;0.0;0.0;0.0;0.0;0.0;0.0;0.0;0.0;0.0;0.0;0.0;0.0;0.0;0.0;0.0;0.0;0.0;0.0;0.0;0.0;0.0;0.0;0.0;0.0;0.0;0.0;0.0;0.0;0.0;0.0;0.0;0.0;0.0;0.0;0.0;0.0;0.0;0.0;
0.0;24659.320000000356;33628.120000000075;-20856.440000000115;-43213.479999999945;-6697.75999999998;41249.999999999905;27633.239999999794;6146.280000000223;0.0;0.0;-32098.720000000336;2700.0000000000705;7613.999999999988;-255879.07999999702;31643.6400000047;69511.99999999827;35295.99999999932;11285.999999999935;540.000000000016;0.0;0.0;0.0;0.0;46368.720000004;-32431.360000000277;9832.320000000132;7804.07999999995;4245.480000000147;702.0000000000007;0.0;0.0;0.0;-332855.9999999792;14470.920000000027;3993.839999999776;10692.000000000246;3564.000000000133;1944.0000000000684;1511.9999999999563;755.9999999999798;107.99999999998873;0.0;0.0;534167.9999999915;420395.3999999855;406583.2800000123;134570.15999999744;74116.07999999815;60676.56000000431;29024.999999998665;2831.759999999807;87.48000000000017;0.0;0.0;
0.0;116550.22099999966;-3778.638999998816;114721.84300000174;-65714.11900000069;21490.77199999938;61447.749999999185;27726.696999998465;6233.958999999784;0.0;0.0;24942.08399999853;-9477.500000002246;2800.4499999991767;75638.2009999957;618433.3170000215;668158.6000000316;335178.79999999824;97507.05000000447;7274.4999999998445;0.0;0.0;0.0;0.0;-329267.83399999107;-25906.807999998862;-52815.50400000225;-28638.326000003228;-4086.2809999993724;5196.850000000218;0.0;0.0;0.0;2284078.1999999993;254274.4510000128;60107.00199999727;219275.09999998752;73091.70000000033;33068.20000000107;24208.59999999943;12104.300000000138;2214.8999999999805;0.0;0.0;420395.3999999855;1257907.9950000008;1538554.4340000087;1020957.6979999181;-545367.7259999661;-504505.88200001884;-240927.62500000108;-15752.321999999662;48.06900000000882;0.0;0.0;
0.0;246313.37719999463;-64282.37480000186;153521.5076000107;-49719.71080000228;182472.91039999865;179128.4999999964;67352.4204000006;12219.398800000548;0.0;0.0;66354.94879999798;-5432.99999999982;21032.940000004175;423547.9132000141;909026.0043999992;752719.5200000671;397488.15999999165;119436.05999999693;7353.399999999759;0.0;0.0;0.0;0.0;-620807.2487999939;3300.254399999205;-29679.292800003223;-43459.663200001334;-14221.569199999301;6059.4199999996545;0.0;0.0;0.0;3826964.2399998647;288546.41320000135;72965.74640000098;244597.31999998356;81532.43999999827;41072.240000001;31189.519999998385;15594.75999999924;2470.6800000001563;0.0;0.0;406583.2800000123;1538554.4340000087;2428706.168799981;1563528.6936000406;-684557.1431999893;-1020835.5624000217;-548904.7499999957;-42355.770399999914;-848.7492000000044;0.0;0.0;
0.0;58842.668399999355;5345.924399998116;-175476.12279999786;-49240.067600000024;319709.8688000006;213250.50000000425;34681.33880000029;-1607.9963999994388;0.0;0.0;81582.35360000496;-47450.99999999607;57261.17999999895;58012.06040000031;408940.58679999865;-69178.55999999699;-105174.48000000455;3281.820000003216;6239.800000000075;0.0;0.0;0.0;0.0;96251.54639999603;18903.83679999935;-1076.3216000003044;-42942.81040000152;-32722.092400000995;-1198.2599999999936;0.0;0.0;0.0;-725932.7199999761;251041.56040001893;65944.36079999934;248288.03999999253;82762.6799999964;48343.28000000086;38311.439999997965;19155.71999999901;2507.959999999996;0.0;0.0;134570.15999999744;1020957.6979999181;1563528.6936000406;3275524.3191999495;820992.6295999474;-39570.91280000063;-147403.74999999712;-16802.288799999606;-242.5523999999928;0.0;0.0;
0.0;-199651.35079999597;138025.37719999903;-272440.916400001;-31873.318799999877;12695.014400000711;30216.500000000025;9760.124400000437;-4215.113199999952;0.0;0.0;-55013.563199999466;-14362.999999998947;46037.34000000434;-681437.4548000111;-839210.4515999539;-1011635.2799999318;-555480.2400000163;-131128.33999999549;-5662.6000000002505;0.0;0.0;0.0;0.0;986770.2632000363;5043.798399998614;111677.779199997;45855.704799999825;12496.23880000011;-8121.379999999589;0.0;0.0;0.0;-5600493.3599999165;-183903.9547999999;-44155.78960000187;-135879.47999999614;-45293.15999999878;-18105.360000000106;-12615.280000000383;-6307.640000000074;-1372.520000000091;0.0;0.0;74116.07999999815;-545367.7259999661;-684557.1431999893;820992.6295999474;1944784.4248000719;1536331.813600001;569043.2500000291;14659.525600000585;-535.7412000000165;0.0;0.0;
0.0;-221133.0955999951;260264.4003999993;-136265.53480000302;-31818.271599999654;-219189.37920000148;-107491.49999999987;-26640.60920000005;-5766.352400000274;0.0;0.0;-79705.50239999952;-14840.999999999869;51733.380000004545;-837341.0236000053;-869389.4411999473;-758120.9599999804;-424753.6799999945;-98720.37999999998;-1918.1999999999364;0.0;0.0;0.0;0.0;1087122.4024000466;-47988.69119999741;59576.81440000103;47311.77360000139;22585.71160000026;-4803.660000000182;0.0;0.0;0.0;-5295341.519999868;-150556.5235999981;-41552.20719999877;-111240.3599999993;-37080.1200000012;-20225.519999999822;-15730.959999999735;-7865.479999999798;-1123.6399999999248;0.0;0.0;60676.56000000431;-504505.88200001884;-1020835.5624000217;-39570.91280000063;1536331.813600001;1996414.575199948;1011775.750000008;71595.1591999987;865.8515999999433;0.0;0.0;
0.0;-72140.37500000144;176438.125;-47613.62500000222;-19593.875000003165;-96738.49999999884;-35830.25;-13237.875000000151;-631.1250000001623;0.0;0.0;-38073.499999999935;-10237.5;25656.250000002645;-401225.87499999505;-437452.37499997596;-361924.9999999868;-199049.99999999776;-40068.75000000088;2312.5000000000105;0.0;0.0;0.0;0.0;575644.7500000108;-31133.999999998894;-11248.000000000064;20730.250000000127;4160.875000000751;-993.7499999998956;0.0;0.0;0.0;-2551424.9999998626;-72019.62500000097;-19876.750000000306;-53212.49999999895;-17737.50000000022;-9674.999999999947;-7524.999999999879;-3762.4999999999086;-537.4999999999743;0.0;0.0;29024.999999998665;-240927.62500000108;-548904.7499999957;-147403.74999999712;569043.2500000291;1011775.750000008;751353.875;114004.74999999967;3053.6249999998663;0.0;0.0;
0.0;2151.7523999999553;19842.56840000005;-12746.150800000134;-8306.343599999995;9244.356800000012;17612.500000000022;13773.526799999967;2876.6396000000113;0.0;0.0;-3836.5103999999137;-1310.999999999974;-3697.020000000096;-28700.935600000787;-55464.74520000354;-48374.160000000826;-18349.280000000017;1820.0200000000768;3437.7999999998865;0.0;0.0;0.0;0.0;51085.41039999854;-3674.9951999998616;-4774.137600000075;-2139.314400000162;388.5835999999858;459.1400000000083;0.0;0.0;0.0;-272979.9199999908;-7026.435599999844;-1939.2311999999265;-5191.559999999893;-1730.5200000000448;-943.9200000000013;-734.159999999982;-367.079999999988;-52.44000000000115;0.0;0.0;2831.759999999807;-15752.321999999662;-42355.770399999914;-16802.288799999606;14659.525600000585;71595.1591999987;114004.74999999967;67093.02319999934;3911.5235999999445;0.0;0.0;
0.0;140.11020000000516;1235.5782000000252;822.8465999999953;0.20219999999507332;-616.533599999994;-570.749999999991;257.50139999999743;-92.19419999999727;0.0;0.0;-118.51920000000369;-40.500000000001805;-114.21000000000612;-1411.8137999999988;-1824.6545999999937;-1642.680000000015;370.5599999999868;1030.7100000000146;1191.9000000000053;0.0;0.0;0.0;0.0;-695.5307999999983;-113.52959999999487;-147.48480000000058;-117.06120000000406;-63.68219999999858;-10.52999999999987;0.0;0.0;0.0;-4007.16000000003;-217.06380000000763;-59.90760000000073;-160.38000000000065;-53.460000000002054;-29.15999999999835;-22.679999999998607;-11.3399999999993;-1.620000000000041;0.0;0.0;87.48000000000017;48.06900000000882;-848.7492000000044;-242.5523999999928;-535.7412000000165;865.8515999999433;3053.6249999998663;3911.5235999999445;1663.6877999999406;0.0;0.0;
0.0;0.0;0.0;0.0;0.0;0.0;0.0;0.0;0.0;0.0;0.0;0.0;0.0;0.0;0.0;0.0;0.0;0.0;0.0;0.0;0.0;0.0;0.0;0.0;0.0;0.0;0.0;0.0;0.0;0.0;0.0;0.0;0.0;0.0;0.0;0.0;0.0;0.0;0.0;0.0;0.0;0.0;0.0;0.0;0.0;0.0;0.0;0.0;0.0;0.0;0.0;0.0;0.0;0.0;0.0;
0.0;0.0;0.0;0.0;0.0;0.0;0.0;0.0;0.0;0.0;0.0;0.0;0.0;0.0;0.0;0.0;0.0;0.0;0.0;0.0;0.0;0.0;0.0;0.0;0.0;0.0;0.0;0.0;0.0;0.0;0.0;0.0;0.0;0.0;0.0;0.0;0.0;0.0;0.0;0.0;0.0;0.0;0.0;0.0;0.0;0.0;0.0;0.0;0.0;0.0;0.0;0.0;0.0;0.0;0.0;
