5000
46.72270528503752;46.72270528503752;46.72270528503752;39.65538994212517;39.65538994212517;39.65538994212517;39.65538994212517;44.663304865188366;44.663304865188366;44.663304865188366;26.865927437063657;26.865927437063657;26.865927437063657;26.865927437063657;17.40657246841746;17.40657246841746;12.307875887060142;20.683781872403852;12.307875887060142;13.347064047570164;19.57962544805989;17.12693815115998;13.347064047570164;12.055448389474074;6.0320767016160115;7.684922939243986;1.2377171496500337;10.413325582614;25.939847588632198;10.400215764172076;10.413325582614;10.413325582614;25.939847588632198;9.16835381354376;28.53272442223743;-2.9211964056401873;-0.5581531159019217;-0.5581531159019217;-5.104273127431962;2.1233790069320113;-6.799909323396217;-6.799909323396217;-20.911858903252046;-29.856576055867947;-29.856576055867947;-29.856576055867947;-29.152491415386024;-29.152491415386024;-30.22917161503766;-30.22917161503766;
46.72270528503752;46.72270528503752;46.72270528503752;39.65538994212517;39.65538994212517;39.65538994212517;39.65538994212517;44.663304865188366;44.663304865188366;44.663304865188366;26.865927437063657;26.865927437063657;26.865927437063657;26.865927437063657;17.40657246841746;17.40657246841746;12.307875887060142;20.683781872403852;12.307875887060142;13.347064047570164;19.57962544805989;17.12693815115998;13.347064047570164;12.055448389474074;6.0320767016160115;7.684922939243986;1.2377171496500337;10.413325582614;25.939847588632198;10.400215764172076;10.413325582614;10.413325582614;25.939847588632198;9.16835381354376;28.53272442223743;-2.9211964056401873;-0.5581531159019217;-0.5581531159019217;-5.104273127431962;2.1233790069320113;-6.799909323396217;-6.799909323396217;-20.911858903252046;-29.856576055867947;-29.856576055867947;-29.856576055867947;-29.152491415386024;-29.152491415386024;-30.22917161503766;-30.22917161503766;
46.72270528503752;46.72270528503752;46.72270528503752;39.65538994212517;39.65538994212517;39.65538994212517;39.65538994212517;44.663304865188366;44.663304865188366;44.663304865188366;26.865927437063657;26.865927437063657;26.865927437063657;26.865927437063657;17.40657246841746;17.40657246841746;12.307875887060142;20.683781872403852;12.307875887060142;13.347064047570164;19.57962544805989;17.12693815115998;13.347064047570164;12.055448389474074;6.0320767016160115;7.684922939243986;1.2377171496500337;10.413325582614;25.939847588632198;10.400215764172076;10.413325582614;10.413325582614;25.939847588632198;9.16835381354376;28.53272442223743;-2.9211964056401873;-0.5581531159019217;-0.5581531159019217;-5.104273127431962;2.1233790069320113;-6.799909323396217;-6.799909323396217;-20.911858903252046;-29.856576055867947;-29.856576055867947;-29.856576055867947;-29.152491415386024;-29.152491415386024;-30.22917161503766;-30.22917161503766;
39.65538994212517;39.65538994212517;39.65538994212517;41.892504177102445;41.892504177102445;41.892504177102445;41.892504177102445;33.12696056867682;33.12696056867682;33.12696056867682;34.59419655152802;34.59419655152802;34.59419655152802;34.59419655152802;26.63187611438678;26.63187611438678;9.425909827619845;10.770155338707987;9.425909827619845;8.841147575889963;10.484641254619913;11.49200674331989;8.841147575889963;6.66240524609812;6.403827668832101;7.930502511388083;3.5618695380500203;6.024362813878139;15.16956384346406;6.1074638260439835;6.024362813878139;6.024362813878139;15.16956384346406;4.018007542487975;26.04830477457124;1.06252154971998;0.3732816237459086;0.3732816237459086;0.3784882589360611;5.6964433125641944;-3.6747605778922754;-3.6747605778922754;-9.960632597203936;-17.82924542303626;-17.82924542303626;-17.82924542303626;-17.26484677212196;-17.26484677212196;-19.032559372125778;-19.032559372125778;
39.65538994212517;39.65538994212517;39.65538994212517;41.892504177102445;41.892504177102445;41.892504177102445;41.892504177102445;33.12696056867682;33.12696056867682;33.12696056867682;34.59419655152802;34.59419655152802;34.59419655152802;34.59419655152802;26.63187611438678;26.63187611438678;9.425909827619845;10.770155338707987;9.425909827619845;8.841147575889963;10.484641254619913;11.49200674331989;8.841147575889963;6.66240524609812;6.403827668832101;7.930502511388083;3.5618695380500203;6.024362813878139;15.16956384346406;6.1074638260439835;6.024362813878139;6.024362813878139;15.16956384346406;4.018007542487975;26.04830477457124;1.06252154971998;0.3732816237459086;0.3732816237459086;0.3784882589360611;5.6964433125641944;-3.6747605778922754;-3.6747605778922754;-9.960632597203936;-17.82924542303626;-17.82924542303626;-17.82924542303626;-17.26484677212196;-17.26484677212196;-19.032559372125778;-19.032559372125778;
39.65538994212517;39.65538994212517;39.65538994212517;41.892504177102445;41.892504177102445;41.892504177102445;41.892504177102445;33.12696056867682;33.12696056867682;33.12696056867682;34.59419655152802;34.59419655152802;34.59419655152802;34.59419655152802;26.63187611438678;26.63187611438678;9.425909827619845;10.770155338707987;9.425909827619845;8.841147575889963;10.484641254619913;11.49200674331989;8.841147575889963;6.66240524609812;6.403827668832101;7.930502511388083;3.5618695380500203;6.024362813878139;15.16956384346406;6.1074638260439835;6.024362813878139;6.024362813878139;15.16956384346406;4.018007542487975;26.04830477457124;1.06252154971998;0.3732816237459086;0.3732816237459086;0.3784882589360611;5.6964433125641944;-3.6747605778922754;-3.6747605778922754;-9.960632597203936;-17.82924542303626;-17.82924542303626;-17.82924542303626;-17.26484677212196;-17.26484677212196;-19.032559372125778;-19.032559372125778;
39.65538994212517;39.65538994212517;39.65538994212517;41.892504177102445;41.892504177102445;41.892504177102445;41.892504177102445;33.12696056867682;33.12696056867682;33.12696056867682;34.59419655152802;34.59419655152802;34.59419655152802;34.59419655152802;26.63187611438678;26.63187611438678;9.425909827619845;10.770155338707987;9.425909827619845;8.841147575889963;10.484641254619913;11.49200674331989;8.841147575889963;6.66240524609812;6.403827668832101;7.930502511388083;3.5618695380500203;6.024362813878139;15.16956384346406;6.1074638260439835;6.024362813878139;6.024362813878139;15.16956384346406;4.018007542487975;26.04830477457124;1.06252154971998;0.3732816237459086;0.3732816237459086;0.3784882589360611;5.6964433125641944;-3.6747605778922754;-3.6747605778922754;-9.960632597203936;-17.82924542303626;-17.82924542303626;-17.82924542303626;-17.26484677212196;-17.26484677212196;-19.032559372125778;-19.032559372125778;
44.663304865188366;44.663304865188366;44.663304865188366;33.12696056867682;33.12696056867682;33.12696056867682;33.12696056867682;51.63624940408719;51.63624940408719;51.63624940408719;17.598507251264195;17.598507251264195;17.598507251264195;17.598507251264195;7.5427484550678985;7.5427484550678985;12.189261247560239;28.14178486610487;12.189261247560239;16.80387217981983;26.477443133559728;20.334052354159756;16.80387217981983;15.977871102924174;2.199026026415816;3.756707899944208;-3.1338951841003304;14.48450314056387;32.70188417323239;13.931269063271879;14.48450314056387;14.48450314056387;32.70188417323239;13.133573691743893;28.12651446053612;-9.609742652640245;-1.2776414652516754;-1.2776414652516754;-12.69980732203186;-4.076712970967869;-10.95213217469635;-10.95213217469635;-28.820957831351883;-38.32131502376867;-38.32131502376867;-38.32131502376867;-37.380242217436056;-37.380242217436056;-38.3109555451884;-38.3109555451884;
44.663304865188366;44.663304865188366;44.663304865188366;33.12696056867682;33.12696056867682;33.12696056867682;33.12696056867682;51.63624940408719;51.63624940408719;51.63624940408719;17.598507251264195;17.598507251264195;17.598507251264195;17.598507251264195;7.5427484550678985;7.5427484550678985;12.189261247560239;28.14178486610487;12.189261247560239;16.80387217981983;26.477443133559728;20.334052354159756;16.80387217981983;15.977871102924174;2.199026026415816;3.756707899944208;-3.1338951841003304;14.48450314056387;32.70188417323239;13.931269063271879;14.48450314056387;14.48450314056387;32.70188417323239;13.133573691743893;28.12651446053612;-9.609742652640245;-1.2776414652516754;-1.2776414652516754;-12.69980732203186;-4.076712970967869;-10.95213217469635;-10.95213217469635;-28.820957831351883;-38.32131502376867;-38.32131502376867;-38.32131502376867;-37.380242217436056;-37.380242217436056;-38.3109555451884;-38.3109555451884;
44.663304865188366;44.663304865188366;44.663304865188366;33.12696056867682;33.12696056867682;33.12696056867682;33.12696056867682;51.63624940408719;51.63624940408719;51.63624940408719;17.598507251264195;17.598507251264195;17.598507251264195;17.598507251264195;7.5427484550678985;7.5427484550678985;12.189261247560239;28.14178486610487;12.189261247560239;16.80387217981983;26.477443133559728;20.334052354159756;16.80387217981983;15.977871102924174;2.199026026415816;3.756707899944208;-3.1338951841003304;14.48450314056387;32.70188417323239;13.931269063271879;14.48450314056387;14.48450314056387;32.70188417323239;13.133573691743893;28.12651446053612;-9.609742652640245;-1.2776414652516754;-1.2776414652516754;-12.69980732203186;-4.076712970967869;-10.95213217469635;-10.95213217469635;-28.820957831351883;-38.32131502376867;-38.32131502376867;-38.32131502376867;-37.380242217436056;-37.380242217436056;-38.3109555451884;-38.3109555451884;
26.865927437063657;26.865927437063657;26.865927437063657;34.59419655152802;34.59419655152802;34.59419655152802;34.59419655152802;17.598507251264195;17.598507251264195;17.598507251264195;37.8411175457913;37.8411175457913;37.8411175457913;37.8411175457913;33.84844855170578;33.84844855170578;4.565856167679981;-2.8847830546881936;4.565856167679981;2.3257073319602006;-2.416754454319774;5.064526142480033;2.3257073319602006;-1.9951344867280547;6.858718657247902;8.266553236831934;5.735858150199911;-0.3694428488080279;1.9902262256959617;0.04260297081614217;-0.3694428488080279;-0.3694428488080279;1.9902262256959617;-4.110978662768224;19.342137374608367;6.040571202080156;1.3136885507438938;1.3136885507438938;8.263257707903776;9.530563408096443;1.3708976829119506;1.3708976829119506;2.457955494943743;-3.2278063003040907;-3.2278063003040907;-3.2278063003040907;-2.699120702807996;-2.699120702807996;-4.921141617063991;-4.921141617063991;
26.865927437063657;26.865927437063657;26.865927437063657;34.59419655152802;34.59419655152802;34.59419655152802;34.59419655152802;17.598507251264195;17.598507251264195;17.598507251264195;37.8411175457913;37.8411175457913;37.8411175457913;37.8411175457913;33.84844855170578;33.84844855170578;4.565856167679981;-2.8847830546881936;4.565856167679981;2.3257073319602006;-2.416754454319774;5.064526142480033;2.3257073319602006;-1.9951344867280547;6.858718657247902;8.266553236831934;5.735858150199911;-0.3694428488080279;1.9902262256959617;0.04260297081614217;-0.3694428488080279;-0.3694428488080279;1.9902262256959617;-4.110978662768224;19.342137374608367;6.040571202080156;1.3136885507438938;1.3136885507438938;8.263257707903776;9.530563408096443;1.3708976829119506;1.3708976829119506;2.457955494943743;-3.2278063003040907;-3.2278063003040907;-3.2278063003040907;-2.699120702807996;-2.699120702807996;-4.921141617063991;-4.921141617063991;
26.865927437063657;26.865927437063657;26.865927437063657;34.59419655152802;34.59419655152802;34.59419655152802;34.59419655152802;17.598507251264195;17.598507251264195;17.598507251264195;37.8411175457913;37.8411175457913;37.8411175457913;37.8411175457913;33.84844855170578;33.84844855170578;4.565856167679981;-2.8847830546881936;4.565856167679981;2.3257073319602006;-2.416754454319774;5.064526142480033;2.3257073319602006;-1.9951344867280547;6.858718657247902;8.266553236831934;5.735858150199911;-0.3694428488080279;1.9902262256959617;0.04260297081614217;-0.3694428488080279;-0.3694428488080279;1.9902262256959617;-4.110978662768224;19.342137374608367;6.040571202080156;1.3136885507438938;1.3136885507438938;8.263257707903776;9.530563408096443;1.3708976829119506;1.3708976829119506;2.457955494943743;-3.2278063003040907;-3.2278063003040907;-3.2278063003040907;-2.699120702807996;-2.699120702807996;-4.921141617063991;-4.921141617063991;
26.865927437063657;26.865927437063657;26.865927437063657;34.59419655152802;34.59419655152802;34.59419655152802;34.59419655152802;17.598507251264195;17.598507251264195;17.598507251264195;37.8411175457913;37.8411175457913;37.8411175457913;37.8411175457913;33.84844855170578;33.84844855170578;4.565856167679981;-2.8847830546881936;4.565856167679981;2.3257073319602006;-2.416754454319774;5.064526142480033;2.3257073319602006;-1.9951344867280547;6.858718657247902;8.266553236831934;5.735858150199911;-0.3694428488080279;1.9902262256959617;0.04260297081614217;-0.3694428488080279;-0.3694428488080279;1.9902262256959617;-4.110978662768224;19.342137374608367;6.040571202080156;1.3136885507438938;1.3136885507438938;8.263257707903776;9.530563408096443;1.3708976829119506;1.3708976829119506;2.457955494943743;-3.2278063003040907;-3.2278063003040907;-3.2278063003040907;-2.699120702807996;-2.699120702807996;-4.921141617063991;-4.921141617063991;
17.40657246841746;17.40657246841746;17.40657246841746;26.63187611438678;26.63187611438678;26.63187611438678;26.63187611438678;7.5427484550678985;7.5427484550678985;7.5427484550678985;33.84844855170578;33.84844855170578;33.84844855170578;33.84844855170578;36.003209195600164;36.003209195600164;-0.21260507234007053;-11.475431619555795;-0.21260507234007053;-3.4251423417304423;-10.697748491339363;1.1724956727598608;-3.4251423417304423;-7.804332946786191;7.041079183775921;8.446750095684004;6.601708001150093;-5.989609262245885;-5.647442713047839;-5.324449942107499;-5.989609262245885;-5.989609262245885;-5.647442713047839;-9.52816039701597;14.996852830595925;9.523374627959823;1.5884987380779243;1.5884987380779243;12.396866076248575;13.093675898251895;3.143794156643935;3.143794156643935;7.280059632227752;3.753051857452184;3.753051857452184;3.753051857452184;3.846146819754097;3.846146819754097;2.3453976115818422;2.3453976115818422;
17.40657246841746;17.40657246841746;17.40657246841746;26.63187611438678;26.63187611438678;26.63187611438678;26.63187611438678;7.5427484550678985;7.5427484550678985;7.5427484550678985;33.84844855170578;33.84844855170578;33.84844855170578;33.84844855170578;36.003209195600164;36.003209195600164;-0.21260507234007053;-11.475431619555795;-0.21260507234007053;-3.4251423417304423;-10.697748491339363;1.1724956727598608;-3.4251423417304423;-7.804332946786191;7.041079183775921;8.446750095684004;6.601708001150093;-5.989609262245885;-5.647442713047839;-5.324449942107499;-5.989609262245885;-5.989609262245885;-5.647442713047839;-9.52816039701597;14.996852830595925;9.523374627959823;1.5884987380779243;1.5884987380779243;12.396866076248575;13.093675898251895;3.143794156643935;3.143794156643935;7.280059632227752;3.753051857452184;3.753051857452184;3.753051857452184;3.846146819754097;3.846146819754097;2.3453976115818422;2.3453976115818422;
12.307875887060142;12.307875887060142;12.307875887060142;9.425909827619845;9.425909827619845;9.425909827619845;9.425909827619845;12.189261247560239;12.189261247560239;12.189261247560239;4.565856167679981;4.565856167679981;4.565856167679981;4.565856167679981;-0.21260507234007053;-0.21260507234007053;26.073375082200837;26.325687313479893;26.073375082200837;27.635579485899544;23.019852062199504;21.272233179200246;27.635579485899544;24.956825574380414;18.274714853919335;16.066125894280567;14.182904805500174;24.602363526179246;18.789258005839713;25.702978735640365;24.602363526179246;24.602363526179246;18.789258005839713;23.144854155279834;1.8377105433199903;3.21914637319989;13.628070299260278;13.628070299260278;1.7544004181599302;-0.02653239315999888;12.448626507479881;12.448626507479881;-9.403768955239855;-17.09849875916009;-17.09849875916009;-17.09849875916009;-16.128046823819695;-16.128046823819695;-18.377802667059825;-18.377802667059825;
20.683781872403852;20.683781872403852;20.683781872403852;10.770155338707987;10.770155338707987;10.770155338707987;10.770155338707987;28.14178486610487;28.14178486610487;28.14178486610487;-2.8847830546881936;-2.8847830546881936;-2.8847830546881936;-2.8847830546881936;-11.475431619555795;-11.475431619555795;26.325687313479893;46.660819091033844;26.325687313479893;31.740417382059725;43.00573971148102;29.45248499127939;31.740417382059725;30.446972964092303;7.976287810127961;7.2714915537520595;1.8759037546999886;31.342826592211495;35.55176458345595;29.93403196077528;31.342826592211495;31.342826592211495;35.55176458345595;28.672104833150865;7.230962264088074;-13.587025213119903;5.214891051883946;5.214891051883946;-15.957708103856303;-12.759862335143831;0.2982554046320126;0.2982554046320126;-27.775985979416454;-38.687797017543005;-38.687797017543005;-38.687797017543005;-36.386017681788424;-36.386017681788424;-39.18374656240476;-39.18374656240476;
12.307875887060142;12.307875887060142;12.307875887060142;9.425909827619845;9.425909827619845;9.425909827619845;9.425909827619845;12.189261247560239;12.189261247560239;12.189261247560239;4.565856167679981;4.565856167679981;4.565856167679981;4.565856167679981;-0.21260507234007053;-0.21260507234007053;26.073375082200837;26.325687313479893;26.073375082200837;27.635579485899544;23.019852062199504;21.272233179200246;27.635579485899544;24.956825574380414;18.274714853919335;16.066125894280567;14.182904805500174;24.602363526179246;18.789258005839713;25.702978735640365;24.602363526179246;24.602363526179246;18.789258005839713;23.144854155279834;1.8377105433199903;3.21914637319989;13.628070299260278;13.628070299260278;1.7544004181599302;-0.02653239315999888;12.448626507479881;12.448626507479881;-9.403768955239855;-17.09849875916009;-17.09849875916009;-17.09849875916009;-16.128046823819695;-16.128046823819695;-18.377802667059825;-18.377802667059825;
13.347064047570164;13.347064047570164;13.347064047570164;8.841147575889963;8.841147575889963;8.841147575889963;8.841147575889963;16.80387217981983;16.80387217981983;16.80387217981983;2.3257073319602006;2.3257073319602006;2.3257073319602006;2.3257073319602006;-3.4251423417304423;-3.4251423417304423;27.635579485899544;31.740417382059725;27.635579485899544;33.02448517354977;29.511813450899744;25.562617517400383;33.02448517354977;30.115716068109627;18.368734958239976;16.020330894659885;14.488519634749993;30.487584435210398;21.9541868574801;29.712010690580538;30.487584435210398;30.487584435210398;21.9541868574801;26.930095599160953;1.845136797540088;1.3777364153999905;16.38330027347002;16.38330027347002;-0.8149760194799921;-1.927429468019987;11.05546230506004;11.05546230506004;-12.293794476779988;-21.024223700019718;-21.024223700019718;-21.024223700019718;-19.78249846478956;-19.78249846478956;-22.304252677570357;-22.304252677570357;
19.57962544805989;19.57962544805989;19.57962544805989;10.484641254619913;10.484641254619913;10.484641254619913;10.484641254619913;26.477443133559728;26.477443133559728;26.477443133559728;-2.416754454319774;-2.416754454319774;-2.416754454319774;-2.416754454319774;-10.697748491339363;-10.697748491339363;23.019852062199504;43.00573971148102;23.019852062199504;29.511813450899744;42.49385932220057;27.61827631920005;29.511813450899744;28.485205217379537;6.80414093592001;6.158353562279961;1.8192007305000026;29.865932119179412;31.189012409839727;26.750153869640474;29.865932119179412;29.865932119179412;31.189012409839727;25.755838403280794;6.49026228531998;-12.96188959679933;5.278068390260033;5.278068390260033;-15.214609335839603;-12.56629935916035;-0.784317684520052;-0.784317684520052;-23.215485059239683;-35.30658816515996;-35.30658816515996;-35.30658816515996;-31.360652920819142;-31.360652920819142;-36.40062161806035;-36.40062161806035;
17.12693815115998;17.12693815115998;17.12693815115998;11.49200674331989;11.49200674331989;11.49200674331989;11.49200674331989;20.334052354159756;20.334052354159756;20.334052354159756;5.064526142480033;5.064526142480033;5.064526142480033;5.064526142480033;1.1724956727598608;1.1724956727598608;21.272233179200246;29.45248499127939;21.272233179200246;25.562617517400383;27.61827631920005;26.49602597119971;25.562617517400383;22.217258518679394;14.997230575119833;14.454845060080249;9.145976443000052;24.022285733480246;23.003364788240486;22.21638287103979;24.022285733480246;24.022285733480246;23.003364788240486;19.04398571608005;6.065249953519988;-0.22251208479998863;9.909364800359924;9.909364800359924;-1.7657761542399724;-0.9530163557599851;5.287232135280181;5.287232135280181;-16.742761066639893;-25.21786201175994;-25.21786201175994;-25.21786201175994;-23.870541106519514;-23.870541106519514;-25.667038491159506;-25.667038491159506;
13.347064047570164;13.347064047570164;13.347064047570164;8.841147575889963;8.841147575889963;8.841147575889963;8.841147575889963;16.80387217981983;16.80387217981983;16.80387217981983;2.3257073319602006;2.3257073319602006;2.3257073319602006;2.3257073319602006;-3.4251423417304423;-3.4251423417304423;27.635579485899544;31.740417382059725;27.635579485899544;33.02448517354977;29.511813450899744;25.562617517400383;33.02448517354977;30.115716068109627;18.368734958239976;16.020330894659885;14.488519634749993;30.487584435210398;21.9541868574801;29.712010690580538;30.487584435210398;30.487584435210398;21.9541868574801;26.930095599160953;1.845136797540088;1.3777364153999905;16.38330027347002;16.38330027347002;-0.8149760194799921;-1.927429468019987;11.05546230506004;11.05546230506004;-12.293794476779988;-21.024223700019718;-21.024223700019718;-21.024223700019718;-19.78249846478956;-19.78249846478956;-22.304252677570357;-22.304252677570357;
12.055448389474074;12.055448389474074;12.055448389474074;6.66240524609812;6.66240524609812;6.66240524609812;6.66240524609812;15.977871102924174;15.977871102924174;15.977871102924174;-1.9951344867280547;-1.9951344867280547;-1.9951344867280547;-1.9951344867280547;-7.804332946786191;-7.804332946786191;24.956825574380414;30.446972964092303;24.956825574380414;30.115716068109627;28.485205217379537;22.217258518679394;30.115716068109627;31.038659790702265;17.44862396236799;13.247911209412285;14.655433571950203;27.599172890921608;21.030884918936042;27.180080544356347;27.599172890921608;27.599172890921608;21.030884918936042;28.071439488312127;0.7062691906279429;1.675551042279965;16.74499270985378;16.74499270985378;-0.9896064613360157;-3.946908230164021;10.886616070691888;10.886616070691888;-10.901725919196025;-19.23734000456381;-19.23734000456381;-19.23734000456381;-17.904428163077913;-17.904428163077913;-20.720161609474015;-20.720161609474015;
6.0320767016160115;6.0320767016160115;6.0320767016160115;6.403827668832101;6.403827668832101;6.403827668832101;6.403827668832101;2.199026026415816;2.199026026415816;2.199026026415816;6.858718657247902;6.858718657247902;6.858718657247902;6.858718657247902;7.041079183775921;7.041079183775921;18.274714853919335;7.976287810127961;18.274714853919335;18.368734958239976;6.80414093592001;14.997230575119833;18.368734958239976;17.44862396236799;24.654880644510776;20.758532721007878;21.864032948800507;14.43397995484803;4.948775301823977;15.339935881103822;14.43397995484803;14.43397995484803;4.948775301823977;14.525780608608098;-1.654980229647868;17.490523967519184;18.810949509535803;18.810949509535803;16.364435766576385;9.859388227424121;17.645435524528338;17.645435524528338;3.2487918543359138;-1.532907022175863;-1.532907022175863;-1.532907022175863;-1.3135034911519339;-1.3135034911519339;-2.8771079616161557;-2.8771079616161557;
7.684922939243986;7.684922939243986;7.684922939243986;7.930502511388083;7.930502511388083;7.930502511388083;7.930502511388083;3.756707899944208;3.756707899944208;3.756707899944208;8.266553236831934;8.266553236831934;8.266553236831934;8.266553236831934;8.446750095684004;8.446750095684004;16.066125894280567;7.2714915537520595;16.066125894280567;16.020330894659885;6.158353562279961;14.454845060080249;16.020330894659885;13.247911209412285;20.758532721007878;20.22403046767142;16.989979571700395;12.406180702731962;5.278679297215931;12.879516691736066;12.406180702731962;12.406180702731962;5.278679297215931;10.300736411071814;0.2879097665679688;15.703307341679563;13.672836499523878;13.672836499523878;14.853166488384062;11.563683552616007;12.892114113352294;12.892114113352294;-0.6625559647760155;-3.3728992437839906;-3.3728992437839906;-3.3728992437839906;-3.694588771267953;-3.694588771267953;-3.535250909243971;-3.535250909243971;
1.2377171496500337;1.2377171496500337;1.2377171496500337;3.5618695380500203;3.5618695380500203;3.5618695380500203;3.5618695380500203;-3.1338951841003304;-3.1338951841003304;-3.1338951841003304;5.735858150199911;5.735858150199911;5.735858150199911;5.735858150199911;6.601708001150093;6.601708001150093;14.182904805500174;1.8759037546999886;14.182904805500174;14.488519634749993;1.8192007305000026;9.145976443000052;14.488519634749993;14.655433571950203;21.864032948800507;16.989979571700395;23.111180988750338;11.234905431450018;-2.0590497274000206;11.884354262099952;11.234905431450018;11.234905431450018;-2.0590497274000206;12.082075124199987;-4.470084282700122;18.651784762999643;20.81086552514961;20.81086552514961;17.545782537399774;9.865537835100364;18.1113558796992;18.1113558796992;10.880557528899905;7.077332935100194;7.077332935100194;7.077332935100194;7.336983291449975;7.336983291449975;4.936230560349729;4.936230560349729;
10.413325582614;10.413325582614;10.413325582614;6.024362813878139;6.024362813878139;6.024362813878139;6.024362813878139;14.48450314056387;14.48450314056387;14.48450314056387;-0.3694428488080279;-0.3694428488080279;-0.3694428488080279;-0.3694428488080279;-5.989609262245885;-5.989609262245885;24.602363526179246;31.342826592211495;24.602363526179246;30.487584435210398;29.865932119179412;24.022285733480246;30.487584435210398;27.599172890921608;14.43397995484803;12.406180702731962;11.234905431450018;31.807199525342835;19.534955825895906;29.49205876751616;31.807199525342835;31.807199525342835;19.534955825895906;26.66705295063145;-0.8600037282921377;0.09515059307999012;15.852957614794434;15.852957614794434;-3.7727669622960263;-2.898124344203998;10.213071514811821;10.213071514811821;-11.320645724755932;-19.878858012604137;-19.878858012604137;-19.878858012604137;-18.307904948657914;-18.307904948657914;-21.10178616261385;-21.10178616261385;
25.939847588632198;25.939847588632198;25.939847588632198;15.16956384346406;15.16956384346406;15.16956384346406;15.16956384346406;32.70188417323239;32.70188417323239;32.70188417323239;1.9902262256959617;1.9902262256959617;1.9902262256959617;1.9902262256959617;-5.647442713047839;-5.647442713047839;18.789258005839713;35.55176458345595;18.789258005839713;21.9541868574801;31.189012409839727;23.003364788240486;21.9541868574801;21.030884918936042;4.948775301823977;5.278679297215931;-2.0590497274000206;19.534955825895906;35.26143482924709;20.24799632980848;19.534955825895906;19.534955825895906;35.26143482924709;19.374628682415498;13.716359399504574;-12.538645386959592;-0.6932594275278452;-0.6932594275278452;-14.29163407244775;-9.741672109552182;-4.732451547744;-4.732451547744;-29.34288433292769;-38.24844883875302;-38.24844883875302;-38.24844883875302;-36.91521090610366;-36.91521090610366;-38.114177288632355;-38.114177288632355;
10.400215764172076;10.400215764172076;10.400215764172076;6.1074638260439835;6.1074638260439835;6.1074638260439835;6.1074638260439835;13.931269063271879;13.931269063271879;13.931269063271879;0.04260297081614217;0.04260297081614217;0.04260297081614217;0.04260297081614217;-5.324449942107499;-5.324449942107499;25.702978735640365;29.93403196077528;25.702978735640365;29.712010690580538;26.750153869640474;22.21638287103979;29.712010690580538;27.180080544356347;15.339935881103822;12.879516691736066;11.884354262099952;29.49205876751616;20.24799632980848;29.78028242856783;29.49205876751616;29.49205876751616;20.24799632980848;27.310954595935414;-0.5807270566158425;0.9376108418399898;15.781789267811432;15.781789267811432;-2.7756935970081065;-2.363770949992014;11.988097685575669;11.988097685575669;-10.942311948087921;-19.12180774319203;-19.12180774319203;-19.12180774319203;-17.891201794484065;-17.891201794484065;-20.387737024172157;-20.387737024172157;
10.413325582614;10.413325582614;10.413325582614;6.024362813878139;6.024362813878139;6.024362813878139;6.024362813878139;14.48450314056387;14.48450314056387;14.48450314056387;-0.3694428488080279;-0.3694428488080279;-0.3694428488080279;-0.3694428488080279;-5.989609262245885;-5.989609262245885;24.602363526179246;31.342826592211495;24.602363526179246;30.487584435210398;29.865932119179412;24.022285733480246;30.487584435210398;27.599172890921608;14.43397995484803;12.406180702731962;11.234905431450018;31.807199525342835;19.534955825895906;29.49205876751616;31.807199525342835;31.807199525342835;19.534955825895906;26.66705295063145;-0.8600037282921377;0.09515059307999012;15.852957614794434;15.852957614794434;-3.7727669622960263;-2.898124344203998;10.213071514811821;10.213071514811821;-11.320645724755932;-19.878858012604137;-19.878858012604137;-19.878858012604137;-18.307904948657914;-18.307904948657914;-21.10178616261385;-21.10178616261385;
10.413325582614;10.413325582614;10.413325582614;6.024362813878139;6.024362813878139;6.024362813878139;6.024362813878139;14.48450314056387;14.48450314056387;14.48450314056387;-0.3694428488080279;-0.3694428488080279;-0.3694428488080279;-0.3694428488080279;-5.989609262245885;-5.989609262245885;24.602363526179246;31.342826592211495;24.602363526179246;30.487584435210398;29.865932119179412;24.022285733480246;30.487584435210398;27.599172890921608;14.43397995484803;12.406180702731962;11.234905431450018;31.807199525342835;19.534955825895906;29.49205876751616;31.807199525342835;31.807199525342835;19.534955825895906;26.66705295063145;-0.8600037282921377;0.09515059307999012;15.852957614794434;15.852957614794434;-3.7727669622960263;-2.898124344203998;10.213071514811821;10.213071514811821;-11.320645724755932;-19.878858012604137;-19.878858012604137;-19.878858012604137;-18.307904948657914;-18.307904948657914;-21.10178616261385;-21.10178616261385;
25.939847588632198;25.939847588632198;25.939847588632198;15.16956384346406;15.16956384346406;15.16956384346406;15.16956384346406;32.70188417323239;32.70188417323239;32.70188417323239;1.9902262256959617;1.9902262256959617;1.9902262256959617;1.9902262256959617;-5.647442713047839;-5.647442713047839;18.789258005839713;35.55176458345595;18.789258005839713;21.9541868574801;31.189012409839727;23.003364788240486;21.9541868574801;21.030884918936042;4.948775301823977;5.278679297215931;-2.0590497274000206;19.534955825895906;35.26143482924709;20.24799632980848;19.534955825895906;19.534955825895906;35.26143482924709;19.374628682415498;13.716359399504574;-12.538645386959592;-0.6932594275278452;-0.6932594275278452;-14.29163407244775;-9.741672109552182;-4.732451547744;-4.732451547744;-29.34288433292769;-38.24844883875302;-38.24844883875302;-38.24844883875302;-36.91521090610366;-36.91521090610366;-38.114177288632355;-38.114177288632355;
9.16835381354376;9.16835381354376;9.16835381354376;4.018007542487975;4.018007542487975;4.018007542487975;4.018007542487975;13.133573691743893;13.133573691743893;13.133573691743893;-4.110978662768224;-4.110978662768224;-4.110978662768224;-4.110978662768224;-9.52816039701597;-9.52816039701597;23.144854155279834;28.672104833150865;23.144854155279834;26.930095599160953;25.755838403280794;19.04398571608005;26.930095599160953;28.071439488312127;14.525780608608098;10.300736411071814;12.082075124199987;26.66705295063145;19.374628682415498;27.310954595935414;26.66705295063145;26.66705295063145;19.374628682415498;28.39665814947152;-1.6705392788318831;1.2572182576799802;16.127789304824287;16.127789304824287;-2.8962850168159937;-4.3140708771840535;11.849097652751704;11.849097652751704;-9.581595686976149;-17.37472833358413;-17.37472833358413;-17.37472833358413;-16.053790033368166;-16.053790033368166;-18.851580663544002;-18.851580663544002;
28.53272442223743;28.53272442223743;28.53272442223743;26.04830477457124;26.04830477457124;26.04830477457124;26.04830477457124;28.12651446053612;28.12651446053612;28.12651446053612;19.342137374608367;19.342137374608367;19.342137374608367;19.342137374608367;14.996852830595925;14.996852830595925;1.8377105433199903;7.230962264088074;1.8377105433199903;1.845136797540088;6.49026228531998;6.065249953519988;1.845136797540088;0.7062691906279429;-1.654980229647868;0.2879097665679688;-4.470084282700122;-0.8600037282921377;13.716359399504574;-0.5807270566158425;-0.8600037282921377;-0.8600037282921377;13.716359399504574;-1.6705392788318831;24.036477039991293;-6.497540326080041;-6.770712480443927;-6.770712480443927;-6.077306053103934;-0.4960083078959647;-9.850309253512183;-9.850309253512183;-14.806797817143977;-18.91308277949609;-18.91308277949609;-18.91308277949609;-19.57135136429159;-19.57135136429159;-19.157586092235764;-19.157586092235764;
-2.9211964056401873;-2.9211964056401873;-2.9211964056401873;1.06252154971998;1.06252154971998;1.06252154971998;1.06252154971998;-9.609742652640245;-9.609742652640245;-9.609742652640245;6.040571202080156;6.040571202080156;6.040571202080156;6.040571202080156;9.523374627959823;9.523374627959823;3.21914637319989;-13.587025213119903;3.21914637319989;1.3777364153999905;-12.96188959679933;-0.22251208479998863;1.3777364153999905;1.675551042279965;17.490523967519184;15.703307341679563;18.651784762999643;0.09515059307999012;-12.538645386959592;0.9376108418399898;0.09515059307999012;0.09515059307999012;-12.538645386959592;1.2572182576799802;-6.497540326080041;27.201486559199815;16.438456177559146;16.438456177559146;24.65073059096032;19.38514218903996;15.034309880879693;15.034309880879693;13.824863020560196;16.471970223039794;16.471970223039794;16.471970223039794;14.917785513080156;14.917785513080156;17.54415764563964;17.54415764563964;
-0.5581531159019217;-0.5581531159019217;-0.5581531159019217;0.3732816237459086;0.3732816237459086;0.3732816237459086;0.3732816237459086;-1.2776414652516754;-1.2776414652516754;-1.2776414652516754;1.3136885507438938;1.3136885507438938;1.3136885507438938;1.3136885507438938;1.5884987380779243;1.5884987380779243;13.628070299260278;5.214891051883946;13.628070299260278;16.38330027347002;5.278068390260033;9.909364800359924;16.38330027347002;16.74499270985378;18.810949509535803;13.672836499523878;20.81086552514961;15.852957614794434;-0.6932594275278452;15.781789267811432;15.852957614794434;15.852957614794434;-0.6932594275278452;16.127789304824287;-6.770712480443927;16.438456177559146;23.136633145358562;23.136633145358562;12.94379291272828;7.606942951771712;17.583294240083738;17.583294240083738;9.521522213508337;5.265406382971731;5.265406382971731;5.265406382971731;5.765163766794116;5.765163766794116;3.106661905902097;3.106661905902097;
-0.5581531159019217;-0.5581531159019217;-0.5581531159019217;0.3732816237459086;0.3732816237459086;0.3732816237459086;0.3732816237459086;-1.2776414652516754;-1.2776414652516754;-1.2776414652516754;1.3136885507438938;1.3136885507438938;1.3136885507438938;1.3136885507438938;1.5884987380779243;1.5884987380779243;13.628070299260278;5.214891051883946;13.628070299260278;16.38330027347002;5.278068390260033;9.909364800359924;16.38330027347002;16.74499270985378;18.810949509535803;13.672836499523878;20.81086552514961;15.852957614794434;-0.6932594275278452;15.781789267811432;15.852957614794434;15.852957614794434;-0.6932594275278452;16.127789304824287;-6.770712480443927;16.438456177559146;23.136633145358562;23.136633145358562;12.94379291272828;7.606942951771712;17.583294240083738;17.583294240083738;9.521522213508337;5.265406382971731;5.265406382971731;5.265406382971731;5.765163766794116;5.765163766794116;3.106661905902097;3.106661905902097;
-5.104273127431962;-5.104273127431962;-5.104273127431962;0.3784882589360611;0.3784882589360611;0.3784882589360611;0.3784882589360611;-12.69980732203186;-12.69980732203186;-12.69980732203186;8.263257707903776;8.263257707903776;8.263257707903776;8.263257707903776;12.396866076248575;12.396866076248575;1.7544004181599302;-15.957708103856303;1.7544004181599302;-0.8149760194799921;-15.214609335839603;-1.7657761542399724;-0.8149760194799921;-0.9896064613360157;16.364435766576385;14.853166488384062;17.545782537399774;-3.7727669622960263;-14.29163407244775;-2.7756935970081065;-3.7727669622960263;-3.7727669622960263;-14.29163407244775;-2.8962850168159937;-6.077306053103934;24.65073059096032;12.94379291272828;12.94379291272828;25.660169695648243;17.31834040635255;14.132758487344171;14.132758487344171;15.592293898128455;18.562629435551536;18.562629435551536;18.562629435551536;17.176284809703684;17.176284809703684;19.206200327431546;19.206200327431546;
2.1233790069320113;2.1233790069320113;2.1233790069320113;5.6964433125641944;5.6964433125641944;5.6964433125641944;5.6964433125641944;-4.076712970967869;-4.076712970967869;-4.076712970967869;9.530563408096443;9.530563408096443;9.530563408096443;9.530563408096443;13.093675898251895;13.093675898251895;-0.02653239315999888;-12.759862335143831;-0.02653239315999888;-1.927429468019987;-12.56629935916035;-0.9530163557599851;-1.927429468019987;-3.946908230164021;9.859388227424121;11.563683552616007;9.865537835100364;-2.898124344203998;-9.741672109552182;-2.363770949992014;-2.898124344203998;-2.898124344203998;-9.741672109552182;-4.3140708771840535;-0.4960083078959647;19.38514218903996;7.606942951771712;7.606942951771712;17.31834040635255;20.785657186648013;6.428405613656042;6.428405613656042;5.166036738871779;9.686952217448138;9.686952217448138;9.686952217448138;6.317248623796;6.317248623796;13.117765723068244;13.117765723068244;
-6.799909323396217;-6.799909323396217;-6.799909323396217;-3.6747605778922754;-3.6747605778922754;-3.6747605778922754;-3.6747605778922754;-10.95213217469635;-10.95213217469635;-10.95213217469635;1.3708976829119506;1.3708976829119506;1.3708976829119506;1.3708976829119506;3.143794156643935;3.143794156643935;12.448626507479881;0.2982554046320126;12.448626507479881;11.05546230506004;-0.784317684520052;5.287232135280181;11.05546230506004;10.886616070691888;17.645435524528338;12.892114113352294;18.1113558796992;10.213071514811821;-4.732451547744;11.988097685575669;10.213071514811821;10.213071514811821;-4.732451547744;11.849097652751704;-9.850309253512183;15.034309880879693;17.583294240083738;17.583294240083738;14.132758487344171;6.428405613656042;20.078950718232466;20.078950718232466;13.2418593137838;10.225689721255971;10.225689721255971;10.225689721255971;10.820847900812055;10.820847900812055;7.774221453396152;7.774221453396152;
-6.799909323396217;-6.799909323396217;-6.799909323396217;-3.6747605778922754;-3.6747605778922754;-3.6747605778922754;-3.6747605778922754;-10.95213217469635;-10.95213217469635;-10.95213217469635;1.3708976829119506;1.3708976829119506;1.3708976829119506;1.3708976829119506;3.143794156643935;3.143794156643935;12.448626507479881;0.2982554046320126;12.448626507479881;11.05546230506004;-0.784317684520052;5.287232135280181;11.05546230506004;10.886616070691888;17.645435524528338;12.892114113352294;18.1113558796992;10.213071514811821;-4.732451547744;11.988097685575669;10.213071514811821;10.213071514811821;-4.732451547744;11.849097652751704;-9.850309253512183;15.034309880879693;17.583294240083738;17.583294240083738;14.132758487344171;6.428405613656042;20.078950718232466;20.078950718232466;13.2418593137838;10.225689721255971;10.225689721255971;10.225689721255971;10.820847900812055;10.820847900812055;7.774221453396152;7.774221453396152;
