5000
2.4714850762745977;2.7583698646568453;2.461243356772782;0.697104733394846;2.1506735156566212;2.0970295666871266;2.120232249405661;2.162748055976042;0.5709824409103131;1.8971295489997226;0.048884035388090975;-0.07681314446901462;0.8620044486854191;0.4510003873367743;1.5821618476280723;1.478009147168421;0.8832988306169981;1.7993029076122662;-0.0354654644723119;-0.001279596640094517;0.47012681891728536;1.0343204336652065;-0.1783384045898765;1.8830417239172543;0.0920347850292127;0.10879788355479937;1.7397064460621525;1.348040079285422;1.4500354176295758;0.40462176598817917;-0.5787931160148014;-0.6283573387463172;-0.607177183100551;0.21395171198511329;1.655504493346812;1.6575187102264597;-0.2944570939281696;-0.2944570939281696;-0.3438203885392183;-0.3438203885392183;-0.3438203885392183;-0.3131966732958356;-0.31930066125040824;-0.36410711725459993;-0.35698218299383083;0.4815501183226075;0.5905077486442691;0.06695555936420276;1.6286354407225954E-4;0.007321202166399959;
2.7583698646568453;5.616966148818937;5.560490258477627;-0.9953515837833041;4.674556263356982;4.595975125790254;4.814723629986554;5.142117088738264;-1.642711153741398;5.10264488868387;-2.3036072018730205;-2.6574576785678827;0.014988972146645756;-0.6459138546934073;2.8101963017134732;3.4762080798758297;-0.0557164232979638;5.236062097263426;-1.2675972281734604;-1.6938086640903913;-0.49034798683329467;1.1595860001915654;-2.334957479124173;5.366125775132008;-0.3660913205758426;-0.16204962272827683;2.6587216666065343;1.2664682004099534;3.3508345723062747;-1.3155688826164211;-3.3542328851651892;-3.438189778149597;-3.247789773634808;-1.8535363019603077;5.247661177596069;5.239091496101058;-1.322867435212755;-1.322867435212755;-1.4028920995146887;-1.4028920995146887;-1.4028920995146887;-1.1935569403592892;-1.3530119457893695;-1.429920987096652;-1.2454569442826355;0.6491985915567352;1.3439651350107922;-1.3785353032930874;-0.6011633674293627;-2.690292616011046;
2.461243356772782;5.560490258477627;7.642861813064334;-1.6428716392305072;5.768323992797287;4.545806381898177;5.08219222552837;5.346534437918959;-2.545261175096538;6.307401543174466;-3.413629309900226;-3.433464725741038;-0.23961134287168184;-1.2134303961698552;3.5701666030326593;4.49986330655569;-0.37811914356075;6.566706765800587;-2.0432712670751254;-2.356854555482435;-0.9193142865285652;0.693501331782101;-2.184186798427814;6.540070127128001;-0.023731406014444383;0.4655528700284153;3.268636850373724;0.6308510160241422;4.036807670758765;-2.0807243036806344;-3.3078280589806086;-4.490046861895315;-4.020865131675951;-2.7367088282665892;7.216563134870547;6.4326007011660655;-0.8307965670396296;-0.8307965670396296;-2.0620290257575133;-2.0620290257575133;-2.0620290257575133;-1.5572885027652221;-0.016785072888195113;-1.172657623000917;-0.7119056252635249;1.33328860582825;2.324665616487321;-2.001587187501043;-1.090729717954222;-3.7640297288365416;
0.697104733394846;-0.9953515837833041;-1.6428716392305072;6.56464942321043;-2.460281663046492;-2.6870807926662685;-1.6948504403573528;-0.8335763313724286;7.565945930407041;-2.179073491107028;4.240178620753633;4.949788531387924;1.197281884203422;7.249740413962986;-2.152865262423579;-2.563558250678655;1.1410994699854045;-2.707982365533042;3.8947483876752207;4.141945764119657;3.7876448837033303;0.55234618376088;5.960343329163211;-2.340410237614385;6.158027806836172;7.128370991906604;-1.3336406994666044;-2.039415405306391;-2.145252627405826;2.1037942098545335;2.8804796500908;2.6909771411649412;3.66927744640034;3.979423491940804;-1.8852867626214593;-1.7438676412632614;5.64479782918908;5.64479782918908;5.456410122367719;5.456410122367719;5.456410122367719;6.444090396038289;3.2806432892605617;3.1070109889573554;4.0701969180589295;2.3868108408778856;0.3506300802741309;4.0078757304404276;6.344117870241402;3.1426873211559383;
2.1506735156566212;4.674556263356982;5.768323992797287;-2.460281663046492;10.309485166183558;9.194022082048546;8.599837136168585;3.003605554419758;-2.621819321194315;8.26630822809158;-5.306389975990697;-5.761981979206431;1.0046158716547435;-1.7093955396568155;8.220163451565174;7.117123381602888;0.7647933236142249;8.408789281564829;-4.420480495863457;-4.834860436405713;-2.9111591992372143;1.786506382381039;3.2060154798704787;3.3412954679351974;-1.2813511830589837;-1.8541060836160106;2.76931664096234;5.630684254846849;6.745113608530673;-4.110457068191793;-0.044400281735401656;-1.137715377446533;-1.702723046636772;1.6684332174388314;3.6890753438996797;2.5455041965698877;4.21886709460882;4.21886709460882;3.081571800669038;3.081571800669038;3.081571800669038;2.494598672502816;-3.330998483852889;-4.394414365561964;-4.958977596856444;-1.2200499288562654;1.7481931581012096;-4.628888257173562;-2.3632151259066547;-4.8093009760385685;
2.0970295666871266;4.595975125790254;4.545806381898177;-2.6870807926662685;9.194022082048546;10.471154153527223;8.593922631096651;2.9261629590724825;-2.852202026706959;8.21894011627273;-5.58013620966643;-6.06770525224902;0.9094315321902549;-2.0025881346016816;7.224464569091513;7.127865482629516;0.7168074558058094;8.390378334573711;-4.754714292832357;-5.177394065082201;-3.1887201974801904;1.634278303684149;1.9367908943823515;3.2932824916737564;-0.4105001655854646;-2.2098735637072617;1.7910455930995017;6.959870277275357;5.802411649321067;-4.249797283627807;-1.322965122148738;-0.13322721889598363;-1.9152122607442033;1.6793097441335172;2.5689987537515666;2.4204921699480186;2.8764099511377648;2.8764099511377648;4.139596764692305;4.139596764692305;4.139596764692305;2.2744622514380146;-4.770918148523081;-3.617666763234885;-5.3625563055517445;-1.4785889689076557;1.5524267603048114;-4.832007376497442;-2.5983586488268497;-3.906558268395041;
2.120232249405661;4.814723629986554;5.08219222552837;-1.6948504403573528;8.599837136168585;8.593922631096651;9.14081530821707;5.1041880314122965;-3.162123896642804;9.04399104272719;-5.598491181997069;-4.937585576675625;1.5316452658630748;-2.2617600844427512;6.261586862963824;6.566527085992964;1.3639706408984025;9.247064287889263;-4.714371488675282;-5.135550783495747;-3.269798508160094;1.3130779610875223;0.8369870360221016;4.513957979967445;-1.5996992210511594;-1.0442473237656735;2.0894903862046905;4.8482303216021325;7.1551386608965375;-3.847900161418714;-2.0984043251424125;-2.1261096816432112;-1.6099537032275535;0.5789705316389362;5.040998800655672;4.892839792315246;1.817663284860011;1.817663284860011;1.8014605271037354;1.8014605271037354;1.8014605271037354;2.3332517548546106;-4.445770509814679;-4.470581230827366;-3.929823972257759;-1.3585211728972268;2.4757198987633067;-3.1660424711657447;-2.103166739729263;-5.062584367641397;
2.162748055976042;5.142117088738264;5.346534437918959;-0.8335763313724286;3.003605554419758;2.9261629590724825;5.1041880314122965;10.055586308798873;-3.435476605129523;5.630521771491426;-4.738725012438041;-3.2140609494043204;-0.19324980173386405;-2.6417380499285446;0.28630168797544;1.6653153777981704;-0.23997215359891577;5.771943527658025;-3.9121929387774874;-4.240441961745426;-2.677956778641473;-0.9353865197920787;-5.341281529525239;8.744621701803693;-2.239378305416687;-0.10997341129830038;2.5484050529047746;-0.7565057473046316;7.081112286022549;-1.3610256627306923;-6.785948813204276;-6.871296796960215;-4.846175478573138;-4.500476061357467;10.317424677403372;10.736555203126475;-4.5505273980063405;-4.5505273980063405;-4.634453513446639;-4.634453513446639;-4.634453513446639;-2.5167113263100283;-3.748593769972496;-3.826890214869255;-1.7783026947348617;-0.7134790036259497;1.1549631399262688;1.4372764575834345;0.9575244421171025;-5.104715346140683;
0.5709824409103131;-1.642711153741398;-2.545261175096538;7.565945930407041;-2.621819321194315;-2.852202026706959;-3.162123896642804;-3.435476605129523;11.340265109378091;-4.082627596893326;4.533021036045915;4.163966421294783;0.5978832059251484;11.261789528680138;-1.6420823026658147;-2.8169166016048153;0.4377325152770256;-4.693910876387859;4.387897461612474;5.298343542034832;5.475719816783372;2.02478751410347;9.580871524414343;-4.197286865652776;9.220235294997583;8.873545739953519;-2.354138758737626;-1.7360905745661697;-4.509213656425877;1.4527365357425355;3.6486644465642595;3.4568239911252125;3.1803117984097575;6.768402221348788;-4.843308527831798;-4.889423744550891;9.50254962160756;9.50254962160756;9.314132652407277;9.314132652407277;9.314132652407277;8.988208792307043;3.527031175870135;3.3501534352831297;3.0354684251410364;3.2944457730828445;-0.5045821706335003;3.019307229601153;8.793292588478618;3.4733736939879076;
1.8971295489997226;5.10264488868387;6.307401543174466;-2.179073491107028;8.26630822809158;8.21894011627273;9.04399104272719;5.630521771491426;-4.082627596893326;9.869262499848826;-6.12574398426339;-5.255663844623542;1.2297508746764514;-2.820967321816066;5.733004306933513;7.180930514547537;1.0376966594685275;10.265498345584428;-4.86310835686137;-5.361776174881476;-3.4244034272595427;0.9602225947578904;-0.6199982166699236;5.882444032802064;-1.2040767069106342;-0.39557088946568625;2.0495329328683565;3.9838358586765965;6.800747563522869;-4.206434665423566;-3.2003517876243794;-3.2690027350330753;-2.511852305334567;-0.7343598902281727;6.478472803174329;6.349033687087664;0.7077167459960774;0.7077167459960774;0.6498584213249212;0.6498584213249212;0.6498584213249212;1.4366611580121107;-3.6874039934042218;-3.7531813467405657;-2.964209645362985;-0.5767324126312052;3.399959879105135;-3.3991982658034456;-2.5298939828205538;-5.631453545410973;
0.048884035388090975;-2.3036072018730205;-3.413629309900226;4.240178620753633;-5.306389975990697;-5.58013620966643;-5.598491181997069;-4.738725012438041;4.533021036045915;-6.12574398426339;13.931075112064466;13.35151880447876;-0.48868953786364155;3.4955086921883316;-4.360616154018312;-5.067913971823404;-0.41378234982617795;-6.671146983992553;12.921174161619284;12.951455456013123;7.138063940351276;-0.595567564962979;1.5836804106601112;-5.46042757617336;2.203033509820474;2.17922244160921;-0.11957022494169336;-3.587391603141504;-6.157466896839969;8.95973567861962;10.85301045651435;10.619957962166382;10.643050402286727;1.7212329287567274;-5.688479747131254;-5.712492659793091;0.48207527432490727;0.48207527432490727;0.24362923267261463;0.24362923267261463;0.24362923267261463;0.26038819905797256;11.763254313396999;11.546285611211122;11.54755390189372;2.2395685535386645;-2.0556582974010604;5.587392962828235;1.2637192218044282;11.754140776753884;
-0.07681314446901462;-2.6574576785678827;-3.433464725741038;4.949788531387924;-5.761981979206431;-6.06770525224902;-4.937585576675625;-3.2140609494043204;4.163966421294783;-5.255663844623542;13.35151880447876;14.011834324570072;0.0781913263071;3.043205201151494;-5.088289854022023;-5.348647488352862;0.19120864788501912;-5.814850180033009;12.249337756862415;12.484366584606038;6.657042218094277;-1.1726636439806588;0.93178753255265;-4.7342063905567695;1.8574679213224075;2.9861390108858155;-0.20548340587816402;-4.21137973850235;-4.9577167029974465;9.022605777500598;10.212825483579875;9.95212154731405;11.100500196820109;1.1530090347359332;-4.117158381821316;-3.9512901098207522;-0.25166416196894154;-0.25166416196894154;-0.5192517936053473;-0.5192517936053473;-0.5192517936053473;0.6430269194268656;11.44217325488325;11.200047946744457;12.344509839221502;2.0406508116429016;-1.365058775701907;6.773820725850458;1.510264046736005;11.275243956241297;
0.8620044486854191;0.014988972146645756;-0.23961134287168184;1.197281884203422;1.0046158716547435;0.9094315321902549;1.5316452658630748;-0.19324980173386405;0.5978832059251484;1.2297508746764514;-0.48868953786364155;0.0781913263071;4.502635861397958;0.18314498655934158;0.765102806833177;0.5618829778323048;4.4981829105966415;0.9290483384342575;-0.8926861684868107;-0.8658423459772635;-0.38242861044140336;2.519039878380873;1.538049054121341;-1.251529007657817;-0.15967681941239856;0.4569599063499842;0.18577934555482972;1.052636954206267;0.7771906044396225;-0.3230392844549978;0.4912071798642327;0.41010279617268897;1.0243124922940718;1.48174286415059;-0.7872406129423809;-0.7674146368889019;1.1380425055921997;1.1380425055921997;1.0575179399703343;1.0575179399703343;1.0575179399703343;1.690253547178441;-1.121452835184153;-1.1972763012519745;-0.5927853173128816;0.48622324325489785;3.8612291301315618;-0.08623845400213566;-0.5389369141518717;-0.5591004239762228;
0.4510003873367743;-0.6459138546934073;-1.2134303961698552;7.249740413962986;-1.7093955396568155;-2.0025881346016816;-2.2617600844427512;-2.6417380499285446;11.261789528680138;-2.820967321816066;3.4955086921883316;3.043205201151494;0.18314498655934158;12.202590444608392;-0.8313217572613757;-1.5816456728061798;-0.07338933675264901;-3.36102829895313;4.341325213322598;5.26981972774175;5.921567966567357;2.745068708558228;9.403592132004272;-2.9371094688667627;10.41097157009957;10.112966275097653;-2.7823391779448214;-2.097317371125478;-4.749506867199506;0.4604350772890161;2.474121934540487;2.220684081379144;1.9965573661959517;6.366439765726753;-3.7652996107738708;-3.8124418218991143;10.346597948729366;10.346597948729366;10.09883156492562;10.09883156492562;10.09883156492562;9.81821514689685;3.8140780183926073;3.57831571890371;3.3160471060895222;4.264823102890792;0.3847513015161154;2.3288820118850926;9.568583362979892;2.298608031411896;
1.5821618476280723;2.8101963017134732;3.5701666030326593;-2.152865262423579;8.220163451565174;7.224464569091513;6.261586862963824;0.28630168797544;-1.6420823026658147;5.733004306933513;-4.360616154018312;-5.088289854022023;0.765102806833177;-0.8313217572613757;9.103545038731923;7.281829342022083;0.5673405821276791;5.829726198303501;-3.5837647400276156;-3.795865274025613;-2.165010269497036;1.9283087807751536;3.7730004220727227;0.8131475405160185;-0.7995877585366465;-1.7005907775254827;1.1263414000412846;5.626961157452036;3.907450568603;-3.7615255606876934;0.6888323020133174;-0.280654801905996;-1.1579326601881739;2.3360151806115415;0.5553845066888096;-0.4775067362265675;4.677851905062009;4.677851905062009;3.6634235335735106;3.6634235335735106;3.6634235335735106;2.7492218226879674;-2.790327396531114;-3.7322056768041683;-4.61374472355398;-1.038813724607448;1.1883338586098293;-4.752659591413532;-2.172064453538848;-2.893431365724475;
1.478009147168421;3.4762080798758297;4.49986330655569;-2.563558250678655;7.117123381602888;7.127865482629516;6.566527085992964;1.6653153777981704;-2.8169166016048153;7.180930514547537;-5.067913971823404;-5.348647488352862;0.5618829778323048;-1.5816456728061798;7.281829342022083;8.275084145167167;0.3777898748914413;7.83125039574189;-3.842625553079036;-4.103630340522099;-2.365443123508925;1.65635969614807;0.8859179986511736;3.3136114126219316;-0.3016709665995919;-0.8497066243223539;0.5394861842165882;4.507658894284498;3.2351237328614064;-4.03156982549139;-1.7019391477685084;-1.7073696189351195;-2.2465557413873367;0.6459853262100542;2.1540161483422424;1.9073009774325347;2.1904144155764977;2.1904144155764977;2.192996895357598;2.192996895357598;2.192996895357598;1.633125119511316;-2.8261358078898207;-2.8286588439992473;-3.3616757744545613;-0.07869628631399116;2.4567762404709983;-4.675117989559958;-2.544351182194039;-3.570753619420434;
0.8832988306169981;-0.0557164232979638;-0.37811914356075;1.1410994699854045;0.7647933236142249;0.7168074558058094;1.3639706408984025;-0.23997215359891577;0.4377325152770256;1.0376966594685275;-0.41378234982617795;0.19120864788501912;4.4981829105966415;-0.07338933675264901;0.5673405821276791;0.3777898748914413;4.676712768981598;0.7363169547401106;-0.9154059881223574;-0.9050855648707902;-0.4858476530202508;2.325066462797176;1.2287102254353433;-1.342599115424353;-0.4155309570968868;0.2212637464621755;0.20866192802186065;0.9637655066939235;0.672286528665188;-0.02886552099021034;0.3964341357938962;0.3656940241438497;1.0044168681852685;1.2717908483219977;-0.8934464778348373;-0.8331296373777584;0.7347470882268449;0.7347470882268449;0.6998933041832892;0.6998933041832892;0.6998933041832892;1.3543680335424706;-1.2116733602731902;-1.237839074701891;-0.6114148160386577;0.34145785186278305;3.7274536660844215;-0.058544752479736784;-0.7631939154958425;-0.25374992600101687;
1.7993029076122662;5.236062097263426;6.566706765800587;-2.707982365533042;8.408789281564829;8.390378334573711;9.247064287889263;5.771943527658025;-4.693910876387859;10.265498345584428;-6.671146983992553;-5.814850180033009;0.9290483384342575;-3.36102829895313;5.829726198303501;7.83125039574189;0.7363169547401106;11.042423054804198;-5.335371409575245;-5.846951123718977;-3.8262415892978163;0.7450699703569731;-1.2312224185049487;6.60035000226387;-1.5976542735553068;-0.7662925528186374;1.9492822821074758;3.9330484666710395;6.8186652990613945;-4.54682700683181;-3.747590449832356;-3.7938824684518306;-3.014573493448563;-1.2129908523753627;6.692417291552165;6.612390948098705;0.1702132074826732;0.1702132074826732;0.13618509197582926;0.13618509197582926;0.13618509197582926;0.9491455072427546;-4.055472279159647;-4.097542311676187;-3.2886729938550325;-0.6410632970338462;3.3438291422974347;-3.8353868066143346;-2.9704081243318834;-6.128057761475048;
-0.0354654644723119;-1.2675972281734604;-2.0432712670751254;3.8947483876752207;-4.420480495863457;-4.754714292832357;-4.714371488675282;-3.9121929387774874;4.387897461612474;-4.86310835686137;12.921174161619284;12.249337756862415;-0.8926861684868107;4.341325213322598;-3.5837647400276156;-3.842625553079036;-0.9154059881223574;-5.335371409575245;12.894117005144428;12.931332244494058;7.583227796488216;0.10577489508028878;1.2820269884299627;-4.1607542700099005;3.311677019699074;3.3447387730370357;-0.49813291042598035;-3.9504784707025142;-6.389591795341262;7.989524878155175;9.631457431095315;9.338491087647162;9.422831139378836;1.2537144028901546;-4.56418162487603;-4.58393862904088;1.1717047909371034;1.1717047909371034;0.8758109419620694;0.8758109419620694;0.8758109419620694;0.9462587787478184;12.072499836747129;11.797913060557372;11.86093196514363;3.211916820165614;-1.1588840728099703;4.913688416367063;1.9447825837164765;10.588950574245466;
-0.001279596640094517;-1.6938086640903913;-2.356854555482435;4.141945764119657;-4.834860436405713;-5.177394065082201;-5.135550783495747;-4.240441961745426;5.298343542034832;-5.361776174881476;12.951455456013123;12.484366584606038;-0.8658423459772635;5.26981972774175;-3.795865274025613;-4.103630340522099;-0.9050855648707902;-5.846951123718977;12.931332244494058;13.81399953336535;8.521448843562249;0.8588609516770975;1.3651279744658624;-4.486763642737742;3.512923376864176;3.545258152793932;-0.7538287023749085;-4.158238461143434;-6.988616837419048;8.145799734091986;9.672831441350983;9.373073689909248;9.461992642316844;1.8524271772593677;-5.090194161882046;-5.035159095698814;1.2597831627493181;1.2597831627493181;0.9564152217981741;0.9564152217981741;0.9564152217981741;1.0313534030919793;12.23097190182936;11.95038944125428;12.01235887260675;3.4938263673490395;-1.2124561013103974;5.114068767856401;2.2204862164261367;10.78344659737522;
0.47012681891728536;-0.49034798683329467;-0.9193142865285652;3.7876448837033303;-2.9111591992372143;-3.1887201974801904;-3.269798508160094;-2.677956778641473;5.475719816783372;-3.4244034272595427;7.138063940351276;6.657042218094277;-0.38242861044140336;5.921567966567357;-2.165010269497036;-2.365443123508925;-0.4858476530202508;-3.8262415892978163;7.583227796488216;8.521448843562249;8.353337485339747;1.7824057963815918;2.1778543988348016;-2.719116321274938;4.357983850678941;4.251304090355225;-1.4582146878094755;-2.9556922665933056;-5.361907890573611;3.8313305017589325;4.669637747568737;4.428255228410768;4.375952254755711;2.2125399454570434;-3.423627082231647;-3.3814877272568293;2.5656219283388584;2.5656219283388584;2.3226051658943225;2.3226051658943225;2.3226051658943225;2.2575796063734703;7.154051726344261;6.92956800256761;6.83721686739294;4.200955974511278;-0.1984379897426163;4.732069365216402;3.2035687285818506;5.662441044735829;
1.0343204336652065;1.1595860001915654;0.693501331782101;0.55234618376088;1.786506382381039;1.634278303684149;1.3130779610875223;-0.9353865197920787;2.02478751410347;0.9602225947578904;-0.595567564962979;-1.1726636439806588;2.519039878380873;2.745068708558228;1.9283087807751536;1.65635969614807;2.325066462797176;0.7450699703569731;0.10577489508028878;0.8588609516770975;1.7824057963815918;5.605511217086892;1.8585725022532393;-0.8762114842499468;1.4054962297341778;1.0744257480094488;-0.8953230254654695;0.8402267734764225;-1.2969923254838778;-0.9786123164863036;-0.05120960550158672;-0.1910359735894765;-0.4758003389950126;2.227808749487707;-1.7527581895272373;-1.7365531959872311;2.5815101707292554;2.5815101707292554;2.445834383659568;2.445834383659568;2.445834383659568;2.1382507789266385;-0.3209485011767269;-0.4518976597746698;-0.7709589194418739;1.8873161504647415;2.8730657743780244;-1.4360410113631625;0.49378881540189756;-1.0147805343221536;
-0.1783384045898765;-2.334957479124173;-2.184186798427814;5.960343329163211;3.2060154798704787;1.9367908943823515;0.8369870360221016;-5.341281529525239;9.580871524414343;-0.6199982166699236;1.5836804106601112;0.93178753255265;1.538049054121341;9.403592132004272;3.7730004220727227;0.8859179986511736;1.2287102254353433;-1.2312224185049487;1.2820269884299627;1.3651279744658624;2.1778543988348016;1.8585725022532393;15.290640917013615;-6.020061359865895;8.258569870689634;7.143367763378941;-2.091242451438294;2.6516867643229585;-0.6230537798801219;-1.4641600849186411;7.062953112551478;5.842281409026748;4.814339990390934;9.77261053115619;-5.924577466898573;-7.172109587233283;15.204289335079876;15.204289335079876;13.932497004620375;13.932497004620375;13.932497004620375;12.810717464778067;1.5076754228608247;0.3285222854995781;-0.722152711427777;1.1784201209371505;-0.07190402962731465;-0.3270235627653624;6.916240799050493;1.2134112709779366;
1.8830417239172543;5.366125775132008;6.540070127128001;-2.340410237614385;3.3412954679351974;3.2932824916737564;4.513957979967445;8.744621701803693;-4.197286865652776;5.882444032802064;-5.46042757617336;-4.7342063905567695;-1.251529007657817;-2.9371094688667627;0.8131475405160185;3.3136114126219316;-1.342599115424353;6.60035000226387;-4.1607542700099005;-4.486763642737742;-2.719116321274938;-0.8762114842499468;-6.020061359865895;9.872076173192335;-1.5745076300932361;-0.4122803526273291;2.2293879553701186;-0.7391262419474112;5.385785320832442;-2.022591008854109;-7.397257014283974;-7.463400915521512;-6.367315109272364;-5.133612111989597;9.824839328406135;10.091325893634389;-4.771655149846983;-4.771655149846983;-4.833692030927364;-4.833692030927364;-4.833692030927364;-3.6726277851410507;-3.0668253869194366;-3.1275329816864224;-2.0224946240508106;0.1930972225729968;1.3305234755258084;-0.4602259526890988;0.2540519089562769;-5.591489066466122;
0.0920347850292127;-0.3660913205758426;-0.023731406014444383;6.158027806836172;-1.2813511830589837;-0.4105001655854646;-1.5996992210511594;-2.239378305416687;9.220235294997583;-1.2040767069106342;2.203033509820474;1.8574679213224075;-0.15967681941239856;10.41097157009957;-0.7995877585366465;-0.3016709665995919;-0.4155309570968868;-1.5976542735553068;3.311677019699074;3.512923376864176;4.357983850678941;1.4054962297341778;8.258569870689634;-1.5745076300932361;11.420309766880072;10.189239216735025;-2.836311650072444;-1.2483803955136195;-4.418026572239025;-0.5086517290327818;1.367767548209533;2.236217649459745;1.0913831645936605;4.89805652878388;-2.4323489760156196;-2.368602809242231;9.460495230593848;9.460495230593848;10.400198303731043;10.400198303731043;10.400198303731043;9.14941748541416;3.7098284956478333;4.566476832227396;3.4134797888987505;4.447797490350078;1.2396210985720544;1.3466527272891178;8.529455775124964;2.05117526896093;
0.10879788355479937;-0.16204962272827683;0.4655528700284153;7.128370991906604;-1.8541060836160106;-2.2098735637072617;-1.0442473237656735;-0.10997341129830038;8.873545739953519;-0.39557088946568625;2.17922244160921;2.9861390108858155;0.4569599063499842;10.112966275097653;-1.7005907775254827;-0.8497066243223539;0.2212637464621755;-0.7662925528186374;3.3447387730370357;3.545258152793932;4.251304090355225;1.0744257480094488;7.143367763378941;-0.4122803526273291;10.189239216735025;11.308771726932594;-2.5615852265128196;-3.2321155116305214;-3.1000887392613263;-0.11687807333985752;0.6098802696330888;0.29615069981529385;1.421116915423123;3.8238885173987898;-0.05467578797067578;0.014705924042517906;8.384754708343287;8.384754708343287;8.074977634443444;8.074977634443444;8.074977634443444;9.202043993657306;4.0017107301199;3.7066117260249416;4.826071286836257;4.5313201744952725;2.1355457084262337;2.9868406487889003;8.98859387768194;0.9144123426337363;
1.7397064460621525;2.6587216666065343;3.268636850373724;-1.3336406994666044;2.76931664096234;1.7910455930995017;2.0894903862046905;2.5484050529047746;-2.354138758737626;2.0495329328683565;-0.11957022494169336;-0.20548340587816402;0.18577934555482972;-2.7823391779448214;1.1263414000412846;0.5394861842165882;0.20866192802186065;1.9492822821074758;-0.49813291042598035;-0.7538287023749085;-1.4582146878094755;-0.8953230254654695;-2.091242451438294;2.2293879553701186;-2.836311650072444;-2.5615852265128196;4.5609556416255455;0.3563019899370398;3.258273356784003;0.47331464773955856;-0.05665036019778352;-1.0014371479120623;-0.7439148111577263;-2.0753300385787776;3.4670499780510116;2.808426301650451;-2.507208862075254;-2.507208862075254;-3.49162049388833;-3.49162049388833;-3.49162049388833;-3.197927325154907;0.07651520897972905;-0.8427742667055568;-0.5959377015465696;-1.1988667698159765;-0.16390390675370392;-0.8999230005504771;-2.6114246340024194;-0.4814115329138159;
1.348040079285422;1.2664682004099534;0.6308510160241422;-2.039415405306391;5.630684254846849;6.959870277275357;4.8482303216021325;-0.7565057473046316;-1.7360905745661697;3.9838358586765965;-3.587391603141504;-4.21137973850235;1.052636954206267;-2.097317371125478;5.626961157452036;4.507658894284498;0.9637655066939235;3.9330484666710395;-3.9504784707025142;-4.158238461143434;-2.9556922665933056;0.8402267734764225;2.6516867643229585;-0.7391262419474112;-1.2483803955136195;-3.2321155116305214;0.3563019899370398;8.123590169548823;3.11682666615685;-2.9035149484437857;0.5338024123141712;1.7756559528679352;-0.1969727923496678;3.4879567557966658;-1.7231123011181708;-1.7624672656312903;2.3435880349694593;2.3435880349694593;3.6424370690760894;3.6424370690760894;3.6424370690760894;1.5947224653722454;-4.508804299824111;-3.325019835487524;-5.251508699336285;-2.324926985657018;0.006399554048493761;-4.038042982108406;-3.0311867255147567;-1.8011143757289327;
1.4500354176295758;3.3508345723062747;4.036807670758765;-2.145252627405826;6.745113608530673;5.802411649321067;7.1551386608965375;7.081112286022549;-4.509213656425877;6.800747563522869;-6.157466896839969;-4.9577167029974465;0.7771906044396225;-4.749506867199506;3.907450568603;3.2351237328614064;0.672286528665188;6.8186652990613945;-6.389591795341262;-6.988616837419048;-5.361907890573611;-1.2969923254838778;-0.6230537798801219;5.385785320832442;-4.418026572239025;-3.1000887392613263;3.258273356784003;3.11682666615685;10.267181868904798;-2.9885129274234634;-2.830239617845436;-3.7568460038116913;-2.51956317968563;-1.34660875924446;7.965201982544721;7.363068237661497;-0.8046823369470418;-0.8046823369470418;-1.7716505939427578;-1.7716505939427578;-1.7716505939427578;-0.4723326874869115;-5.735785933767012;-6.638925523203797;-5.380673958324189;-3.502633120032753;0.3684395749516984;-0.9993639100405551;-1.690902768620955;-5.880526143916785;
0.40462176598817917;-1.3155688826164211;-2.0807243036806344;2.1037942098545335;-4.110457068191793;-4.249797283627807;-3.847900161418714;-1.3610256627306923;1.4527365357425355;-4.206434665423566;8.95973567861962;9.022605777500598;-0.3230392844549978;0.4604350772890161;-3.7615255606876934;-4.03156982549139;-0.02886552099021034;-4.54682700683181;7.989524878155175;8.145799734091986;3.8313305017589325;-0.9786123164863036;-1.4641600849186411;-2.022591008854109;-0.5086517290327818;-0.11687807333985752;0.47331464773955856;-2.9035149484437857;-2.9885129274234634;7.3705200701739875;6.162113266943388;6.052379289837182;6.464935526843765;-0.5314839406703291;-2.190486047423375;-2.024932298935995;-2.5098374240617347;-2.5098374240617347;-2.630360582313581;-2.630360582313581;-2.630360582313581;-2.205065530370392;7.1942672370178045;7.095281167955237;7.489589221815795;0.759308888998087;-1.6611881894008813;4.437443167143474;0.3895179385347445;7.821319052204575;
-0.5787931160148014;-3.3542328851651892;-3.3078280589806086;2.8804796500908;-0.044400281735401656;-1.322965122148738;-2.0984043251424125;-6.785948813204276;3.6486644465642595;-3.2003517876243794;10.85301045651435;10.212825483579875;0.4912071798642327;2.474121934540487;0.6888323020133174;-1.7019391477685084;0.3964341357938962;-3.747590449832356;9.631457431095315;9.672831441350983;4.669637747568737;-0.05120960550158672;7.062953112551478;-7.397257014283974;1.367767548209533;0.6098802696330888;-0.05665036019778352;0.5338024123141712;-2.830239617845436;6.162113266943388;14.009119929973542;12.767699949643621;12.065456989136642;5.142234653715527;-7.114466663724502;-8.22360566535774;5.890208326217617;5.890208326217617;4.613689224108689;4.613689224108689;4.613689224108689;3.87548770605234;9.686662387508198;8.487228786187652;7.773864801515068;0.4125881112656867;-1.6802349789736357;2.497842810680241;-0.31497439111558934;9.540126246707514;
-0.6283573387463172;-3.438189778149597;-4.490046861895315;2.6909771411649412;-1.137715377446533;-0.13322721889598363;-2.1261096816432112;-6.871296796960215;3.4568239911252125;-3.2690027350330753;10.619957962166382;9.95212154731405;0.41010279617268897;2.220684081379144;-0.280654801905996;-1.7073696189351195;0.3656940241438497;-3.7938824684518306;9.338491087647162;9.373073689909248;4.428255228410768;-0.1910359735894765;5.842281409026748;-7.463400915521512;2.236217649459745;0.29615069981529385;-1.0014371479120623;1.7756559528679352;-3.7568460038116913;6.052379289837182;12.767699949643621;13.76900501567331;11.878650186662162;5.1528904848687285;-8.195608263633432;-8.353761277906367;4.601147356438536;4.601147356438536;5.647842950532217;5.647842950532217;5.647842950532217;3.6791619282813035;8.304638859812014;9.27842110118772;7.414894838671316;0.18083544455344305;-1.8605764933968902;2.324677323885612;-0.520174825280384;10.470229500255327;
-0.607177183100551;-3.247789773634808;-4.020865131675951;3.66927744640034;-1.702723046636772;-1.9152122607442033;-1.6099537032275535;-4.846175478573138;3.1803117984097575;-2.511852305334567;10.643050402286727;11.100500196820109;1.0243124922940718;1.9965573661959517;-1.1579326601881739;-2.2465557413873367;1.0044168681852685;-3.014573493448563;9.422831139378836;9.461992642316844;4.375952254755711;-0.4758003389950126;4.814339990390934;-6.367315109272364;1.0913831645936605;1.421116915423123;-0.7439148111577263;-0.1969727923496678;-2.51956317968563;6.464935526843765;12.065456989136642;11.878650186662162;12.23385340570531;4.137993929930116;-5.935793368015717;-6.096651337398839;3.6186603137962154;3.6186603137962154;3.434216485079669;3.434216485079669;3.434216485079669;3.7725609303380803;8.644240398241775;8.470243028511355;8.837132172100247;0.30361131140936215;-0.9773009346169852;3.9372591844099243;-0.04082612250286072;9.381611045554152;
0.21395171198511329;-1.8535363019603077;-2.7367088282665892;3.979423491940804;1.6684332174388314;1.6793097441335172;0.5789705316389362;-4.500476061357467;6.768402221348788;-0.7343598902281727;1.7212329287567274;1.1530090347359332;1.48174286415059;6.366439765726753;2.3360151806115415;0.6459853262100542;1.2717908483219977;-1.2129908523753627;1.2537144028901546;1.8524271772593677;2.2125399454570434;2.227808749487707;9.77261053115619;-5.133612111989597;4.89805652878388;3.8238885173987898;-2.0753300385787776;3.4879567557966658;-1.34660875924446;-0.5314839406703291;5.142234653715527;5.1528904848687285;4.137993929930116;8.205709359594426;-5.972552066481951;-6.224389720590735;9.40792536849952;9.40792536849952;9.428874284889991;9.428874284889991;9.428874284889991;8.345401976549635;0.4338582264326264;0.43998705874638555;-0.5820629334308703;0.5619954926894989;-0.20229639566090873;-0.30113404465362814;3.764757763221223;1.5931522755064547;
1.655504493346812;5.247661177596069;7.216563134870547;-1.8852867626214593;3.6890753438996797;2.5689987537515666;5.040998800655672;10.317424677403372;-4.843308527831798;6.478472803174329;-5.688479747131254;-4.117158381821316;-0.7872406129423809;-3.7652996107738708;0.5553845066888096;2.1540161483422424;-0.8934464778348373;6.692417291552165;-4.56418162487603;-5.090194161882046;-3.423627082231647;-1.7527581895272373;-5.924577466898573;9.824839328406135;-2.4323489760156196;-0.05467578797067578;3.4670499780510116;-1.7231123011181708;7.965201982544721;-2.190486047423375;-7.114466663724502;-8.195608263633432;-5.935793368015717;-5.972552066481951;12.660197136259853;12.370050719296609;-4.849817612580547;-4.849817612580547;-5.977127850277013;-5.977127850277013;-5.977127850277013;-3.6059425110119614;-2.6922399859515056;-3.7498684390098806;-1.4630414243650607;-0.4379481576512028;1.7167529894357383;0.6763772091215637;0.021919258578054795;-6.261106379955182;
1.6575187102264597;5.239091496101058;6.4326007011660655;-1.7438676412632614;2.5455041965698877;2.4204921699480186;4.892839792315246;10.736555203126475;-4.889423744550891;6.349033687087664;-5.712492659793091;-3.9512901098207522;-0.7674146368889019;-3.8124418218991143;-0.4775067362265675;1.9073009774325347;-0.8331296373777584;6.612390948098705;-4.58393862904088;-5.035159095698814;-3.3814877272568293;-1.7365531959872311;-7.172109587233283;10.091325893634389;-2.368602809242231;0.014705924042517906;2.808426301650451;-1.7624672656312903;7.363068237661497;-2.024932298935995;-8.22360566535774;-8.353761277906367;-6.096651337398839;-6.224389720590735;12.370050719296609;12.87089491475074;-6.114122343153225;-6.114122343153225;-6.244018260166746;-6.244018260166746;-6.244018260166746;-3.8787990268585286;-3.473198411284482;-3.5962279300455595;-1.2999361374547096;-0.45303111841173554;1.7372463054680216;1.033849313850214;0.13808594837405427;-6.06189809366363;
-0.2944570939281696;-1.322867435212755;-0.8307965670396296;5.64479782918908;4.21886709460882;2.8764099511377648;1.817663284860011;-4.5505273980063405;9.50254962160756;0.7077167459960774;0.48207527432490727;-0.25166416196894154;1.1380425055921997;10.346597948729366;4.677851905062009;2.1904144155764977;0.7347470882268449;0.1702132074826732;1.1717047909371034;1.2597831627493181;2.5656219283388584;2.5815101707292554;15.204289335079876;-4.771655149846983;9.460495230593848;8.384754708343287;-2.507208862075254;2.3435880349694593;-0.8046823369470418;-2.5098374240617347;5.890208326217617;4.601147356438536;3.6186603137962154;9.40792536849952;-4.849817612580547;-6.114122343153225;16.150928987053188;16.150928987053188;14.80916631811224;14.80916631811224;14.80916631811224;13.723319395682463;1.7358153084442547;0.4896201364801855;-0.5165000807654017;2.1170902704831156;0.8248999438876666;-1.0726052018719054;7.690308678400134;0.0011248433673789098;
-0.2944570939281696;-1.322867435212755;-0.8307965670396296;5.64479782918908;4.21886709460882;2.8764099511377648;1.817663284860011;-4.5505273980063405;9.50254962160756;0.7077167459960774;0.48207527432490727;-0.25166416196894154;1.1380425055921997;10.346597948729366;4.677851905062009;2.1904144155764977;0.7347470882268449;0.1702132074826732;1.1717047909371034;1.2597831627493181;2.5656219283388584;2.5815101707292554;15.204289335079876;-4.771655149846983;9.460495230593848;8.384754708343287;-2.507208862075254;2.3435880349694593;-0.8046823369470418;-2.5098374240617347;5.890208326217617;4.601147356438536;3.6186603137962154;9.40792536849952;-4.849817612580547;-6.114122343153225;16.150928987053188;16.150928987053188;14.80916631811224;14.80916631811224;14.80916631811224;13.723319395682463;1.7358153084442547;0.4896201364801855;-0.5165000807654017;2.1170902704831156;0.8248999438876666;-1.0726052018719054;7.690308678400134;0.0011248433673789098;
-0.3438203885392183;-1.4028920995146887;-2.0620290257575133;5.456410122367719;3.081571800669038;4.139596764692305;1.8014605271037354;-4.634453513446639;9.314132652407277;0.6498584213249212;0.24362923267261463;-0.5192517936053473;1.0575179399703343;10.09883156492562;3.6634235335735106;2.192996895357598;0.6998933041832892;0.13618509197582926;0.8758109419620694;0.9564152217981741;2.3226051658943225;2.445834383659568;13.932497004620375;-4.833692030927364;10.400198303731043;8.074977634443444;-3.49162049388833;3.6424370690760894;-1.7716505939427578;-2.630360582313581;4.613689224108689;5.647842950532217;3.434216485079669;9.428874284889991;-5.977127850277013;-6.244018260166746;14.80916631811224;14.80916631811224;15.931753478000513;15.931753478000513;15.931753478000513;13.541544849626105;0.3120943038414133;1.318659094303843;-0.8800306884164035;1.886040693443831;0.6465820181266153;-1.25093922966926;7.490376819550523;0.9496680532641715;
-0.3438203885392183;-1.4028920995146887;-2.0620290257575133;5.456410122367719;3.081571800669038;4.139596764692305;1.8014605271037354;-4.634453513446639;9.314132652407277;0.6498584213249212;0.24362923267261463;-0.5192517936053473;1.0575179399703343;10.09883156492562;3.6634235335735106;2.192996895357598;0.6998933041832892;0.13618509197582926;0.8758109419620694;0.9564152217981741;2.3226051658943225;2.445834383659568;13.932497004620375;-4.833692030927364;10.400198303731043;8.074977634443444;-3.49162049388833;3.6424370690760894;-1.7716505939427578;-2.630360582313581;4.613689224108689;5.647842950532217;3.434216485079669;9.428874284889991;-5.977127850277013;-6.244018260166746;14.80916631811224;14.80916631811224;15.931753478000513;15.931753478000513;15.931753478000513;13.541544849626105;0.3120943038414133;1.318659094303843;-0.8800306884164035;1.886040693443831;0.6465820181266153;-1.25093922966926;7.490376819550523;0.9496680532641715;
-0.3438203885392183;-1.4028920995146887;-2.0620290257575133;5.456410122367719;3.081571800669038;4.139596764692305;1.8014605271037354;-4.634453513446639;9.314132652407277;0.6498584213249212;0.24362923267261463;-0.5192517936053473;1.0575179399703343;10.09883156492562;3.6634235335735106;2.192996895357598;0.6998933041832892;0.13618509197582926;0.8758109419620694;0.9564152217981741;2.3226051658943225;2.445834383659568;13.932497004620375;-4.833692030927364;10.400198303731043;8.074977634443444;-3.49162049388833;3.6424370690760894;-1.7716505939427578;-2.630360582313581;4.613689224108689;5.647842950532217;3.434216485079669;9.428874284889991;-5.977127850277013;-6.244018260166746;14.80916631811224;14.80916631811224;15.931753478000513;15.931753478000513;15.931753478000513;13.541544849626105;0.3120943038414133;1.318659094303843;-0.8800306884164035;1.886040693443831;0.6465820181266153;-1.25093922966926;7.490376819550523;0.9496680532641715;
-0.3131966732958356;-1.1935569403592892;-1.5572885027652221;6.444090396038289;2.494598672502816;2.2744622514380146;2.3332517548546106;-2.5167113263100283;8.988208792307043;1.4366611580121107;0.26038819905797256;0.6430269194268656;1.690253547178441;9.81821514689685;2.7492218226879674;1.633125119511316;1.3543680335424706;0.9491455072427546;0.9462587787478184;1.0313534030919793;2.2575796063734703;2.1382507789266385;12.810717464778067;-3.6726277851410507;9.14941748541416;9.202043993657306;-3.197927325154907;1.5947224653722454;-0.4723326874869115;-2.205065530370392;3.87548770605234;3.6791619282813035;3.7725609303380803;8.345401976549635;-3.6059425110119614;-3.8787990268585286;13.723319395682463;13.723319395682463;13.541544849626105;13.541544849626105;13.541544849626105;13.574826450209786;0.6509763760759211;0.46804566692325655;0.5614419476063498;2.0012209504577294;1.5560941659293392;0.4118899451947832;7.952064284459091;-0.17635829135658432;
