197
1.3818414530964425;1.470992778934011;1.4803553354314687;1.4159504443654836;0.8363037181218271;0.6087798255329949;0.829843791827411;0.7782482430456854;0.415520375329949;0.6721470846192895;0.765726416497462;0.8056105091878172;0.5493966563959392;0.6380702945177664;0.17936443492385784;0.40384292350253825;0.5744187244162438;0.6082724493401018;0.3948533843654822;0.3571482740609138;0.6725556830964465;0.3527650796954314;0.586494718426396;0.5530718918781728;0.2643891079695433;0.606705176852792;0.5849301781725889;0.5850676215736041;0.10538499913705597;0.5088909104060915;0.5332863009644669;0.6510096665989844;0.2742161804060914;0.48955699827411187;0.4880855125888323;0.3835807286294416;0.5049126724873099;0.4140007529949239;0.03152381720812189;-0.20261188527918803;0.29804715817258887;0.21481869974619286;0.05896375228426398;-0.009425790406091188;-0.17734681949238582;0.07102476751269052;-0.36271660964466973;-0.2934992360406088;-0.20285990304568513;-0.34143818771573603;-0.1406889286294417;-0.40466853289340116;-0.27037121710659884;-0.0270318548223351;-0.18922138304568517;0.16987267152284286;0.2140816279187817;-0.052286631827411306;-0.06805840182741106;-0.5132955558375634;-0.3893995262944163;0.07241194152284265;-0.6724191028934012;-0.6685722538071069;-0.3642492422335026;-0.4883309273604054;
1.470992778934011;1.8592054002030518;1.8109286394416217;1.775411619644672;1.2348912065482223;0.829372399898477;1.2072646782233498;1.0075452137055847;0.4788718389847718;1.0788792257868016;0.9811621192385784;1.1194376463451772;0.925369368781726;0.6060204753299491;0.08452149715736042;0.7997854607614211;0.6963898748730961;0.7337229820304567;0.5885320596446704;0.7524404082741121;1.03892053893401;0.4840271886294412;0.6699010079187817;0.6527228534517767;0.20342846086294425;0.6513092558375638;0.6576965317766497;0.6619536620812186;-0.19656759888324832;0.995631881827411;0.8415074793401014;0.9971642196954317;0.6582799118274113;0.5792313822335025;0.8091195566497462;0.7976743788324872;0.6394869361928934;0.7169504284771573;-0.04789542756345193;-0.40431203375634506;0.5419046117766496;0.6628794238578677;0.2484140752791879;-0.11050973182741101;-0.5350844977157361;-0.08581560619289333;-0.7282346734010147;-0.7285039021827404;-0.6324262237055838;-0.7081567647208121;0.06692001116751273;-0.7632903880203045;-0.6876226219796954;0.36242774329949234;-0.012310813705583781;0.31622856685279177;0.46388310563451784;0.36182427177664955;0.33384066177664984;-0.8841789012690352;-0.594563108324873;0.33484700685279184;-1.0242682580203044;-0.95430099213198;-0.497371440050761;-0.3801914781218276;
1.4803553354314687;1.8109286394416217;1.9867130490355331;1.7996630284771538;1.0898811094923853;0.7469338352791881;1.1417862923857862;1.024923327309644;0.3758382227918783;1.097823099086294;1.0504586295939093;1.2404400300507612;0.8878585233502536;0.9371939428426395;-0.04746696218274121;0.6354258804060914;0.9705450965989841;1.022801374416244;0.5432001084771575;0.5570229797461931;1.091237715431472;0.5243668512690358;0.9923014182233499;0.9462856505076143;0.37081557512690366;0.9718767064467002;0.9670488476142127;0.9787308117766501;-0.17388893807106576;0.9165016949746193;0.9799339643147208;1.1102739558375636;0.3829896749746192;0.8609152838578684;0.8879275842131981;0.6596997207106603;0.8376576079695426;0.8172760891878168;0.07742296329949244;-0.5872326246700507;0.4911133076142131;0.5334401593908631;0.14104137548223353;0.03695062502538064;-0.4604415687817258;0.11012074203045695;-0.7660545231472075;-0.6797160564974614;-0.5277744673096447;-0.7489359645177666;-0.13503965071065982;-0.8244364929441629;-0.6366840970558372;0.0857071484263961;-0.1917109773096446;0.3727811536548222;0.5448699770050762;0.17397142761421314;0.14557285761421335;-0.9455335740101526;-0.6286661871065992;0.3621872336548224;-1.1500214529441628;-1.0922688191370555;-0.5108868773604064;-0.5643429776649747;
1.4159504443654836;1.775411619644672;1.7996630284771538;1.8185688081218252;1.1271784060406085;0.8229723251776645;1.1537757306091374;0.9952203410152283;0.37217940177664943;1.0037805248730964;0.9752540088324875;1.0748570963959396;0.8686375221319795;0.587376508172589;0.06167822497461925;0.7238906911675125;0.620173441472081;0.6872943564467001;0.6596363381218276;0.6489170980203047;0.9636743143654819;0.5702188698984771;0.6143229261421319;0.5814739539593909;0.2774738659898478;0.6158817322842638;0.5996722193908629;0.632414193857868;-0.1515275769543146;0.8507341568020301;0.8183091036548222;0.9506286555329944;0.5878771468020306;0.5086556360913705;0.7608886508629443;0.7385284795431473;0.6378632941624361;0.6888372676649748;-0.004345634263959588;-0.47107224842639595;0.5233868793908629;0.48578142324873075;0.29027543076142126;-0.049427266802030315;-0.4472266464974622;-0.007164404162436525;-0.7216237565482234;-0.6613396686802029;-0.5444742610152279;-0.7063009392385792;0.025637480456852768;-0.7716343309644671;-0.6256379490355332;0.2207989417258884;-0.028200831015228425;0.41008106050761417;0.43186858263959377;0.20555713939086304;0.18061953939086303;-0.8770212952791878;-0.5440818654314722;0.3480207205076141;-1.0509371009644668;-0.9786390412690354;-0.43768122741116744;-0.3907748957868021;
0.8363037181218271;1.2348912065482223;1.0898811094923853;1.1271784060406085;2.9733497186801996;1.6657125517258893;2.9576274302030447;2.058362547005076;0.8866618372588833;2.6190277616243667;2.065019352944162;2.451476662131981;2.0390750307106584;0.18510167939086294;0.050827348324873026;1.7373823770558392;0.6539723971573603;0.7275634954822338;0.005376776040609188;1.6582252493401013;2.89621024812183;-0.2712497867005076;0.42430004538071064;0.510665131319797;-0.6001639846700508;0.34962161076142134;0.4255564097969543;0.37141903461928943;-0.625820988984771;2.8111276089340085;2.080882831218273;2.5442640051776624;1.2455841889340102;0.5948672620304569;2.279434416954314;1.4634282298477157;0.6735270047208122;2.0202890358883248;-0.5635562814213195;-0.6480688661421322;1.7209731997969528;2.2054093244162436;0.531430760253807;-0.5831763389340097;-1.1305404088324869;-0.7085336147208123;-1.2017630921827416;-1.3251161328934016;-1.2011752470050763;-1.210702499746193;0.4924830801522844;-1.222050783654823;-1.2232216763451769;1.5468829239086301;-0.055214767005076146;-0.1841248464974618;1.1917073442131978;1.671346789796954;1.5991555697969542;-1.3470040284263958;-0.9445069984771568;0.9393519335025377;-1.4429700036548216;-1.2287890337563452;-0.745224549137056;-0.138084711928934;
0.6087798255329949;0.829372399898477;0.7469338352791881;0.8229723251776645;1.6657125517258893;1.3604090900507648;1.7667978358883227;1.3621249131472086;0.47208901050761476;1.5161214871065989;1.3768045853807114;1.548083611827413;1.3451863306091372;0.42032805233502535;0.35925134142131976;1.06044142461929;0.8288441475634524;0.8514682889847719;0.23964642517766505;0.953385230862945;1.7813253055329934;0.07453245568527933;0.672175926040609;0.7500992082741116;0.04341440456852784;0.5818098020812185;0.661370614111675;0.5904707639593907;-0.059200970558375504;1.4239481790862936;1.2790664553299493;1.5367237901522848;0.6973973290862945;0.8093588188832483;1.3132955316751274;0.8329458055837559;0.49687008690355344;1.225911540761422;0.15862945878172588;-0.14968151812182742;1.0579822841116755;0.9855232680710657;0.5166865973604061;0.11011237091370554;-0.4027999061421322;-0.0631625469035534;-0.4337048132994923;-0.5369512639086292;-0.445907043147208;-0.4887735626395942;0.2521501644162436;-0.4823343959898478;-0.46293060401015207;0.5658001333502543;-0.07634686314720814;0.042375771573604136;0.7719399421827414;0.5988274941116746;0.5552084941116749;-0.5805930343654822;-0.2709221958375637;0.5840850015736043;-0.741846665989848;-0.6850513989340102;-0.2221083749746193;-0.16617799593908625;
0.829843791827411;1.2072646782233498;1.1417862923857862;1.1537757306091374;2.9576274302030447;1.7667978358883227;3.1100628830456887;2.224791605076141;0.8060688388832489;2.6465967943654816;2.3302740641624364;2.698868351979695;1.979858100659899;0.4738248308629441;-0.00439653512690354;1.5488617958375648;0.9731488573604056;1.102693282233503;0.09107371060913712;1.4094832901015222;3.044919141827411;-0.07693482050761452;0.78802480071066;0.842418909796954;-0.352622870050762;0.6749454314213196;0.7666862769543148;0.7090635192893399;-0.5946965547715739;2.643159004010152;2.3372335082741102;2.8010615976649733;1.0049792740101517;0.927922230456853;2.415858844314722;1.267532027715736;0.9159227608121832;2.2032220583248745;-0.3221940513197967;-0.8252102021319797;1.8557215869543142;1.9101978862436557;0.5902836138071066;-0.31023212401015215;-1.0352201724873102;-0.4656118108121822;-1.2637214627411166;-1.314603463401016;-1.1285340450761414;-1.2878763361928927;0.2401028122842641;-1.320177374822335;-1.2038081751776648;1.2210689386294402;-0.23902754507614224;-0.016234377461928746;1.3856346931979697;1.3405260869543154;1.274521046954315;-1.4377223863959383;-0.8792113071573604;1.0881702525380712;-1.6249097748223351;-1.4188791763451776;-0.6591524070558376;-0.3393603589340099;
0.7782482430456854;1.0075452137055847;1.024923327309644;0.9952203410152283;2.058362547005076;1.3621249131472086;2.224791605076141;1.8901415951269036;0.5672982914720814;1.8836229206091364;1.947576243604059;2.0721628532994916;1.3730874077664985;0.7817018947715735;0.11721980812182754;0.986560666395939;1.0643853289340106;1.1555533470558375;0.07680216101522842;0.8768721235025384;2.2057253730456856;-0.001934187512690394;1.0151078945177663;1.0315290929949237;0.01807370324873093;0.9489959890355328;0.9997774949238579;0.9102124754822332;-0.17995803461928916;1.7035355433502526;1.7282768004568543;2.034205709441624;0.5700187633502537;1.077654140761422;1.644288963857868;0.7628227561928932;0.7561315180203051;1.571139997208122;0.00795593446700503;-0.5560409935532998;1.2333998049238573;1.2405172404060902;0.3636005763451775;0.017091016649746174;-0.6166354008121827;-0.03765134802030448;-0.7852603945685275;-0.7865513223350252;-0.5846351951269034;-0.8002352536548222;0.02661925380710665;-0.8491067913705582;-0.6790036686294413;0.7205559977157363;-0.3160960851269034;-0.034357732436548244;0.9559768253299494;0.7953654649238575;0.7521237149238575;-1.0003025006598982;-0.6369618119289343;0.7117044375634518;-1.2298362013705595;-1.1360965439086297;-0.4966623984263956;-0.41316268822335017;
0.415520375329949;0.4788718389847718;0.3758382227918783;0.37217940177664943;0.8866618372588833;0.47208901050761476;0.8060688388832489;0.5672982914720814;0.7541816250761417;0.7297515210659895;0.5306616238071065;0.6672331682741119;0.5287769760913708;-0.0026479666497460728;0.22591310421319805;0.46184474619289356;0.14908501563451784;0.10353529984771581;-0.1785314882233503;0.5069496486294414;0.7953958653299485;-0.3065902831472082;0.0011673004060912262;0.06583870274111674;-0.35283486431472066;0.003954940812182827;0.03092380111675124;-0.028749100406091348;0.0682585944162437;0.7945133408629439;0.47264362329949233;0.5944234315228424;0.349605300862944;0.10958012883248737;0.6220813667512689;0.3748106558375637;0.189765279035533;0.490285377614213;-0.303277982182741;0.25967015878172583;0.4673210211167515;0.6658092807106601;0.006352663604060919;-0.339653140862944;-0.2205018114213197;-0.3727437590355327;-0.051241642994923814;-0.20528107908629442;-0.18394287147208124;-0.029801216395938974;0.05226856416243652;-0.016232909898477116;-0.12843785010152292;0.43542677350253794;-0.13115180147208116;-0.33764047426395954;0.1787873718274112;0.46059915111675137;0.4366339311167512;-0.17948812365482228;-0.3912636383756346;0.06022233573604062;-0.11172505989847711;-0.11988648934010149;-0.3010722097461929;-0.152516019390863;
0.6721470846192895;1.0788792257868016;1.097823099086294;1.0037805248730964;2.6190277616243667;1.5161214871065989;2.6465967943654816;1.8836229206091364;0.7297515210659895;2.81000573492386;1.8036338032994927;2.402901685837563;2.105885185279185;0.26258787690355323;-0.15091647101522856;1.720155336700508;0.812574888883249;0.8473763778680202;-0.014971575126903582;1.633398240812183;2.8460575046192895;-0.26224829406091354;0.5452063356852792;0.6651156783756347;-0.6006337404060914;0.44302468137055834;0.5357185056345177;0.48327027431472075;-0.7955715281725884;2.817072142081219;2.2883575161928937;2.483192061319797;1.2042995820812181;0.7483161236548225;2.4310681345177665;1.5834723317258887;0.7475915864974618;2.3031768765989837;-0.5251531505583757;-0.817024177055837;1.6131122656345187;2.3189651799492372;0.6011697404568526;-0.571559122081218;-1.1630903398984764;-0.7100394264974627;-1.3176057019289338;-1.4258257272081214;-1.2994941406091371;-1.3518160395431473;0.5154095482741116;-1.3414622485786805;-1.3341762214213198;1.5275955690355338;0.004314529390862897;-0.11388889969543145;1.2729411155837551;1.7950274556345187;1.7170549456345179;-1.4378829111675127;-0.9861791272588838;1.166440890304568;-1.5281016085786805;-1.3004096107614216;-0.7864228864466999;-0.06773981147208116;
0.765726416497462;0.9811621192385784;1.0504586295939093;0.9752540088324875;2.065019352944162;1.3768045853807114;2.3302740641624364;1.947576243604059;0.5306616238071065;1.8036338032994927;2.224333110355331;2.3057802437055837;1.2789629545685277;1.1206553375126904;0.06014846065989844;0.7939130596446695;1.4398436717258887;1.5820381223857882;0.1530463788324874;0.646555281472081;2.3210655464974623;0.1941277126395939;1.4564683403045684;1.4285839470558384;0.30159312426395923;1.3330795206091375;1.406011635837563;1.3148461296954315;-0.1718583691878173;1.5968193931472072;1.8797979549746198;2.314997366142132;0.30797251314720814;1.469809181624365;1.7275198575634503;0.5588004518781726;1.0418341717766506;1.6091564907106595;0.28103832086294417;-0.6922195409137064;1.3059429958375628;0.9505059655329949;0.3212978002030458;0.32987810685279206;-0.54760477106599;0.2378032482233504;-0.8306584097461931;-0.790605344314721;-0.5554506536040609;-0.8528145997969543;-0.24602795187817247;-0.9188763649238578;-0.6843280650761423;0.3601728751269036;-0.5291660236040614;0.13200744680203053;1.1769736313705585;0.4413515058375634;0.4015073058375631;-1.0707483227411174;-0.6006413887817258;0.7931999568020306;-1.3727127649238584;-1.2954917670050763;-0.39776553730964453;-0.6570469395431476;
0.8056105091878172;1.1194376463451772;1.2404400300507612;1.0748570963959396;2.451476662131981;1.548083611827413;2.698868351979695;2.0721628532994916;0.6672331682741119;2.402901685837563;2.3057802437055837;2.7443234657868056;1.7163943819289338;1.0224736940609143;-0.05380452883248725;1.1315867062944158;1.5302864122842637;1.6605921034517763;0.10751232639593915;0.9851269310659889;2.861032039187816;0.1065754646700508;1.4301603074619293;1.4456718978680205;0.08258680446700514;1.2640565749238575;1.3774796780203058;1.2927290425380717;-0.431142260101523;2.2038118271065987;2.393746131878171;2.757187525482234;0.532913177106599;1.509259949796954;2.3155351303045686;0.9390910910152291;1.2075799585279183;2.15897512741117;0.10868762614213207;-0.8361246223857861;1.5565163480203046;1.466912900558377;0.42176320497461944;0.13451572289340105;-0.7547040711167513;-0.030705028527918645;-1.0758995787817252;-1.0722169507106596;-0.8623912332994919;-1.1066324550253803;-0.10935899101522849;-1.1557805156345171;-0.9683684643654819;0.6292736606091369;-0.4706571232994928;0.1160921266497463;1.4175058485786793;0.8492428780203045;0.789268798020305;-1.29312306715736;-0.7726039001522845;1.0408526366497466;-1.5573547256345177;-1.4350618816243659;-0.5626649090862945;-0.6120683138071068;
0.5493966563959392;0.925369368781726;0.8878585233502536;0.8686375221319795;2.0390750307106584;1.3451863306091372;1.979858100659899;1.3730874077664985;0.5287769760913708;2.105885185279185;1.2789629545685277;1.7163943819289338;1.993258207309644;0.16716087802030466;0.06695310705583771;1.7682059054314727;0.6589484107614213;0.6293513378172586;0.09979712213197969;1.7067866603553299;2.163674356395939;-0.22896099177664975;0.40848103248730966;0.5380318192893401;-0.43665217517766586;0.32216842497461934;0.4059635393401014;0.3510581175126903;-0.5552440367005074;2.3875274990355346;1.5384998639593916;1.8049571618274105;1.2451483090355333;0.6041093965989851;1.7099324001015248;1.5280109870050758;0.43442352284263946;1.5707946791370566;-0.31692022461928926;-0.40794882746192906;1.162053989340102;2.05154932685279;0.5589266583248732;-0.3970368490355328;-0.9447432537055837;-0.54613416284264;-0.9181048495939085;-1.0779020069035528;-1.0122208577664975;-0.9577443916751273;0.7511398429949235;-0.923874151878172;-1.004126318121827;1.381818140203046;0.19590977223350267;-0.1258384211167512;0.9558053561928929;1.6112611193401012;1.537009259340102;-0.9879032423857868;-0.6444780000507614;0.8015583988832488;-1.024449551878173;-0.854619227208122;-0.5656352396954314;0.13879101873096433;
0.6380702945177664;0.6060204753299491;0.9371939428426395;0.587376508172589;0.18510167939086294;0.42032805233502535;0.4738248308629441;0.7817018947715735;-0.0026479666497460728;0.26258787690355323;1.1206553375126904;1.0224736940609143;0.16716087802030466;2.2938228874111664;-0.047067854619289216;-0.31592812751269034;2.1762560279187806;2.15787811329949;0.1181359181725889;-0.4290364403045683;0.6808580445177665;0.4912222615228426;2.4413106378680203;2.330833080609137;1.1897860801522846;2.341122055736042;2.4032661591370545;2.200675682131981;0.3789988043147208;-0.144840752030457;0.8318336351776648;0.9554288570050758;-0.6669048220304571;2.2423809086294426;0.44551291705583773;-0.4102166731472079;1.0589170875634526;0.5097441450253807;1.1284153739593907;-0.42754298360406084;0.17872272913705592;-0.39790689873096435;-0.15722628142131972;1.1428551320304567;0.05935319746192907;1.2528680724365473;-0.1362632217766498;-0.019681799796954162;0.3202984852284264;-0.15078505142131987;-0.7659799768527916;-0.24556891553299476;0.138706595532995;-0.8855258458883244;-0.6824995647715734;0.28901800238578684;0.6683142004060911;-0.7739857408629444;-0.7784105408629436;-0.4702067608121825;-0.16410063852791887;0.1898657923857868;-0.8534192255329952;-0.9468116609644667;-0.09250919883248734;-0.8584373731979699;
0.17936443492385784;0.08452149715736042;-0.04746696218274121;0.06167822497461925;0.050827348324873026;0.35925134142131976;-0.00439653512690354;0.11721980812182754;0.22591310421319805;-0.15091647101522856;0.06014846065989844;-0.05380452883248725;0.06695310705583771;-0.047067854619289216;1.0037110197969545;-0.004194450659898461;0.010160701776649777;-0.03402667842639606;0.10126539497461932;0.018995414162436504;-0.02762237507614193;-0.030793900812182747;-0.042302090862944126;0.008641051675126975;0.27502300791878176;-0.023778071725888382;-0.010981794873096286;-0.09422820913705582;0.9489879743654818;-0.22230433558375615;-0.337273460761421;-0.2243773057360405;-0.12595351558375634;0.051859788730964404;-0.2648017030964466;-0.1553750136548224;-0.1766072367005077;-0.3287995486802033;0.42621676588832474;1.0777882725888326;-0.20894945487309644;-0.3269533040101525;-0.08761333390862958;0.37459897558375643;0.7930540480203043;0.2679412767005077;1.1090191976142132;0.9927482005583751;0.8276451318781727;1.0823125360913708;0.038159863654822296;1.1078178322842638;0.9562936977157358;-0.4425842061928935;-0.10671001812182737;-0.18841417593908624;-0.37969307888324905;-0.5092486748730962;-0.5190567048730964;1.0438494777664973;0.4730262665482233;-0.5108660759390865;0.9800511622842639;0.7859211698477155;0.42730966071066007;-0.13407827629441627;
0.40384292350253825;0.7997854607614211;0.6354258804060914;0.7238906911675125;1.7373823770558392;1.06044142461929;1.5488617958375648;0.986560666395939;0.46184474619289356;1.720155336700508;0.7939130596446695;1.1315867062944158;1.7682059054314727;-0.31592812751269034;-0.004194450659898461;1.8664943303553299;0.07968493827411176;0.020245327614212993;0.07539074116751286;1.8243485785279205;1.6112184535025367;-0.3495358526395941;-0.19189256030456858;-0.04935810705583776;-0.7298199242639594;-0.22123558060913712;-0.17141461583756332;-0.1925798796954315;-0.7002933108121826;2.21191213685279;1.031359965025381;1.2436755738578682;1.5439044268527917;0.00924554837563451;1.251418852436548;1.6531429581218273;0.07377270822335032;1.1323512692893405;-0.6285915408629438;-0.3182160990862946;0.9754729841624362;2.102946414467004;0.6130083197969542;-0.7215860568527924;-1.0881671189340103;-0.82745401822335;-0.9608535002538074;-1.173582315685279;-1.1511191063959387;-0.978857010203046;1.0595705718781723;-0.9253094250761417;-1.1132944549238577;1.7462945448730962;0.47468371360406103;-0.2223521668020305;0.6975464886294419;1.8903772141624364;1.824174864162437;-0.9625736672588835;-0.660200501218274;0.7143058031979694;-0.8605204450761421;-0.6533315729949236;-0.6198717026903553;0.4980160595431472;
0.5744187244162438;0.6963898748730961;0.9705450965989841;0.620173441472081;0.6539723971573603;0.8288441475634524;0.9731488573604056;1.0643853289340106;0.14908501563451784;0.812574888883249;1.4398436717258887;1.5302864122842637;0.6589484107614213;2.1762560279187806;0.010160701776649777;0.07968493827411176;2.671665456954313;2.5966534787309636;0.2133389614720814;-0.06383954142131967;1.317631824416243;0.537887217106599;2.7359148700507583;2.716488372842642;1.2155170907106594;2.4590878201015234;2.633965782639598;2.4535576099492373;0.13327730680203068;0.40875636385786795;1.3558439141624368;1.5164897326903548;-0.4212989661421322;2.6952911036040583;1.0058745495939085;-0.07611054802030463;1.2789568886294413;1.0561939634517772;1.3423341084771567;-0.3974259001522843;0.5663542426395937;0.04815646258883231;0.1101431467005077;1.320218736142132;-0.1537887051776649;1.1175412013705583;-0.33080934162436537;-0.33855315238578687;-0.10335204893400998;-0.40320131329949255;-0.5667330419796945;-0.44127615248730967;-0.22829873751269025;-0.5776587908121831;-0.5875507789340104;0.3575596744670052;1.1222223352284262;-0.4075996873604055;-0.42903124736040615;-0.6139582804568532;-0.09468959979695431;0.5593352444670054;-0.9599175724873104;-1.0506457611675126;-0.07461603121827406;-0.7519835949238571;
0.6082724493401018;0.7337229820304567;1.022801374416244;0.6872943564467001;0.7275634954822338;0.8514682889847719;1.102693282233503;1.1555533470558375;0.10353529984771581;0.8473763778680202;1.5820381223857882;1.6605921034517763;0.6293513378172586;2.15787811329949;-0.03402667842639606;0.020245327614212993;2.5966534787309636;2.69311422030457;0.2787625664467005;-0.14851440725888296;1.3704905193401011;0.6795779862944161;2.7911051791878188;2.6733666945177688;1.2969241286294413;2.474166098375637;2.6350714277664973;2.534719740812178;0.11199839116751281;0.37702972827411146;1.4955318134010152;1.694856606954314;-0.4770470717258888;2.648609422335023;1.081081876497462;-0.1157916116751265;1.4141822719289348;1.1322235047715736;1.3186133043654824;-0.5475370975634517;0.624109167766497;-0.09375353142132006;0.1372508027918783;1.3917932117258875;-0.1085126871573603;1.1915544780710654;-0.4326874740101521;-0.3682943318274111;-0.11208635705583753;-0.4865794972081218;-0.7066309783248733;-0.5575878502030457;-0.26498013979695434;-0.7066078270050757;-0.6786479770558377;0.5154788985279192;1.2173477563451778;-0.5540045122335029;-0.5722865522335029;-0.7195995826903552;-0.1624318032487309;0.6647033685279192;-1.1078717202030464;-1.1846795613197967;-0.04010077050761419;-0.8700399112182738;
0.3948533843654822;0.5885320596446704;0.5432001084771575;0.6596363381218276;0.005376776040609188;0.23964642517766505;0.09107371060913712;0.07680216101522842;-0.1785314882233503;-0.014971575126903582;0.1530463788324874;0.10751232639593915;0.09979712213197969;0.1181359181725889;0.10126539497461932;0.07539074116751286;0.2133389614720814;0.2787625664467005;0.9596866681218266;0.014971188020304546;-0.03900978563451751;0.953531349898478;0.24810429614213209;0.221207143959391;0.6748337559898474;0.18760689228426403;0.200942629390863;0.27396341385786804;-0.06871557695431468;-0.16084948319796943;0.08695397365482238;0.10370284553299491;0.1342882768020304;0.16860437609137074;-0.04192391913705577;0.16738605954314711;0.22751304416243667;-0.0026210223350252755;0.5700499757360409;-0.16389936842639588;-0.014370790609136926;-0.339544526751269;0.3712920007614216;0.5331016031979695;0.040816323502538124;0.4025837658375633;-0.17031177654822344;-0.167902268680203;-0.14838300101522833;-0.20768489923857866;0.06588948045685279;-0.21443524096446703;-0.18296742903553292;-0.2932178082741116;0.2248921689847716;0.8370123805076142;0.14432490263959394;-0.37523191060913713;-0.37888586060913715;-0.2045371952791878;0.17050978456852797;0.19748078050761422;-0.3217593509644669;-0.2983598012690355;0.2532233525888325;-0.04878861578680199;
0.3571482740609138;0.7524404082741121;0.5570229797461931;0.6489170980203047;1.6582252493401013;0.953385230862945;1.4094832901015222;0.8768721235025384;0.5069496486294414;1.633398240812183;0.646555281472081;0.9851269310659889;1.7067866603553299;-0.4290364403045683;0.018995414162436504;1.8243485785279205;-0.06383954142131967;-0.14851440725888296;0.014971188020304546;1.9394331246700518;1.4796396640609135;-0.4481860133502539;-0.3379912973096443;-0.18753995934010118;-0.816652292335025;-0.34574910461928954;-0.3034726601015231;-0.33367449269035526;-0.6862866894923855;2.189563374467004;0.8745529606091366;1.0840154925888323;1.6307002544670042;-0.13238656898477133;1.118075408477158;1.6746659949238576;-0.05350733263959385;0.9939279829441618;-0.71566878071066;-0.141567858071066;0.8255466198984773;2.249849867208124;0.513579585126904;-0.8212504244670049;-1.0982807144162432;-0.9053105873604064;-0.8773206160913706;-1.1373317064467006;-1.1367696935025382;-0.8665516248730963;1.135141225076142;-0.8032594518274109;-1.0743806381725889;1.8826318069543135;0.6111531464974619;-0.31216883324873074;0.5386202971065991;2.041559429898477;1.971733369898476;-0.8759277342131984;-0.704170139238579;0.563827586751269;-0.6798407818274108;-0.4813329418781726;-0.640781524568528;0.6264469590355334;
0.6725556830964465;1.03892053893401;1.091237715431472;0.9636743143654819;2.89621024812183;1.7813253055329934;3.044919141827411;2.2057253730456856;0.7953958653299485;2.8460575046192895;2.3210655464974623;2.861032039187816;2.163674356395939;0.6808580445177665;-0.02762237507614193;1.6112184535025367;1.317631824416243;1.3704905193401011;-0.03900978563451751;1.4796396640609135;3.298198713096444;-0.2062228003045685;1.0817022684263955;1.1876628618781728;-0.307153562030457;0.9265940068527916;1.0534895881725888;0.9555196115736043;-0.6105216508629436;2.8616064804060923;2.501069490964466;2.942750756598988;0.9181989004060912;1.286644958274111;2.629324072588833;1.3349058986294415;0.9947524124873098;2.4133008129949234;-0.17985627279187838;-0.798009015279188;1.8375561581725885;2.1373485497461933;0.5222087522842642;-0.20732231040609178;-1.0453697294923865;-0.39852724248731014;-1.1917872796446707;-1.2966626860406085;-1.110555533045685;-1.2448327577157359;0.2482907113705584;-1.2477625128934002;-1.173497397106599;1.202340235177665;-0.2675606230456852;-0.10047635847715729;1.5029098979187818;1.4750985681725897;1.3966489581725892;-1.381297635837564;-0.8932726262944164;1.137141071522843;-1.5775928428934016;-1.4024414138071064;-0.6811128322335025;-0.35150459736040607;
0.3527650796954314;0.4840271886294412;0.5243668512690358;0.5702188698984771;-0.2712497867005076;0.07453245568527933;-0.07693482050761452;-0.001934187512690394;-0.3065902831472082;-0.26224829406091354;0.1941277126395939;0.1065754646700508;-0.22896099177664975;0.4912222615228426;-0.030793900812182747;-0.3495358526395941;0.537887217106599;0.6795779862944161;0.953531349898478;-0.4481860133502539;-0.2062228003045685;1.2946085367512679;0.6898822865482239;0.5717570967005073;1.0777856916751272;0.5721458630964469;0.5938986005076142;0.7029021534517769;0.0019906774619290364;-0.594297542335025;0.19950512695431472;0.13814054705583761;-0.3102879023350252;0.5004226549238578;-0.056938992385786875;-0.24779458461928958;0.5158808331979691;0.02438697527918779;0.8919536135532996;-0.3419695496446703;-0.0724996094923858;-0.8294976060406092;0.29911419436548226;0.9448878023350257;0.17457488208121844;0.8022145568020301;-0.16742291954314717;-0.09393085776649734;0.002161747512690406;-0.19765581563451778;-0.28926291538071064;-0.24464543086294416;-0.08112659913705575;-0.7972867947715744;0.03527844751269042;1.123205486243654;0.26186925446700504;-0.8835646794923855;-0.8754946794923856;-0.27292490893401006;0.20337609619289335;0.2680460262436548;-0.4887140808629444;-0.4919770006091372;0.36722176284263974;-0.2706405351776648;
0.586494718426396;0.6699010079187817;0.9923014182233499;0.6143229261421319;0.42430004538071064;0.672175926040609;0.78802480071066;1.0151078945177663;0.0011673004060912262;0.5452063356852792;1.4564683403045684;1.4301603074619293;0.40848103248730966;2.4413106378680203;-0.042302090862944126;-0.19189256030456858;2.7359148700507583;2.7911051791878188;0.24810429614213209;-0.3379912973096443;1.0817022684263955;0.6898822865482239;3.0614703088324817;2.9212352146192875;1.4798821436548228;2.7613065076649725;2.9136277192893396;2.7518371011675167;0.23132162355329955;0.07485546126903586;1.2472980942639595;1.4388033281218289;-0.6571118487309652;2.841155497106603;0.7883944193401015;-0.31801053553299474;1.3468001015228426;0.8643540106091366;1.4783298750253808;-0.49632901649746164;0.3948788992893402;-0.2810641495431467;-0.0039037141116749427;1.5223502587309634;-0.056514520913705464;1.4206364084771563;-0.2896784626395941;-0.23423023512690358;0.05590969548223352;-0.3353759041116752;-0.7921353444670054;-0.4141554327918782;-0.10531511720812181;-0.8688962713197969;-0.6906553245177661;0.49868682725888336;1.0718189797461923;-0.7189883907106601;-0.7302331407106605;-0.613345279492386;-0.11247868467005077;0.48008590725888345;-1.0286281727918791;-1.1367375431472073;-0.024815071979695423;-0.9065062267512691;
0.5530718918781728;0.6527228534517767;0.9462856505076143;0.5814739539593909;0.510665131319797;0.7500992082741116;0.842418909796954;1.0315290929949237;0.06583870274111674;0.6651156783756347;1.4285839470558384;1.4456718978680205;0.5380318192893401;2.330833080609137;0.008641051675126975;-0.04935810705583776;2.716488372842642;2.6733666945177688;0.221207143959391;-0.18753995934010118;1.1876628618781728;0.5717570967005073;2.9212352146192875;2.870940798680202;1.3354463346700514;2.6489694492385776;2.8152913502030463;2.5967416553807134;0.1972313389847718;0.2376590910659896;1.2611931987817258;1.425266454822334;-0.5289200189340102;2.808405567969542;0.874453283045685;-0.1915585398477159;1.250380455279187;0.940677444111675;1.4292134514213197;-0.41432302385786773;0.4649041102030454;-0.09684707441624366;0.04791006974619304;1.3987971389340101;-0.11631569116751245;1.2729243247208126;-0.26463528781725887;-0.2688278371065985;-0.0030056829949237293;-0.3312684702538073;-0.6663034401522844;-0.37954830634517767;-0.13989400365482235;-0.7072230239086297;-0.6078276129949232;0.3920836464974618;1.0677020857868018;-0.5436129697969545;-0.5600448797969544;-0.5740453415736035;-0.08994335152284266;0.49172931649746215;-0.9595120963451776;-1.0631972062436559;-0.06410244086294409;-0.8045595980710661;
0.2643891079695433;0.20342846086294425;0.37081557512690366;0.2774738659898478;-0.6001639846700508;0.04341440456852784;-0.352622870050762;0.01807370324873093;-0.35283486431472066;-0.6006337404060914;0.30159312426395923;0.08258680446700514;-0.43665217517766586;1.1897860801522846;0.27502300791878176;-0.7298199242639594;1.2155170907106594;1.2969241286294413;0.6748337559898474;-0.816652292335025;-0.307153562030457;1.0777856916751272;1.4798821436548228;1.3354463346700514;1.7468924311675105;1.3477356673096446;1.3781967800507609;1.3947157263451786;0.6413648597461936;-1.0231144122335023;-0.02374960030456845;0.02773241370558364;-0.9055213922335025;1.2659792394923874;-0.36620734923857884;-0.7849052774619288;0.5370002313197967;-0.2739586114720813;1.6641102003553303;0.10648135903553296;-0.38012988994923874;-1.203557663604062;-0.08098120756345169;1.7213286022335037;0.7646767872081223;1.5685451486802027;0.5958020030456856;0.6722807182233506;0.7977433867512683;0.5520186424365482;-0.581935432538071;0.48990593091370577;0.7101468990862944;-1.3680448984771583;-0.27785627324873097;0.780989571624366;0.06586369644670054;-1.397787569949238;-1.3846669199492396;0.3736706571065989;0.6000359246192896;-0.17034029837563436;0.04998239091370571;-0.13476351406091377;0.634007452284264;-0.5372213545177662;
0.606705176852792;0.6513092558375638;0.9718767064467002;0.6158817322842638;0.34962161076142134;0.5818098020812185;0.6749454314213196;0.9489959890355328;0.003954940812182827;0.44302468137055834;1.3330795206091375;1.2640565749238575;0.32216842497461934;2.341122055736042;-0.023778071725888382;-0.22123558060913712;2.4590878201015234;2.474166098375637;0.18760689228426403;-0.34574910461928954;0.9265940068527916;0.5721458630964469;2.7613065076649725;2.6489694492385776;1.3477356673096446;2.6085262753299476;2.6994760285786787;2.4846062523350256;0.29923748710659903;0.0046235725380710125;1.063316858527919;1.2189044862436542;-0.6236858274619289;2.5604826942131966;0.6438293986802031;-0.33933671106598934;1.1691163930456845;0.713325081218274;1.3278138700507613;-0.44426928299492363;0.32660299857868025;-0.28169464908629477;-0.06920326822335025;1.3402426074619282;-0.007192811827411105;1.3630953169543145;-0.18090012527918783;-0.133966820253807;0.1905729309644672;-0.21044877822335037;-0.7600166789340095;-0.2957059955837563;0.024639055583756383;-0.8425058426395945;-0.6599050290355334;0.3754868445177664;0.8644948694923856;-0.7095395714213197;-0.7189434614213202;-0.5342605789847714;-0.13413168934010147;0.3337807745177665;-0.9312858055837561;-1.0236628762944158;-0.05661166395939091;-0.8512744235025382;
0.5849301781725889;0.6576965317766497;0.9670488476142127;0.5996722193908629;0.4255564097969543;0.661370614111675;0.7666862769543148;0.9997774949238579;0.03092380111675124;0.5357185056345177;1.406011635837563;1.3774796780203058;0.4059635393401014;2.4032661591370545;-0.010981794873096286;-0.17141461583756332;2.633965782639598;2.6350714277664973;0.200942629390863;-0.3034726601015231;1.0534895881725888;0.5938986005076142;2.9136277192893396;2.8152913502030463;1.3781967800507609;2.6994760285786787;2.838626123045687;2.5969827007106607;0.2697221847715738;0.08688879598984756;1.1823054117258882;1.346457602335025;-0.6091303940101521;2.734271149543146;0.7536760656852789;-0.30318593771573593;1.245153889187818;0.8239058416751265;1.4108688013197974;-0.43974131786802007;0.40166685304568556;-0.22114832624365446;-0.02632128380710646;1.412395974010154;-0.04439567751269024;1.3658814908121835;-0.19434494725888313;-0.18440339659898475;0.13727148507614229;-0.23524306380710663;-0.753313232284264;-0.3116074551776649;-0.013629554822334945;-0.8216743586294403;-0.6655685049238576;0.3980513874619288;0.9725578668020303;-0.6740101569543147;-0.6861731269543143;-0.5563653436040608;-0.11917250284263957;0.406856677461929;-0.9601891451776647;-1.0565632536548224;-0.045312642944162415;-0.8556566710659896;
0.5850676215736041;0.6619536620812186;0.9787308117766501;0.632414193857868;0.37141903461928943;0.5904707639593907;0.7090635192893399;0.9102124754822332;-0.028749100406091348;0.48327027431472075;1.3148461296954315;1.2927290425380717;0.3510581175126903;2.200675682131981;-0.09422820913705582;-0.1925798796954315;2.4535576099492373;2.534719740812178;0.27396341385786804;-0.33367449269035526;0.9555196115736043;0.7029021534517769;2.7518371011675167;2.5967416553807134;1.3947157263451786;2.4846062523350256;2.5969827007106607;2.5620766688324887;0.1675354364467006;0.04359263873096414;1.13596171573604;1.3121847818781731;-0.6130872512690353;2.519112422893401;0.7069224306598988;-0.2950564044670048;1.2742619584771566;0.779192669390863;1.3365433749746185;-0.523637593502538;0.34676850071066007;-0.29787686045685274;0.0034705041116753106;1.418577851269036;-0.056288869086294345;1.322077841522844;-0.3579466673604059;-0.2620255248730963;-5.674354822334249E-4;-0.39606572588832495;-0.7434042155329941;-0.4765935272081218;-0.17000286279187812;-0.8257245886802032;-0.6373312654822336;0.5525525427411169;0.9817428402538064;-0.6933435092893399;-0.7030017892893409;-0.6382056305076144;-0.12546721532994923;0.4581227327411168;-1.014758087208122;-1.1046368068527916;-0.0020693180203045086;-0.8543603132487304;
0.10538499913705597;-0.19656759888324832;-0.17388893807106576;-0.1515275769543146;-0.625820988984771;-0.059200970558375504;-0.5946965547715739;-0.17995803461928916;0.0682585944162437;-0.7955715281725884;-0.1718583691878173;-0.431142260101523;-0.5552440367005074;0.3789988043147208;0.9489879743654818;-0.7002933108121826;0.13327730680203068;0.11199839116751281;-0.06871557695431468;-0.6862866894923855;-0.6105216508629436;0.0019906774619290364;0.23132162355329955;0.1972313389847718;0.6413648597461936;0.29923748710659903;0.2697221847715738;0.1675354364467006;1.5509649761421338;-1.034580799949239;-0.707731178629441;-0.6637746416751272;-0.8112576799492386;0.219449402284264;-0.7558100784263961;-0.8313752114213198;-0.12317295593908628;-0.774871128375634;0.698492303401015;1.1559695893401016;-0.6262980152284261;-1.0853380787817255;-0.432599190964467;0.7200158799492383;1.346528587563452;0.7578732359390862;1.5871728662944158;1.6524513129949239;1.672030224619289;1.5957227390355333;-0.45318360857868006;1.5444359858883245;1.736718564111675;-1.1784757868527915;-0.45784615538071066;-0.22411304730964451;-0.6755504940101522;-1.259290105228426;-1.2475447052284268;1.3809308680203047;0.5882881142131979;-0.8582737873096443;1.170760685888325;0.8670148882741119;0.6039876347208124;-0.4817149046700504;
0.5088909104060915;0.995631881827411;0.9165016949746193;0.8507341568020301;2.8111276089340085;1.4239481790862936;2.643159004010152;1.7035355433502526;0.7945133408629439;2.817072142081219;1.5968193931472072;2.2038118271065987;2.3875274990355346;-0.144840752030457;-0.22230433558375615;2.21191213685279;0.40875636385786795;0.37702972827411146;-0.16084948319796943;2.189563374467004;2.8616064804060923;-0.594297542335025;0.07485546126903586;0.2376590910659896;-1.0231144122335023;0.0046235725380710125;0.08688879598984756;0.04359263873096414;-1.034580799949239;3.466412496446702;1.9668073240609139;2.3800299372588833;1.6018490864467025;0.330450460101523;2.304209599847716;1.9735032894923867;0.4670774457360406;2.042384766294417;-0.9203276280710665;-0.7574579938071068;1.636529915989847;3.0279707647208114;0.5467258875126901;-0.9920900064467005;-1.495129279441625;-1.1047272657360403;-1.469909580609138;-1.6708519196446703;-1.587299103350254;-1.4841044624873088;0.9454084405076149;-1.4422743621827403;-1.579084597817259;2.1671798396954314;0.21335199664974608;-0.3709181383248731;1.2320624107106604;2.4933023159898475;2.3978710359898483;-1.5131597214213195;-1.131478574923858;1.0674940016751275;-1.4785358521827408;-1.1984048391878173;-0.9455080604568525;0.1989979369035531;
0.5332863009644669;0.8415074793401014;0.9799339643147208;0.8183091036548222;2.080882831218273;1.2790664553299493;2.3372335082741102;1.7282768004568543;0.47264362329949233;2.2883575161928937;1.8797979549746198;2.393746131878171;1.5384998639593916;0.8318336351776648;-0.337273460761421;1.031359965025381;1.3558439141624368;1.4955318134010152;0.08695397365482238;0.8745529606091366;2.501069490964466;0.19950512695431472;1.2472980942639595;1.2611931987817258;-0.02374960030456845;1.063316858527919;1.1823054117258882;1.13596171573604;-0.707731178629441;1.9668073240609139;2.519478409644671;2.507866945989848;0.5634710840609136;1.322129452741116;2.388084545888324;0.9333742262944168;1.1834117348730964;2.36426514994924;0.007836232081218145;-1.0367614427918788;1.5490336317258897;1.4140601674619278;0.6243962528426401;0.04240539593908616;-0.9534902249238577;-0.1364628848730967;-1.3176908464466999;-1.3240831804060917;-1.0968947204568533;-1.3549811271573613;-0.025072296294416187;-1.3899044689340092;-1.21155888106599;0.7095131517766498;-0.23938640045685286;0.2862655952284265;1.5163092591878173;0.9310262017258881;0.8765759317258888;-1.488913318375634;-0.7997164129441626;1.3454675152284263;-1.70708088893401;-1.5212809680710666;-0.5987570623350252;-0.3442791236040609;
