47
0.0;0.0;0.0;0.0;0.0;0.0;0.0;0.0;0.0;0.0;0.0;0.0;0.0;0.0;0.0;0.0;0.0;0.0;0.0;0.0;0.0;0.0;0.0;0.0;0.0;0.0;0.0;0.0;0.0;0.0;0.0;0.0;0.0;0.0;0.0;0.0;0.0;0.0;0.0;0.0;0.0;0.0;0.0;0.0;0.0;0.0;0.0;0.0;0.0;0.0;0.0;0.0;0.0;0.0;0.0;
0.0;317.8723404255318;529.3617021276597;519.9148936170214;109.5319148936172;-303.1489361702128;14.234042553191523;-178.93617021276606;-579.5319148936171;-922.9787234042549;-872.8085106382978;143.27659574468083;0.0;-3697.4893617021276;25.978723404255327;464.76595744680856;-805.1702127659587;-1799.4042553191478;-2353.042553191488;-1652.5531914893609;0.0;0.0;-902.1276595744689;0.0;0.0;25.978723404255327;-5.191489361702089;-120.06382978723403;-80.70212765957434;-146.04255319148942;-172.02127659574455;0.0;0.0;0.0;51.95744680851051;-459.9148936170209;0.0;-374.4042553191496;-542.6595744680855;-281.46808510638346;-1111.4255319148933;-862.723404255319;-915.4255319148946;-1178.0212765957438;0.0;20.44680851063831;162.27659574468095;-137.04255319148945;-142.4468085106383;-302.51063829787216;-332.8723404255317;-398.4255319148936;-808.2978723404252;-1073.2978723404258;-986.8723404255313;
0.0;529.3617021276597;2088.808510638297;1446.574468085106;-380.34042553191495;-3140.744680851062;-1521.8297872340422;-873.6808510638298;-3066.6595744680844;-5061.893617021277;-4722.042553191489;-29.61702127659572;0.0;-5629.446808510636;30.893617021276615;6855.829787234042;-1666.8510638297864;-5687.021276595749;-7956.212765957448;-6748.765957446805;0.0;0.0;889.3617021276608;0.0;0.0;30.893617021276615;2794.0425531914902;158.68085106382975;5.489361702127638;127.78723404255324;96.89361702127663;0.0;0.0;0.0;-202.2127659574467;-1291.5744680851071;0.0;646.9787234042551;-1116.297872340425;-1278.3404255319153;-3027.127659574469;-5778.617021276594;-2720.127659574467;-2771.106382978723;0.0;-265.76595744680856;999.3829787234043;717.7872340425532;1187.7659574468082;-360.5531914893615;-528.3617021276597;-1087.1276595744675;-3634.4893617021303;-5509.489361702129;-5517.36170212766;
0.0;519.9148936170214;1446.574468085106;2233.276595744681;1608.0212765957451;670.2340425531914;476.48936170212784;548.0425531914892;618.9787234042551;609.68085106383;101.12765957446749;-1021.1489361702128;0.0;-7181.659574468083;-257.68085106382983;-685.4893617021276;-2731.446808510638;-5935.936170212766;-4463.361702127658;-2907.702127659575;0.0;0.0;-3668.0851063829823;0.0;0.0;-257.68085106382983;-1976.127659574468;-608.0425531914893;-598.468085106383;-350.36170212765956;-92.68085106382979;0.0;0.0;0.0;12.638297872340436;-1191.2765957446811;0.0;-328.9361702127658;-1518.1063829787236;-2835.9787234042556;-906.6170212765963;-537.1489361702118;-1592.6170212765942;-1395.6808510638302;0.0;117.29787234042553;75.85106382978728;-509.3617021276598;-917.2978723404253;-963.3404255319156;-846.9148936170211;-771.6170212765951;-963.5319148936167;-1009.5319148936172;-893.9148936170211;
0.0;109.5319148936172;-380.34042553191495;1608.0212765957451;3989.617021276597;6362.787234042556;3105.1914893617013;2069.234042553191;5468.382978723404;8944.744680851063;7283.702127659574;-1779.31914893617;0.0;-6850.127659574467;-476.74468085106383;-11599.191489361703;-3244.95744680851;-631.1489361702133;2979.510638297872;4026.6382978723404;0.0;0.0;-9774.468085106382;0.0;0.0;-476.74468085106383;-7633.702127659574;-1166.2340425531916;-840.5744680851062;-491.48936170212755;-212.74468085106383;0.0;0.0;0.0;168.51063829787236;-206.02127659574518;0.0;-858.1489361702127;-1785.0851063829787;-3095.3829787234044;4512.106382978724;7772.680851063831;1376.1063829787233;1635.2553191489362;0.0;684.6382978723407;-1192.3191489361702;-1742.489361702127;-3305.6382978723404;-1089.872340425532;-599.5319148936168;394.10638297872333;3887.574468085106;6658.574468085109;6797.468085106382;
0.0;-303.1489361702128;-3140.744680851062;670.2340425531914;6362.787234042556;15031.659574468084;7836.106382978722;4805.574468085106;12997.212765957447;21277.191489361714;18506.723404255317;-2848.510638297872;0.0;-10803.404255319152;-888.1914893617021;-30935.10638297873;-3535.531914893618;4994.361702127661;13433.617021276596;15587.021276595751;0.0;0.0;-20419.148936170208;0.0;0.0;-888.1914893617021;-16418.723404255317;-2169.5744680851067;-1465.3191489361704;-1281.382978723404;-393.1914893617019;0.0;0.0;0.0;929.6170212765959;1361.7659574468084;0.0;-4093.6382978723404;-2485.9361702127662;-5207.212765957447;12133.170212765956;22790.489361702126;4813.170212765956;4787.808510638296;0.0;1860.021276595745;-2715.5106382978724;-3580.3829787234035;-7053.021276595743;-1281.59574468085;-139.85106382978708;2227.1702127659573;11297.319148936167;18592.31914893617;19088.14893617021;
0.0;14.234042553191523;-1521.8297872340422;476.48936170212784;3105.1914893617013;7836.106382978722;6391.40425531915;4866.382978723402;7943.808510638295;10937.12765957447;10177.148936170213;-702.3404255319147;0.0;-2558.936170212768;-372.12765957446805;-13419.404255319147;-1461.0212765957447;8195.574468085106;8801.744680851067;11436.680851063824;0.0;0.0;-6512.765957446809;0.0;0.0;-372.12765957446805;-7697.148936170212;-1050.3829787234044;-264.2127659574468;-678.255319148936;-306.12765957446817;0.0;0.0;0.0;1037.7446808510635;1457.5106382978727;0.0;-785.4255319148937;-395.95744680851055;-1836.8085106382982;1566.4468085106391;10933.659574468084;3747.4468085106396;3345.8723404255315;0.0;763.6808510638298;-1320.3404255319156;-1466.2553191489365;-2148.6808510638302;698.9361702127658;909.7659574468089;1846.4468085106384;6122.212765957445;9509.21276595745;9853.765957446813;
0.0;-178.93617021276606;-873.6808510638298;548.0425531914892;2069.234042553191;4805.574468085106;4866.382978723402;6170.4680851063795;8492.765957446813;9999.48936170213;8130.404255319151;-682.6382978723406;0.0;6051.744680851069;-359.4893617021277;-7630.382978723406;-1503.9148936170213;11617.702127659579;11445.02127659575;10049.276595744685;0.0;0.0;351.0638297872349;0.0;0.0;-359.4893617021277;-4157.404255319149;-946.468085106383;204.8510638297872;-190.97872340425536;-227.48936170212778;0.0;0.0;0.0;997.0212765957442;2128.9574468085098;0.0;791.7021276595738;-190.17021276595756;-1816.7659574468087;1190.2127659574471;6162.3617021276605;3873.2127659574453;3531.5106382978734;0.0;351.27659574468083;-867.6382978723403;-468.9787234042552;-106.27659574468103;1815.2553191489355;1751.9361702127662;2212.212765957446;4975.148936170214;7028.148936170213;6995.936170212767;
0.0;-579.5319148936171;-3066.6595744680844;618.9787234042551;5468.382978723404;12997.212765957447;7943.808510638295;8492.765957446813;19303.617021276594;26694.255319148946;21631.297872340438;-2214.6808510638293;0.0;5412.127659574473;-909.2553191489363;-28682.808510638293;-2953.04255319149;17430.14893617023;23272.48936170213;22521.36170212766;0.0;0.0;-9525.531914893616;0.0;0.0;-909.2553191489363;-13651.297872340432;-2331.7659574468084;-1074.4255319148938;-1587.510638297872;-513.2553191489361;0.0;0.0;0.0;1877.4893617021278;3860.021276595745;0.0;-2366.8510638297876;-1954.914893617021;-4734.617021276595;7229.893617021276;23540.319148936178;7160.893617021279;6405.74468085106;0.0;1587.3617021276596;-2763.680851063832;-3020.510638297871;-4854.36170212766;872.8723404255311;1482.5319148936155;3610.893617021276;12608.42553191489;19704.42553191489;20190.53191489362;
0.0;-922.9787234042549;-5061.893617021277;609.68085106383;8944.744680851063;21277.191489361714;10937.12765957447;9999.48936170213;26694.255319148946;40381.82978723403;32907.46808510638;-3748.212765957447;0.0;-74.08510638298003;-1395.8297872340427;-49196.127659574464;-6376.638297872339;20685.23404255319;33006.34042553191;30186.425531914898;0.0;0.0;-21982.97872340426;0.0;0.0;-1395.8297872340427;-23224.46808510638;-3857.489361702128;-1626.3829787234044;-2065.659574468085;-1065.8297872340424;0.0;0.0;0.0;2422.3404255319147;4286.319148936171;0.0;-5184.765957446806;-4282.723404255319;-7816.255319148935;15546.404255319147;37796.78723404256;9629.404255319143;8492.17021276596;0.0;2883.4255319148947;-4333.212765957447;-5396.659574468085;-9688.425531914896;-295.9148936170222;1057.9787234042556;4756.404255319148;19456.3829787234;31171.382978723406;31944.97872340424;
0.0;-872.8085106382978;-4722.042553191489;101.12765957446749;7283.702127659574;18506.723404255317;10177.148936170213;8130.404255319151;21631.297872340438;32907.46808510638;28622.21276595743;-3011.9148936170213;0.0;1427.2340425531913;-1144.4680851063831;-42835.14893617023;-3746.744680851064;17868.106382978727;27800.063829787217;27641.829787234048;0.0;0.0;-18246.8085106383;0.0;0.0;-1144.4680851063831;-20358.212765957447;-2674.4042553191493;-1504.4468085106378;-1925.936170212765;-385.46808510638266;0.0;0.0;0.0;2067.063829787234;3595.87234042553;0.0;-4308.893617021276;-3430.5106382978724;-6376.297872340426;12045.63829787234;33722.08510638298;8576.638297872341;7475.531914893611;0.0;2471.8297872340427;-3657.914893617022;-4445.936170212766;-7973.8297872340445;-24.23404255319234;1132.8085106382975;4260.638297872341;16819.446808510635;26919.44680851063;27740.808510638293;
0.0;143.27659574468083;-29.61702127659572;-1021.1489361702128;-1779.31914893617;-2848.510638297872;-702.3404255319147;-682.6382978723406;-2214.6808510638293;-3748.212765957447;-3011.9148936170213;6151.234042553192;0.0;-3557.106382978721;961.2127659574468;3544.3404255319138;3545.7021276595747;3909.04255319149;-2675.5744680851085;-870.4680851063825;0.0;0.0;5421.276595744684;0.0;0.0;961.2127659574468;3381.9148936170213;1794.6382978723404;4101.021276595752;833.4255319148937;-127.78723404255321;0.0;0.0;0.0;-255.57446808510653;-1308.8510638297862;0.0;-2681.957446808508;5153.595744680851;7207.680851063828;-4065.744680851064;-3348.7659574468084;-1281.7446808510629;-1219.7872340425524;0.0;-242.4680851063829;501.23404255319144;536.4255319148938;1598.4680851063827;1141.1063829787238;806.7234042553196;82.25531914893622;-1691.0212765957444;-3007.0212765957444;-2849.276595744681;
0.0;0.0;0.0;0.0;0.0;0.0;0.0;0.0;0.0;0.0;0.0;0.0;0.0;0.0;0.0;0.0;0.0;0.0;0.0;0.0;0.0;0.0;0.0;0.0;0.0;0.0;0.0;0.0;0.0;0.0;0.0;0.0;0.0;0.0;0.0;0.0;0.0;0.0;0.0;0.0;0.0;0.0;0.0;0.0;0.0;0.0;0.0;0.0;0.0;0.0;0.0;0.0;0.0;0.0;0.0;
0.0;-3697.4893617021276;-5629.446808510636;-7181.659574468083;-6850.127659574467;-10803.404255319152;-2558.936170212768;6051.744680851069;5412.127659574473;-74.08510638298003;1427.2340425531913;-3557.106382978721;0.0;200421.9574468086;-499.9148936170212;44792.93617021279;23762.680851063822;75843.61702127657;101054.17021276605;83578.21276595743;0.0;0.0;113608.51063829784;0.0;0.0;-499.9148936170212;8612.765957446805;-377.74468085106304;-1935.1914893617009;122.17021276595736;622.0851063829796;0.0;0.0;0.0;1244.170212765959;22871.659574468104;0.0;35061.61702127659;-3285.3617021276596;11673.872340425527;-18178.297872340423;-6957.106382978729;27739.702127659588;22438.085106383023;0.0;-5865.787234042553;-7707.106382978722;228.17021276595875;13977.787234042557;13746.042553191493;10947.48936170213;9867.702127659568;11455.191489361696;9623.191489361692;7535.4893617021235;
0.0;25.978723404255327;30.893617021276615;-257.68085106382983;-476.74468085106383;-888.1914893617021;-372.12765957446805;-359.4893617021277;-909.2553191489363;-1395.8297872340427;-1144.4680851063831;961.2127659574468;0.0;-499.9148936170212;1065.8297872340427;834.1276595744683;738.6382978723406;1242.765957446809;-1333.3404255319151;-1064.4255319148938;0.0;0.0;982.9787234042553;0.0;0.0;1065.8297872340427;517.4680851063829;-69.51063829787232;984.3829787234043;-46.34042553191488;-23.17021276595744;0.0;0.0;0.0;-46.340425531914875;-237.31914893617025;0.0;-341.23404255319156;1921.723404255319;1899.2553191489365;-1585.4042553191491;-1513.7872340425529;-232.40425531914886;-221.17021276595753;0.0;-107.42553191489363;136.21276595744683;151.65957446808505;371.4255319148937;70.91489361702128;-25.978723404255334;-166.40425531914892;-687.3829787234042;-1116.3829787234044;-1114.9787234042553;
0.0;464.76595744680856;6855.829787234042;-685.4893617021276;-11599.191489361703;-30935.10638297873;-13419.404255319147;-7630.382978723406;-28682.808510638293;-49196.127659574464;-42835.14893617023;3544.3404255319138;0.0;44792.93617021279;834.1276595744683;121979.4042553191;6213.021276595746;-25309.574468085113;-29455.744680851072;-24880.680851063833;0.0;0.0;57012.76595744681;0.0;0.0;834.1276595744683;41263.14893617021;3624.3829787234044;466.2127659574475;2790.2553191489355;834.1276595744687;0.0;0.0;0.0;-2687.7446808510635;2835.489361702128;0.0;26108.425531914894;2791.95744680851;16766.80851063828;-33119.44680851063;-64343.65957446813;-4379.446808510639;-3727.8723404255306;0.0;-6398.680851063828;4864.340425531915;10634.255319148939;20702.68085106382;6941.063829787234;3947.23404255319;-2915.446808510638;-25072.212765957447;-43928.21276595747;-44890.76595744681;
0.0;-805.1702127659587;-1666.8510638297864;-2731.446808510638;-3244.95744680851;-3535.531914893618;-1461.0212765957447;-1503.9148936170213;-2953.04255319149;-6376.638297872339;-3746.744680851064;3545.7021276595747;0.0;23762.680851063822;738.6382978723406;6213.021276595746;57969.10638297879;-8663.872340425507;927.2765957446823;16082.595744680857;0.0;0.0;14863.829787234043;0.0;0.0;738.6382978723406;6224.744680851063;4426.914893617021;596.0638297872333;-700.7234042553191;738.6382978723406;0.0;0.0;0.0;-700.7234042553195;8011.4468085106455;0.0;-6759.872340425532;24802.787234042553;2352.0425531914902;8204.765957446802;-4112.297872340424;3085.7659574468044;3255.6382978723414;0.0;-2091.4042553191466;-1874.2978723404221;1690.2765957446813;4281.404255319151;1605.319148936169;1938.1702127659576;1547.7659574468084;134.93617021276486;-2088.0638297872338;-3133.829787234043;
0.0;-1799.4042553191478;-5687.021276595749;-5935.936170212766;-631.1489361702133;4994.361702127661;8195.574468085106;11617.702127659579;17430.14893617023;20685.23404255319;17868.106382978727;3909.04255319149;0.0;75843.61702127657;1242.765957446809;-25309.574468085113;-8663.872340425507;163784.5531914894;76659.53191489365;54535.914893617075;0.0;0.0;39676.595744680904;0.0;0.0;1242.765957446809;-6824.106382978727;494.2978723404274;4844.276595744681;307.5319148936177;-935.234042553191;0.0;0.0;0.0;4729.531914893609;26520.936170212717;0.0;3826.5531914893686;-5988.255319148941;21782.851063829796;-1325.6808510638348;36998.04255319148;19519.31914893619;13372.76595744682;0.0;-453.0851063829794;-3385.957446808512;768.531914893617;7207.085106382977;10343.382978723406;7797.404255319147;10962.319148936174;21198.723404255346;27531.72340425533;25458.404255319132;
0.0;-2353.042553191488;-7956.212765957448;-4463.361702127658;2979.510638297872;13433.617021276596;8801.744680851067;11445.02127659575;23272.48936170213;33006.34042553191;27800.063829787217;-2675.5744680851085;0.0;101054.17021276605;-1333.3404255319151;-29455.744680851072;927.2765957446823;76659.53191489365;163717.31914893628;88425.14893617031;0.0;0.0;56565.9574468085;0.0;0.0;-1333.3404255319151;-16644.063829787236;-2911.0212765957453;-220.23404255319326;2811.3191489361698;-244.3404255319149;0.0;0.0;0.0;17133.31914893617;21743.36170212764;0.0;-9336.468085106386;-8147.55319148936;1515.5106382978727;28701.191489361707;28966.425531914898;30426.19148936174;11272.659574468096;0.0;101.14893617021306;-6945.574468085109;-4325.680851063828;1388.8510638297885;10363.829787234052;9786.042553191486;12138.191489361709;29223.234042553202;41250.234042553195;39964.042553191466;
0.0;-1652.5531914893609;-6748.765957446805;-2907.702127659575;4026.6382978723404;15587.021276595751;11436.680851063824;10049.276595744685;22521.36170212766;30186.425531914898;27641.829787234048;-870.4680851063825;0.0;83578.21276595743;-1064.4255319148938;-24880.680851063833;16082.595744680857;54535.914893617075;88425.14893617031;97956.93617021262;0.0;0.0;45157.446808510664;0.0;0.0;-1064.4255319148938;-16577.829787234037;-1015.2765957446818;193.95744680850902;-2128.8510638297867;1113.574468085107;0.0;0.0;0.0;4471.1489361702115;17897.702127659588;0.0;423.9148936170235;-5173.191489361701;394.638297872338;10923.489361702128;43913.531914893654;19923.489361702097;13839.57446808511;0.0;-469.06382978723383;-8610.46808510639;-6088.851063829793;-2006.9361702127662;6623.78723404254;7268.553191489368;9933.489361702133;24630.04255319151;35650.0425531915;36130.55319148935;
0.0;0.0;0.0;0.0;0.0;0.0;0.0;0.0;0.0;0.0;0.0;0.0;0.0;0.0;0.0;0.0;0.0;0.0;0.0;0.0;0.0;0.0;0.0;0.0;0.0;0.0;0.0;0.0;0.0;0.0;0.0;0.0;0.0;0.0;0.0;0.0;0.0;0.0;0.0;0.0;0.0;0.0;0.0;0.0;0.0;0.0;0.0;0.0;0.0;0.0;0.0;0.0;0.0;0.0;0.0;
0.0;0.0;0.0;0.0;0.0;0.0;0.0;0.0;0.0;0.0;0.0;0.0;0.0;0.0;0.0;0.0;0.0;0.0;0.0;0.0;0.0;0.0;0.0;0.0;0.0;0.0;0.0;0.0;0.0;0.0;0.0;0.0;0.0;0.0;0.0;0.0;0.0;0.0;0.0;0.0;0.0;0.0;0.0;0.0;0.0;0.0;0.0;0.0;0.0;0.0;0.0;0.0;0.0;0.0;0.0;
0.0;-902.1276595744689;889.3617021276608;-3668.0851063829823;-9774.468085106382;-20419.148936170208;-6512.765957446809;351.0638297872349;-9525.531914893616;-21982.97872340426;-18246.8085106383;5421.276595744684;0.0;113608.51063829784;982.9787234042553;57012.76595744681;14863.829787234043;39676.595744680904;56565.9574468085;45157.446808510664;0.0;0.0;98297.8723404254;0.0;0.0;982.9787234042553;24246.808510638297;2948.9361702127662;4438.297872340425;1965.9574468085107;982.9787234042556;0.0;0.0;0.0;1965.9574468085116;10068.08510638298;0.0;16076.595744680852;872.3404255319156;11825.531914893616;-23540.425531914898;-26578.723404255314;9859.574468085111;4382.978723404249;0.0;-5242.553191489359;-1578.723404255321;3365.957446808512;16442.553191489347;10991.489361702119;8102.127659574462;4259.5744680851085;-4438.29787234043;-12838.297872340421;-14297.872340425532;
0.0;0.0;0.0;0.0;0.0;0.0;0.0;0.0;0.0;0.0;0.0;0.0;0.0;0.0;0.0;0.0;0.0;0.0;0.0;0.0;0.0;0.0;0.0;0.0;0.0;0.0;0.0;0.0;0.0;0.0;0.0;0.0;0.0;0.0;0.0;0.0;0.0;0.0;0.0;0.0;0.0;0.0;0.0;0.0;0.0;0.0;0.0;0.0;0.0;0.0;0.0;0.0;0.0;0.0;0.0;
0.0;0.0;0.0;0.0;0.0;0.0;0.0;0.0;0.0;0.0;0.0;0.0;0.0;0.0;0.0;0.0;0.0;0.0;0.0;0.0;0.0;0.0;0.0;0.0;0.0;0.0;0.0;0.0;0.0;0.0;0.0;0.0;0.0;0.0;0.0;0.0;0.0;0.0;0.0;0.0;0.0;0.0;0.0;0.0;0.0;0.0;0.0;0.0;0.0;0.0;0.0;0.0;0.0;0.0;0.0;
0.0;25.978723404255327;30.893617021276615;-257.68085106382983;-476.74468085106383;-888.1914893617021;-372.12765957446805;-359.4893617021277;-909.2553191489363;-1395.8297872340427;-1144.4680851063831;961.2127659574468;0.0;-499.9148936170212;1065.8297872340427;834.1276595744683;738.6382978723406;1242.765957446809;-1333.3404255319151;-1064.4255319148938;0.0;0.0;982.9787234042553;0.0;0.0;1065.8297872340427;517.4680851063829;-69.51063829787232;984.3829787234043;-46.34042553191488;-23.17021276595744;0.0;0.0;0.0;-46.340425531914875;-237.31914893617025;0.0;-341.23404255319156;1921.723404255319;1899.2553191489365;-1585.4042553191491;-1513.7872340425529;-232.40425531914886;-221.17021276595753;0.0;-107.42553191489363;136.21276595744683;151.65957446808505;371.4255319148937;70.91489361702128;-25.978723404255334;-166.40425531914892;-687.3829787234042;-1116.3829787234044;-1114.9787234042553;
0.0;-5.191489361702089;2794.0425531914902;-1976.127659574468;-7633.702127659574;-16418.723404255317;-7697.148936170212;-4157.404255319149;-13651.297872340432;-23224.46808510638;-20358.212765957447;3381.9148936170213;0.0;8612.765957446805;517.4680851063829;41263.14893617021;6224.744680851063;-6824.106382978727;-16644.063829787236;-16577.829787234037;0.0;0.0;24246.808510638297;0.0;0.0;517.4680851063829;26470.21276595745;2641.4042553191493;686.4468085106379;2123.9361702127662;517.4680851063833;0.0;0.0;0.0;-1143.0638297872354;-853.8723404255309;0.0;5282.893617021277;4634.510638297874;4047.2978723404253;-10683.638297872341;-27662.08510638298;-3232.638297872341;-2955.531914893617;0.0;-2383.8297872340436;3191.9148936170245;5084.936170212768;9491.829787234043;2513.2340425531916;1036.1914893617022;-2111.638297872342;-12732.446808510645;-21401.446808510635;-22263.8085106383;
0.0;-120.06382978723403;158.68085106382975;-608.0425531914893;-1166.2340425531916;-2169.5744680851067;-1050.3829787234044;-946.468085106383;-2331.7659574468084;-3857.489361702128;-2674.4042553191493;1794.6382978723404;0.0;-377.74468085106304;-69.51063829787232;3624.3829787234044;4426.914893617021;494.2978723404274;-2911.0212765957453;-1015.2765957446818;0.0;0.0;2948.9361702127662;0.0;0.0;-69.51063829787232;2641.4042553191493;3058.468085106384;775.1489361702128;-139.02127659574464;1019.4893617021266;0.0;0.0;0.0;-139.02127659574464;-711.9574468085102;0.0;-1023.7021276595744;3620.170212765958;3552.765957446808;-2578.212765957447;-2363.3617021276605;-697.2127659574465;-663.5106382978721;0.0;-289.27659574468083;474.6382978723401;751.9787234042553;1279.27659574468;245.74468085106383;153.06382978723406;-235.21276595744695;-1633.1489361702136;-2656.148936170213;-2618.9361702127662;
0.0;-80.70212765957434;5.489361702127638;-598.468085106383;-840.5744680851062;-1465.3191489361704;-264.2127659574468;204.8510638297872;-1074.4255319148938;-1626.3829787234044;-1504.4468085106378;4101.021276595752;0.0;-1935.1914893617009;984.3829787234043;466.2127659574475;596.0638297872333;4844.276595744681;-220.23404255319326;193.95744680850902;0.0;0.0;4438.297872340425;0.0;0.0;984.3829787234043;686.4468085106379;775.1489361702128;5294.638297872334;879.7659574468092;-104.61702127659584;0.0;0.0;0.0;-209.2340425531919;-1071.531914893617;0.0;-2340.7234042553187;1020.8723404255314;5308.425531914894;-269.34042553191495;-1834.9787234042547;-1049.3404255319142;-998.6170212765945;0.0;-102.04255319148933;431.02127659574444;681.7659574468088;1392.0425531914893;1301.1914893617022;1228.7021276595747;677.6595744680858;-409.6382978723402;-1197.6382978723404;-1371.2978723404253;
0.0;-146.04255319148942;127.78723404255324;-350.36170212765956;-491.48936170212755;-1281.382978723404;-678.255319148936;-190.97872340425536;-1587.510638297872;-2065.659574468085;-1925.936170212765;833.4255319148937;0.0;122.17021276595736;-46.34042553191488;2790.2553191489355;-700.7234042553191;307.5319148936177;2811.3191489361698;-2128.8510638297867;0.0;0.0;1965.9574468085107;0.0;0.0;-46.34042553191488;2123.9361702127662;-139.02127659574464;879.7659574468092;2085.319148936171;-46.340425531914875;0.0;0.0;0.0;-92.68085106382975;-474.6382978723401;0.0;-682.4680851063829;-512.5531914893617;1620.5106382978724;3396.1914893617;-3027.574468085107;-464.8085106382976;-442.34042553191466;0.0;-181.85106382978717;338.4255319148937;600.3191489361703;907.8510638297879;372.8297872340428;344.042553191489;96.19148936170212;-780.7659574468087;-1539.7659574468091;-1866.9574468085102;
0.0;-172.02127659574455;96.89361702127663;-92.68085106382979;-212.74468085106383;-393.1914893617019;-306.12765957446817;-227.48936170212778;-513.2553191489361;-1065.8297872340424;-385.46808510638266;-127.78723404255321;0.0;622.0851063829796;-23.17021276595744;834.1276595744687;738.6382978723406;-935.234042553191;-244.3404255319149;1113.574468085107;0.0;0.0;982.9787234042556;0.0;0.0;-23.17021276595744;517.4680851063833;1019.4893617021266;-104.61702127659584;-46.340425531914875;1065.8297872340409;0.0;0.0;0.0;-46.340425531914875;-237.31914893617034;0.0;-341.2340425531916;-256.276595744681;-278.7446808510638;592.5957446808511;664.212765957447;-232.40425531914883;-221.17021276595761;0.0;-74.42553191489358;202.2127659574469;448.6595744680852;536.4255319148942;103.9148936170212;205.02127659574452;97.59574468085106;-258.38297872340434;-423.3829787234049;-388.9787234042551;
0.0;0.0;0.0;0.0;0.0;0.0;0.0;0.0;0.0;0.0;0.0;0.0;0.0;0.0;0.0;0.0;0.0;0.0;0.0;0.0;0.0;0.0;0.0;0.0;0.0;0.0;0.0;0.0;0.0;0.0;0.0;0.0;0.0;0.0;0.0;0.0;0.0;0.0;0.0;0.0;0.0;0.0;0.0;0.0;0.0;0.0;0.0;0.0;0.0;0.0;0.0;0.0;0.0;0.0;0.0;
0.0;0.0;0.0;0.0;0.0;0.0;0.0;0.0;0.0;0.0;0.0;0.0;0.0;0.0;0.0;0.0;0.0;0.0;0.0;0.0;0.0;0.0;0.0;0.0;0.0;0.0;0.0;0.0;0.0;0.0;0.0;0.0;0.0;0.0;0.0;0.0;0.0;0.0;0.0;0.0;0.0;0.0;0.0;0.0;0.0;0.0;0.0;0.0;0.0;0.0;0.0;0.0;0.0;0.0;0.0;
0.0;0.0;0.0;0.0;0.0;0.0;0.0;0.0;0.0;0.0;0.0;0.0;0.0;0.0;0.0;0.0;0.0;0.0;0.0;0.0;0.0;0.0;0.0;0.0;0.0;0.0;0.0;0.0;0.0;0.0;0.0;0.0;0.0;0.0;0.0;0.0;0.0;0.0;0.0;0.0;0.0;0.0;0.0;0.0;0.0;0.0;0.0;0.0;0.0;0.0;0.0;0.0;0.0;0.0;0.0;
0.0;51.95744680851051;-202.2127659574467;12.638297872340436;168.51063829787236;929.6170212765959;1037.7446808510635;997.0212765957442;1877.4893617021278;2422.3404255319147;2067.063829787234;-255.57446808510653;0.0;1244.170212765959;-46.340425531914875;-2687.7446808510635;-700.7234042553195;4729.531914893609;17133.31914893617;4471.1489361702115;0.0;0.0;1965.9574468085116;0.0;0.0;-46.340425531914875;-1143.0638297872354;-139.02127659574464;-209.2340425531919;-92.68085106382975;-46.340425531914875;0.0;0.0;0.0;4263.319148936155;1703.3617021276625;0.0;-2860.468085106384;-512.5531914893623;-557.4893617021279;-992.8085106382961;1328.425531914894;3891.191489361703;-442.3404255319157;0.0;247.1489361702129;272.42553191489316;237.3191489361706;940.8510638297887;1263.8297872340424;872.0425531914904;789.1914893617019;2057.234042553191;3047.234042553192;3182.0425531914884;
0.0;-459.9148936170209;-1291.5744680851071;-1191.2765957446811;-206.02127659574518;1361.7659574468084;1457.5106382978727;2128.9574468085098;3860.021276595745;4286.319148936171;3595.87234042553;-1308.8510638297862;0.0;22871.659574468104;-237.31914893617025;2835.489361702128;8011.4468085106455;26520.936170212717;21743.36170212764;17897.702127659588;0.0;0.0;10068.08510638298;0.0;0.0;-237.31914893617025;-853.8723404255309;-711.9574468085102;-1071.531914893617;-474.6382978723401;-237.31914893617034;0.0;0.0;0.0;1703.3617021276625;10703.276595744694;0.0;-591.0638297872348;-446.89361702127565;1500.9787234042544;9106.617021276594;8551.148936170213;5242.617021276586;3179.6808510638234;0.0;-489.2978723404258;-1025.8510638297862;975.3617021276596;2428.297872340423;2714.3404255319165;2629.914893617021;3216.6170212765983;5558.531914893612;6877.5319148936205;6250.914893617024;
0.0;0.0;0.0;0.0;0.0;0.0;0.0;0.0;0.0;0.0;0.0;0.0;0.0;0.0;0.0;0.0;0.0;0.0;0.0;0.0;0.0;0.0;0.0;0.0;0.0;0.0;0.0;0.0;0.0;0.0;0.0;0.0;0.0;0.0;0.0;0.0;0.0;0.0;0.0;0.0;0.0;0.0;0.0;0.0;0.0;0.0;0.0;0.0;0.0;0.0;0.0;0.0;0.0;0.0;0.0;
0.0;-374.4042553191496;646.9787234042551;-328.9361702127658;-858.1489361702127;-4093.6382978723404;-785.4255319148937;791.7021276595738;-2366.8510638297876;-5184.765957446806;-4308.893617021276;-2681.957446808508;0.0;35061.61702127659;-341.23404255319156;26108.425531914894;-6759.872340425532;3826.5531914893686;-9336.468085106386;423.9148936170235;0.0;0.0;16076.595744680852;0.0;0.0;-341.23404255319156;5282.893617021277;-1023.7021276595744;-2340.7234042553187;-682.4680851063829;-341.2340425531916;0.0;0.0;0.0;-2860.468085106384;-591.0638297872348;0.0;25102.553191489347;-5374.255319148935;316.8510638297878;-21844.680851063837;-12580.957446808508;4432.3191489361725;5975.765957446811;0.0;-1543.0851063829796;-732.9574468085101;380.53191489361706;3104.085106382978;1598.3829787234042;250.4042553191497;-551.6808510638305;-3256.276595744682;-6044.276595744682;-5834.595744680853;
0.0;-542.6595744680855;-1116.297872340425;-1518.1063829787236;-1785.0851063829787;-2485.9361702127662;-395.95744680851055;-190.17021276595756;-1954.914893617021;-4282.723404255319;-3430.5106382978724;5153.595744680851;0.0;-3285.3617021276596;1921.723404255319;2791.95744680851;24802.787234042553;-5988.255319148941;-8147.55319148936;-5173.191489361701;0.0;0.0;872.3404255319156;0.0;0.0;1921.723404255319;4634.510638297874;3620.170212765958;1020.8723404255314;-512.5531914893617;-256.276595744681;0.0;0.0;0.0;-512.5531914893623;-446.89361702127565;0.0;-5374.255319148935;33566.425531914894;1272.9148936170216;-5935.531914893616;-9565.404255319148;-392.5319148936174;4731.72340425532;0.0;-686.1914893617019;-179.40425531914866;383.44680851063833;1148.1914893617018;-83.63829787234073;-325.3404255319148;-650.5319148936172;-2298.8723404255315;-4087.8723404255306;-4368.340425531916;
0.0;-281.46808510638346;-1278.3404255319153;-2835.9787234042556;-3095.3829787234044;-5207.212765957447;-1836.8085106382982;-1816.7659574468087;-4734.617021276595;-7816.255319148935;-6376.297872340426;7207.680851063828;0.0;11673.872340425527;1899.2553191489365;16766.80851063828;2352.0425531914902;21782.851063829796;1515.5106382978727;394.638297872338;0.0;0.0;11825.531914893616;0.0;0.0;1899.2553191489365;4047.2978723404253;3552.765957446808;5308.425531914894;1620.5106382978724;-278.7446808510638;0.0;0.0;0.0;-557.4893617021279;1500.9787234042544;0.0;316.8510638297878;1272.9148936170216;31759.617021276605;-10360.893617021276;-9433.31914893617;1560.1063829787206;1695.255319148936;0.0;-1688.3617021276589;-803.3191489361681;570.5106382978727;2884.361702127658;1447.127659574468;545.4680851063829;-285.89361702127684;-2725.425531914893;-5444.425531914894;-5625.531914893618;
0.0;-1111.4255319148933;-3027.127659574469;-906.6170212765963;4512.106382978724;12133.170212765956;1566.4468085106391;1190.2127659574471;7229.893617021276;15546.404255319147;12045.63829787234;-4065.744680851064;0.0;-18178.297872340423;-1585.4042553191491;-33119.44680851063;8204.765957446802;-1325.6808510638348;28701.191489361707;10923.489361702128;0.0;0.0;-23540.425531914898;0.0;0.0;-1585.4042553191491;-10683.638297872341;-2578.212765957447;-269.34042553191495;3396.1914893617;592.5957446808511;0.0;0.0;0.0;-992.8085106382961;9106.617021276594;0.0;-21844.680851063837;-5935.531914893616;-10360.893617021276;73373.914893617;22951.255319148935;-1068.0851063829768;22.59574468085225;0.0;2000.4893617021273;-1459.744680851064;-522.8085106382978;-6358.489361702126;-2038.7021276595763;1473.4255319148929;3872.914893617022;11997.340425531918;18751.34042553192;16478.42553191489;
0.0;-862.723404255319;-5778.617021276594;-537.1489361702118;7772.680851063831;22790.489361702126;10933.659574468084;6162.3617021276605;23540.319148936178;37796.78723404256;33722.08510638298;-3348.7659574468084;0.0;-6957.106382978729;-1513.7872340425529;-64343.65957446813;-4112.297872340424;36998.04255319148;28966.425531914898;43913.531914893654;0.0;0.0;-26578.723404255314;0.0;0.0;-1513.7872340425529;-27662.08510638298;-2363.3617021276605;-1834.9787234042547;-3027.574468085107;664.212765957447;0.0;0.0;0.0;1328.425531914894;8551.148936170213;0.0;-12580.957446808508;-9565.404255319148;-9433.31914893617;22951.255319148935;62297.23404255322;6250.255319148936;5128.212765957445;0.0;3743.5319148936187;-4229.765957446806;-5715.574468085107;-11517.531914893616;-1941.8936170212762;290.7234042553189;5294.255319148935;22254.978723404267;36674.978723404245;38023.72340425533;
0.0;-915.4255319148946;-2720.127659574467;-1592.6170212765942;1376.1063829787233;4813.170212765956;3747.4468085106396;3873.2127659574453;7160.893617021279;9629.404255319143;8576.638297872341;-1281.7446808510629;0.0;27739.702127659588;-232.40425531914886;-4379.446808510639;3085.7659574468044;19519.31914893619;30426.19148936174;19923.489361702097;0.0;0.0;9859.574468085111;0.0;0.0;-232.40425531914886;-3232.638297872341;-697.2127659574465;-1049.3404255319142;-464.8085106382976;-232.40425531914883;0.0;0.0;0.0;3891.191489361703;5242.617021276586;0.0;4432.3191489361725;-392.5319148936174;1560.1063829787206;-1068.0851063829768;6250.255319148936;12469.914893617015;8226.595744680837;0.0;-165.51063829787222;-1924.7446808510645;-479.8085106382977;1158.5106382978693;3310.297872340426;2637.4255319148933;3012.914893617019;7580.340425531917;10574.340425531907;10423.425531914883;
0.0;-1178.0212765957438;-2771.106382978723;-1395.6808510638302;1635.2553191489362;4787.808510638296;3345.8723404255315;3531.5106382978734;6405.74468085106;8492.17021276596;7475.531914893611;-1219.7872340425524;0.0;22438.085106383023;-221.17021276595753;-3727.8723404255306;3255.6382978723414;13372.76595744682;11272.659574468096;13839.57446808511;0.0;0.0;4382.978723404249;0.0;0.0;-221.17021276595753;-2955.531914893617;-663.5106382978721;-998.6170212765945;-442.34042553191466;-221.17021276595761;0.0;0.0;0.0;-442.3404255319157;3179.6808510638234;0.0;5975.765957446811;4731.72340425532;1695.255319148936;22.59574468085225;5128.212765957445;8226.595744680837;10833.82978723403;0.0;-225.42553191489367;-2140.7872340425524;-837.3404255319147;-369.5744680851063;1653.9148936170218;1476.0212765957447;2071.5957446808516;5681.617021276595;7985.6170212766;7752.02127659575;
0.0;0.0;0.0;0.0;0.0;0.0;0.0;0.0;0.0;0.0;0.0;0.0;0.0;0.0;0.0;0.0;0.0;0.0;0.0;0.0;0.0;0.0;0.0;0.0;0.0;0.0;0.0;0.0;0.0;0.0;0.0;0.0;0.0;0.0;0.0;0.0;0.0;0.0;0.0;0.0;0.0;0.0;0.0;0.0;0.0;0.0;0.0;0.0;0.0;0.0;0.0;0.0;0.0;0.0;0.0;
0.0;20.44680851063831;-265.76595744680856;117.29787234042553;684.6382978723407;1860.021276595745;763.6808510638298;351.27659574468083;1587.3617021276596;2883.4255319148947;2471.8297872340427;-242.4680851063829;0.0;-5865.787234042553;-107.42553191489363;-6398.680851063828;-2091.4042553191466;-453.0851063829794;101.14893617021306;-469.06382978723383;0.0;0.0;-5242.553191489359;0.0;0.0;-107.42553191489363;-2383.8297872340436;-289.27659574468083;-102.04255319148933;-181.85106382978717;-74.42553191489358;0.0;0.0;0.0;247.1489361702129;-489.2978723404258;0.0;-1543.0851063829796;-686.1914893617019;-1688.3617021276589;2000.4893617021273;3743.5319148936187;-165.51063829787222;-225.42553191489367;0.0;618.9361702127665;290.5319148936171;-121.85106382978742;-1009.9361702127662;-234.21276595744683;-17.446808510638313;278.48936170212744;1289.0425531914896;2320.042553191488;2530.5531914893613;
0.0;162.27659574468095;999.3829787234043;75.85106382978728;-1192.3191489361702;-2715.5106382978724;-1320.3404255319156;-867.6382978723403;-2763.680851063832;-4333.212765957447;-3657.914893617022;501.23404255319144;0.0;-7707.106382978722;136.21276595744683;4864.340425531915;-1874.2978723404221;-3385.957446808512;-6945.574468085109;-8610.46808510639;0.0;0.0;-1578.723404255321;0.0;0.0;136.21276595744683;3191.9148936170245;474.6382978723401;431.02127659574444;338.4255319148937;202.2127659574469;0.0;0.0;0.0;272.42553191489316;-1025.8510638297862;0.0;-732.9574468085101;-179.40425531914866;-803.3191489361681;-1459.744680851064;-4229.765957446806;-1924.7446808510645;-2140.7872340425524;0.0;290.5319148936171;2219.2340425531925;2351.4255319148933;2364.468085106382;898.1063829787247;744.7234042553191;12.255319148935964;-2603.021276595746;-4324.021276595747;-4214.276595744683;
0.0;-137.04255319148945;717.7872340425532;-509.3617021276598;-1742.489361702127;-3580.3829787234035;-1466.2553191489365;-468.9787234042552;-3020.510638297871;-5396.659574468085;-4445.936170212766;536.4255319148938;0.0;228.17021276595875;151.65957446808505;10634.255319148939;1690.2765957446813;768.531914893617;-4325.680851063828;-6088.851063829793;0.0;0.0;3365.957446808512;0.0;0.0;151.65957446808505;5084.936170212768;751.9787234042553;681.7659574468088;600.3191489361703;448.6595744680852;0.0;0.0;0.0;237.3191489361706;975.3617021276596;0.0;380.53191489361706;383.44680851063833;570.5106382978727;-522.8085106382978;-5715.574468085107;-479.8085106382977;-837.3404255319147;0.0;-121.85106382978742;2351.4255319148933;3599.3191489361716;4403.851063829784;2331.829787234042;2032.0425531914902;983.1914893617025;-2253.7659574468084;-4689.765957446807;-4876.957446808513;
0.0;-142.4468085106383;1187.7659574468082;-917.2978723404253;-3305.6382978723404;-7053.021276595743;-2148.6808510638302;-106.27659574468103;-4854.36170212766;-9688.425531914896;-7973.8297872340445;1598.4680851063827;0.0;13977.787234042557;371.4255319148937;20702.68085106382;4281.404255319151;7207.085106382977;1388.8510638297885;-2006.9361702127662;0.0;0.0;16442.553191489347;0.0;0.0;371.4255319148937;9491.829787234043;1279.27659574468;1392.0425531914893;907.8510638297879;536.4255319148942;0.0;0.0;0.0;940.8510638297887;2428.297872340423;0.0;3104.085106382978;1148.1914893617018;2884.361702127658;-6358.489361702126;-11517.531914893616;1158.5106382978693;-369.5744680851063;0.0;-1009.9361702127662;2364.468085106382;4403.851063829784;7550.936170212766;4285.212765957449;3321.446808510641;1496.5106382978702;-3589.0425531914884;-7752.042553191489;-8154.553191489364;
0.0;-302.51063829787216;-360.5531914893615;-963.3404255319156;-1089.872340425532;-1281.59574468085;698.9361702127658;1815.2553191489355;872.8723404255311;-295.9148936170222;-24.23404255319234;1141.1063829787238;0.0;13746.042553191493;70.91489361702128;6941.063829787234;1605.319148936169;10343.382978723406;10363.829787234052;6623.78723404254;0.0;0.0;10991.489361702119;0.0;0.0;70.91489361702128;2513.2340425531916;245.74468085106383;1301.1914893617022;372.8297872340428;103.9148936170212;0.0;0.0;0.0;1263.8297872340424;2714.3404255319165;0.0;1598.3829787234042;-83.63829787234073;1447.127659574468;-2038.7021276595763;-1941.8936170212762;3310.297872340426;1653.9148936170218;0.0;-234.21276595744683;898.1063829787247;2331.829787234042;4285.212765957449;3961.9574468085116;3445.51063829787;2585.2978723404244;1523.8085106382987;613.8085106382971;493.5106382978745;
0.0;-332.8723404255317;-528.3617021276597;-846.9148936170211;-599.5319148936168;-139.85106382978708;909.7659574468089;1751.9361702127662;1482.5319148936155;1057.9787234042556;1132.8085106382975;806.7234042553196;0.0;10947.48936170213;-25.978723404255334;3947.23404255319;1938.1702127659576;7797.404255319147;9786.042553191486;7268.553191489368;0.0;0.0;8102.127659574462;0.0;0.0;-25.978723404255334;1036.1914893617022;153.06382978723406;1228.7021276595747;344.042553191489;205.02127659574452;0.0;0.0;0.0;872.0425531914904;2629.914893617021;0.0;250.4042553191497;-325.3404255319148;545.4680851063829;1473.4255319148929;290.7234042553189;2637.4255319148933;1476.0212765957447;0.0;-17.446808510638313;744.7234042553191;2032.0425531914902;3321.446808510641;3445.51063829787;3289.8723404255365;2685.4255319148933;2223.297872340424;1879.2978723404249;1780.8723404255352;
0.0;-398.4255319148936;-1087.1276595744675;-771.6170212765951;394.10638297872333;2227.1702127659573;1846.4468085106384;2212.212765957446;3610.893617021276;4756.404255319148;4260.638297872341;82.25531914893622;0.0;9867.702127659568;-166.40425531914892;-2915.446808510638;1547.7659574468084;10962.319148936174;12138.191489361709;9933.489361702133;0.0;0.0;4259.5744680851085;0.0;0.0;-166.40425531914892;-2111.638297872342;-235.21276595744695;677.6595744680858;96.19148936170212;97.59574468085106;0.0;0.0;0.0;789.1914893617019;3216.6170212765983;0.0;-551.6808510638305;-650.5319148936172;-285.89361702127684;3872.914893617022;5294.255319148935;3012.914893617019;2071.5957446808516;0.0;278.48936170212744;12.255319148935964;983.1914893617025;1496.5106382978702;2585.2978723404244;2685.4255319148933;2783.914893617021;4188.340425531914;5284.340425531916;5216.425531914893;
0.0;-808.2978723404252;-3634.4893617021303;-963.5319148936167;3887.574468085106;11297.319148936167;6122.212765957445;4975.148936170214;12608.42553191489;19456.3829787234;16819.446808510635;-1691.0212765957444;0.0;11455.191489361696;-687.3829787234042;-25072.212765957447;134.93617021276486;21198.723404255346;29223.234042553202;24630.04255319151;0.0;0.0;-4438.29787234043;0.0;0.0;-687.3829787234042;-12732.446808510645;-1633.1489361702136;-409.6382978723402;-780.7659574468087;-258.38297872340434;0.0;0.0;0.0;2057.234042553191;5558.531914893612;0.0;-3256.276595744682;-2298.8723404255315;-2725.425531914893;11997.340425531918;22254.978723404267;7580.340425531917;5681.617021276595;0.0;1289.0425531914896;-2603.021276595746;-2253.7659574468084;-3589.0425531914884;1523.8085106382987;2223.297872340424;4188.340425531914;12582.63829787234;19107.63829787236;19234.297872340434;
