47
118.93617021276597;37.85106382978724;72.38297872340425;77.85106382978724;-1.999999999999993;219.9574468085107;-63.5744680851064;-16.04255319148936;10.29787234042554;0.0;4.148936170212768;25.595744680851077;-8.5531914893617;-27.234042553191482;0.0;-41.446808510638306;0.0;-7.021276595744679;0.0;-23.851063829787243;17.702127659574465;1.7446808510638296;0.0;0.0;4.46808510638298;-2.51063829787234;0.0;0.0;0.0;0.0;0.0;0.0;0.0;0.0;
37.85106382978724;39.31914893617021;23.893617021276558;11.319148936170219;12.000000000000002;37.23404255319148;-2.3404255319148906;-4.765957446808512;-4.6382978723404245;0.0;5.680851063829788;0.7234042553191473;4.042553191489361;13.787234042553187;0.0;0.9574468085106357;0.0;-2.3829787234042556;0.0;-1.3191489361702147;13.63829787234042;0.4042553191489363;0.0;0.0;-3.5744680851063855;-1.1914893617021278;0.0;0.0;0.0;0.0;0.0;0.0;0.0;0.0;
72.38297872340425;23.893617021276558;63.70212765957446;59.89361702127662;-35.00000000000001;190.25531914893617;-62.553191489361666;-12.74468085106383;13.212765957446814;0.0;-5.893617021276599;22.42553191489363;-10.68085106382979;-29.595744680851055;0.0;-37.31914893617022;0.0;-5.872340425531915;0.0;-21.893617021276583;10.787234042553187;1.5319148936170204;0.0;0.0;-2.8085106382978733;-0.9361702127659572;0.0;0.0;0.0;0.0;0.0;0.0;0.0;0.0;
77.85106382978724;11.319148936170219;59.89361702127662;75.31914893617022;-23.999999999999982;208.23404255319133;-70.34042553191486;-11.76595744680851;16.361702127659573;0.0;-4.319148936170213;26.723404255319164;-13.957446808510632;-41.21276595744681;0.0;-43.04255319148936;0.0;-6.382978723404255;0.0;-25.31914893617022;6.638297872340422;2.404255319148936;0.0;0.0;-3.574468085106385;-1.191489361702128;0.0;0.0;0.0;0.0;0.0;0.0;0.0;0.0;
-1.999999999999993;12.000000000000002;-35.00000000000001;-23.999999999999982;206.0;-150.99999999999994;83.00000000000001;7.999999999999996;-14.999999999999986;0.0;41.999999999999986;-17.999999999999993;9.999999999999998;42.999999999999986;0.0;28.00000000000001;0.0;4.000000000000001;0.0;22.999999999999986;10.999999999999986;-1.9999999999999978;0.0;0.0;-3.0;-1.000000000000001;0.0;0.0;0.0;0.0;0.0;0.0;0.0;0.0;
219.9574468085107;37.23404255319148;190.25531914893617;208.23404255319133;-150.99999999999994;710.6382978723406;-231.38297872340425;-34.361702127659576;58.53191489361704;0.0;-31.234042553191486;82.06382978723406;-45.70212765957445;-131.48936170212767;0.0;-141.29787234042553;0.0;-20.680851063829788;0.0;-80.2340425531915;19.468085106382976;4.829787234042553;0.0;0.0;-10.021276595744677;-5.340425531914893;0.0;0.0;0.0;0.0;0.0;0.0;0.0;0.0;
-63.5744680851064;-2.3404255319148906;-62.553191489361666;-70.34042553191486;83.00000000000001;-231.38297872340425;101.82978723404247;13.617021276595743;-21.319148936170215;0.0;19.340425531914878;-30.638297872340434;17.02127659574469;56.89361702127661;0.0;53.97872340425533;0.0;6.8085106382978715;0.0;33.34042553191488;0.31914893617021123;-1.297872340425533;0.0;0.0;1.2127659574468108;0.40425531914893575;0.0;0.0;0.0;0.0;0.0;0.0;0.0;0.0;
-16.04255319148936;-4.765957446808512;-12.74468085106383;-11.76595744680851;7.999999999999996;-34.361702127659576;13.617021276595743;8.638297872340425;-0.4680851063829785;0.0;-2.234042553191489;-4.936170212765956;-1.7021276595744679;6.51063829787234;0.0;7.702127659574471;0.0;1.319148936170213;0.0;4.76595744680851;-1.5319148936170208;-0.17021276595744672;0.0;0.0;1.9787234042553192;0.6595744680851064;0.0;0.0;0.0;0.0;0.0;0.0;0.0;0.0;
10.29787234042554;-4.6382978723404245;13.212765957446814;16.361702127659573;-14.999999999999986;58.53191489361704;-21.319148936170215;-0.4680851063829785;11.276595744680854;0.0;-7.3617021276595755;7.553191489361708;-8.085106382978722;-14.574468085106384;0.0;-13.91489361702128;0.0;-1.2340425531914896;0.0;-7.3617021276595755;-0.2765957446808513;0.19148936170212763;0.0;0.0;1.1489361702127656;0.3829787234042553;0.0;0.0;0.0;0.0;0.0;0.0;0.0;0.0;
0.0;0.0;0.0;0.0;0.0;0.0;0.0;0.0;0.0;0.0;0.0;0.0;0.0;0.0;0.0;0.0;0.0;0.0;0.0;0.0;0.0;0.0;0.0;0.0;0.0;0.0;0.0;0.0;0.0;0.0;0.0;0.0;0.0;0.0;
4.148936170212768;5.680851063829788;-5.893617021276599;-4.319148936170213;41.999999999999986;-31.234042553191486;19.340425531914878;-2.234042553191489;-7.3617021276595755;0.0;13.319148936170205;-3.723404255319151;5.957446808510635;10.212765957446807;0.0;6.042553191489362;0.0;0.38297872340425543;0.0;5.319148936170214;3.3617021276595715;-0.4042553191489361;0.0;0.0;-2.4255319148936163;-0.8085106382978722;0.0;0.0;0.0;0.0;0.0;0.0;0.0;0.0;
25.595744680851077;0.7234042553191473;22.42553191489363;26.723404255319164;-17.999999999999993;82.06382978723406;-30.638297872340434;-4.936170212765956;7.553191489361708;0.0;-3.723404255319151;11.106382978723408;-6.170212765957447;-19.148936170212764;0.0;-19.82978723404256;0.0;-2.468085106382979;0.0;-10.723404255319148;1.4468085106382977;0.382978723404255;0.0;0.0;-0.7021276595744683;-0.23404255319148953;0.0;0.0;0.0;0.0;0.0;0.0;0.0;0.0;
-8.5531914893617;4.042553191489361;-10.68085106382979;-13.957446808510632;9.999999999999998;-45.70212765957445;17.02127659574469;-1.7021276595744679;-8.085106382978722;0.0;5.957446808510635;-6.170212765957447;7.8723404255319185;12.63829787234043;0.0;12.127659574468092;0.0;1.148936170212766;0.0;5.957446808510636;0.0851063829787233;-0.21276595744680837;0.0;0.0;-1.2765957446808514;-0.4255319148936171;0.0;0.0;0.0;0.0;0.0;0.0;0.0;0.0;
-27.234042553191482;13.787234042553187;-29.595744680851055;-41.21276595744681;42.999999999999986;-131.48936170212767;56.89361702127661;6.51063829787234;-14.574468085106384;0.0;10.212765957446807;-19.148936170212764;12.63829787234043;42.80851063829786;0.0;38.3617021276596;0.0;4.25531914893617;0.0;19.212765957446802;4.57446808510638;0.06382978723404235;0.0;0.0;0.38297872340425565;0.12765957446808465;0.0;0.0;0.0;0.0;0.0;0.0;0.0;0.0;
0.0;0.0;0.0;0.0;0.0;0.0;0.0;0.0;0.0;0.0;0.0;0.0;0.0;0.0;0.0;0.0;0.0;0.0;0.0;0.0;0.0;0.0;0.0;0.0;0.0;0.0;0.0;0.0;0.0;0.0;0.0;0.0;0.0;0.0;
-41.446808510638306;0.9574468085106357;-37.31914893617022;-43.04255319148936;28.00000000000001;-141.29787234042553;53.97872340425533;7.702127659574471;-13.91489361702128;0.0;6.042553191489362;-19.82978723404256;12.127659574468092;38.3617021276596;0.0;45.8723404255319;0.0;4.851063829787235;0.0;19.042553191489358;-3.085106382978722;2.2127659574468113;0.0;0.0;1.2765957446808518;0.4255319148936174;0.0;0.0;0.0;0.0;0.0;0.0;0.0;0.0;
0.0;0.0;0.0;0.0;0.0;0.0;0.0;0.0;0.0;0.0;0.0;0.0;0.0;0.0;0.0;0.0;0.0;0.0;0.0;0.0;0.0;0.0;0.0;0.0;0.0;0.0;0.0;0.0;0.0;0.0;0.0;0.0;0.0;0.0;
-7.021276595744679;-2.3829787234042556;-5.872340425531915;-6.382978723404255;4.000000000000001;-20.680851063829788;6.8085106382978715;1.319148936170213;-1.2340425531914896;0.0;0.38297872340425543;-2.468085106382979;1.148936170212766;4.25531914893617;0.0;4.851063829787235;0.0;5.659574468085107;0.0;2.382978723404255;-0.7659574468085105;-0.08510638297872335;0.0;0.0;-0.5106382978723405;-0.17021276595744672;0.0;0.0;0.0;0.0;0.0;0.0;0.0;0.0;
0.0;0.0;0.0;0.0;0.0;0.0;0.0;0.0;0.0;0.0;0.0;0.0;0.0;0.0;0.0;0.0;0.0;0.0;0.0;0.0;0.0;0.0;0.0;0.0;0.0;0.0;0.0;0.0;0.0;0.0;0.0;0.0;0.0;0.0;
-23.851063829787243;-1.3191489361702147;-21.893617021276583;-25.31914893617022;22.999999999999986;-80.2340425531915;33.34042553191488;4.76595744680851;-7.3617021276595755;0.0;5.319148936170214;-10.723404255319148;5.957446808510636;19.212765957446802;0.0;19.042553191489358;0.0;2.382978723404255;0.0;11.319148936170205;-0.6382978723404258;-0.4042553191489364;0.0;0.0;0.5744680851063833;0.19148936170212758;0.0;0.0;0.0;0.0;0.0;0.0;0.0;0.0;
17.702127659574465;13.63829787234042;10.787234042553187;6.638297872340422;10.999999999999986;19.468085106382976;0.31914893617021123;-1.5319148936170208;-0.2765957446808513;0.0;3.3617021276595715;1.4468085106382977;0.0851063829787233;4.57446808510638;0.0;-3.085106382978722;0.0;-0.7659574468085105;0.0;-0.6382978723404258;7.276595744680857;-0.19148936170212766;0.0;0.0;-1.1489361702127656;-0.38297872340425526;0.0;0.0;0.0;0.0;0.0;0.0;0.0;0.0;
1.7446808510638296;0.4042553191489363;1.5319148936170204;2.404255319148936;-1.9999999999999978;4.829787234042553;-1.297872340425533;-0.17021276595744672;0.19148936170212763;0.0;-0.4042553191489361;0.382978723404255;-0.21276595744680837;0.06382978723404235;0.0;2.2127659574468113;0.0;-0.08510638297872335;0.0;-0.4042553191489364;-0.19148936170212766;0.9787234042553195;0.0;0.0;-0.12765957446808504;-0.04255319148936171;0.0;0.0;0.0;0.0;0.0;0.0;0.0;0.0;
0.0;0.0;0.0;0.0;0.0;0.0;0.0;0.0;0.0;0.0;0.0;0.0;0.0;0.0;0.0;0.0;0.0;0.0;0.0;0.0;0.0;0.0;0.0;0.0;0.0;0.0;0.0;0.0;0.0;0.0;0.0;0.0;0.0;0.0;
0.0;0.0;0.0;0.0;0.0;0.0;0.0;0.0;0.0;0.0;0.0;0.0;0.0;0.0;0.0;0.0;0.0;0.0;0.0;0.0;0.0;0.0;0.0;0.0;0.0;0.0;0.0;0.0;0.0;0.0;0.0;0.0;0.0;0.0;
4.46808510638298;-3.5744680851063855;-2.8085106382978733;-3.574468085106385;-3.0;-10.021276595744677;1.2127659574468108;1.9787234042553192;1.1489361702127656;0.0;-2.4255319148936163;-0.7021276595744683;-1.2765957446808514;0.38297872340425565;0.0;1.2765957446808518;0.0;-0.5106382978723405;0.0;0.5744680851063833;-1.1489361702127656;-0.12765957446808504;0.0;0.0;17.2340425531915;-0.25531914893617025;0.0;0.0;0.0;0.0;0.0;0.0;0.0;0.0;
-2.51063829787234;-1.1914893617021278;-0.9361702127659572;-1.191489361702128;-1.000000000000001;-5.340425531914893;0.40425531914893575;0.6595744680851064;0.3829787234042553;0.0;-0.8085106382978722;-0.23404255319148953;-0.4255319148936171;0.12765957446808465;0.0;0.4255319148936174;0.0;-0.17021276595744672;0.0;0.19148936170212758;-0.38297872340425526;-0.04255319148936171;0.0;0.0;-0.25531914893617025;1.9148936170212778;0.0;0.0;0.0;0.0;0.0;0.0;0.0;0.0;
0.0;0.0;0.0;0.0;0.0;0.0;0.0;0.0;0.0;0.0;0.0;0.0;0.0;0.0;0.0;0.0;0.0;0.0;0.0;0.0;0.0;0.0;0.0;0.0;0.0;0.0;0.0;0.0;0.0;0.0;0.0;0.0;0.0;0.0;
0.0;0.0;0.0;0.0;0.0;0.0;0.0;0.0;0.0;0.0;0.0;0.0;0.0;0.0;0.0;0.0;0.0;0.0;0.0;0.0;0.0;0.0;0.0;0.0;0.0;0.0;0.0;0.0;0.0;0.0;0.0;0.0;0.0;0.0;
0.0;0.0;0.0;0.0;0.0;0.0;0.0;0.0;0.0;0.0;0.0;0.0;0.0;0.0;0.0;0.0;0.0;0.0;0.0;0.0;0.0;0.0;0.0;0.0;0.0;0.0;0.0;0.0;0.0;0.0;0.0;0.0;0.0;0.0;
0.0;0.0;0.0;0.0;0.0;0.0;0.0;0.0;0.0;0.0;0.0;0.0;0.0;0.0;0.0;0.0;0.0;0.0;0.0;0.0;0.0;0.0;0.0;0.0;0.0;0.0;0.0;0.0;0.0;0.0;0.0;0.0;0.0;0.0;
0.0;0.0;0.0;0.0;0.0;0.0;0.0;0.0;0.0;0.0;0.0;0.0;0.0;0.0;0.0;0.0;0.0;0.0;0.0;0.0;0.0;0.0;0.0;0.0;0.0;0.0;0.0;0.0;0.0;0.0;0.0;0.0;0.0;0.0;
0.0;0.0;0.0;0.0;0.0;0.0;0.0;0.0;0.0;0.0;0.0;0.0;0.0;0.0;0.0;0.0;0.0;0.0;0.0;0.0;0.0;0.0;0.0;0.0;0.0;0.0;0.0;0.0;0.0;0.0;0.0;0.0;0.0;0.0;
0.0;0.0;0.0;0.0;0.0;0.0;0.0;0.0;0.0;0.0;0.0;0.0;0.0;0.0;0.0;0.0;0.0;0.0;0.0;0.0;0.0;0.0;0.0;0.0;0.0;0.0;0.0;0.0;0.0;0.0;0.0;0.0;0.0;0.0;
0.0;0.0;0.0;0.0;0.0;0.0;0.0;0.0;0.0;0.0;0.0;0.0;0.0;0.0;0.0;0.0;0.0;0.0;0.0;0.0;0.0;0.0;0.0;0.0;0.0;0.0;0.0;0.0;0.0;0.0;0.0;0.0;0.0;0.0;
