1503
9.598179598769557;2.1001679359930456;4.828226369426812;7.4695448187204905;3.691309924546716;2.9241728037599333;2.6825918553375274;4.025639177776397;1.1968071720007802;1.131871684361565;1.141056408943841;0.38655684441207355;-0.2889410621809294;1.154095406767968;1.6715733653707134;0.9763295147185236;2.175582795156264;1.2775079380857377;0.959596255122098;3.392987141262894;-0.8167887707768354;1.41557464785732;-0.9992765428586401;0.9445540534186367;0.031904370342035956;-0.4056821738697149;2.356950367218077;-0.551017184191872;1.9030197592580649;1.9063154681862544;0.4939783738272573;-0.48155347729500786;1.5788431057219507;-1.2468753352661832;-0.5129008502409271;0.6861579976633648;-0.7988111878731556;-1.019123759106894;1.4921696132218747;-0.9087546501008396;-1.0653260193886185;0.5365369975023281;-1.044150236072229;-0.9970838002646277;-1.0478998486956;0.7640133978182685;-1.1300467885153835;-0.17352856616829382;0.38752066684448716;-0.2525131940736306;0.5671369397847482;
2.1001679359930456;5.803507142943595;1.2454362124189884;-0.6585950000108894;1.1556720928028081;1.1540803807511777;0.9546615417512392;-0.10504038921995779;0.7682490561509656;0.3398384991701546;6.615162117581676;1.6087979836501605;0.7450039018476016;1.113676384198534;0.6369630697489215;0.8518664249057925;0.04211468740128447;0.5369485453322703;0.4628377060411766;-0.8451471026526265;0.4571579120362205;-0.411229436719343;1.2619421121883507;-0.35740404908946416;0.6091596718316907;0.07365598180774732;-0.7509219583038396;0.23903745246219638;0.35949468027426473;-0.5657526871930555;-0.04745374670149543;-0.01943043003411632;-0.8644546631298116;0.090373498107657;-0.08017050830428452;0.3690291579181307;-0.3157653993861037;-0.31919470076992923;-0.19873701214307996;-0.700288876912892;-0.10988915119007873;-0.12040525236678035;-0.182994538077931;0.0636630368380265;-1.7318700028443965;-1.12839063163582;-0.629763212839475;-1.0981001568281974;-0.3097891528871183;-1.6184057019863094;-1.7173114398161704;
4.828226369426812;1.2454362124189884;7.255605764856707;3.7678968466332146;1.5227049117077656;0.5865159849966246;0.4164218546233778;2.102532810819496;-0.8222875473711898;-0.5311706121089507;1.425426018686978;-0.12474303904897492;-0.16876079197507587;-0.5629324061558036;1.109145758961987;-1.5523625632265026;0.1290680976755299;-1.2027200427314115;-1.2908539607110388;0.8438535518291719;-1.6528001389982083;-0.4081533659929632;-1.7955405646777387;-0.332299436402475;0.1545485457282374;-2.170048049798653;0.694540465076025;-1.9189585327771186;1.8623834854692745;0.14154516236687978;-0.8547004766620201;-1.211026414271203;-0.11481832568042302;-3.1336122699449556;-3.055672830981859;-1.7172237395221945;-1.7744450225115824;-1.8834389629932837;-0.6419153042236803;-1.2292035789494327;-3.3807848477806934;0.3980187354171217;-3.4190800841629545;-3.2847538243924403;-3.182023424500401;-0.21006578637971854;-1.5349566849304284;-1.341842022777216;-1.9101877805751954;-1.28377772781709;-1.1030072264973292;
7.4695448187204905;-0.6585950000108894;3.7678968466332146;15.850497562364145;1.4926738875442211;0.20218765828400906;0.5184802792270746;5.4246221492995;-0.10569728064312078;1.0703393044234588;-0.9891616461428768;-1.2468799547389517;0.08314294822567501;0.3672696302210245;3.1469877232115753;0.1598761327180561;3.4986684541781745;0.5577629749608045;0.755032896488612;10.603554008239959;-2.5960839399120803;2.8352582494127483;-0.8756999916881755;0.4562605722978213;0.23064149457668048;0.03306328970675927;4.222455547991036;-1.3776061219974307;1.6090981576406151;3.7263873802201304;0.3849728822684895;-1.1401185061907446;3.278347306527188;-2.740848937947441;-1.743930009712971;0.2546270132275113;1.6250314807768242;1.7043016793490386;1.8961335900731764;0.352663564496562;-2.2439680470066317;1.1433692189115159;-2.012848599584552;-2.391651024638056;0.9224032847858793;1.3028024782936047;0.5043399838336493;3.490292038308871E-4;-0.23497919082693974;0.37259374465688455;2.8394886475765686;
3.691309924546716;1.1556720928028081;1.5227049117077656;1.4926738875442211;12.759182354455818;14.532824503200086;12.33459702684546;-0.6565413925981795;10.183604193540752;0.3803098250085984;-0.025928522209550605;-1.119210359944394;-0.2420527201305083;5.223159895796096;-1.3120300725166354;7.332407073431913;2.1066408541174027;6.314812579892047;5.8852030498913;1.9964837687984924;-2.0552413829923357;0.28388742130610173;-2.0325580654762043;-2.1996509587653517;-2.1792510261419706;0.13116768954763414;-2.3131423214863958;-1.9178456874123637;-1.4194237145131847;0.03734794627272469;0.8320176729428403;-1.5446953551942257;-0.8367907217869218;-3.6059547499982276;-2.989580717437947;-1.084248056076642;-4.61541629766743;-4.138262289468941;-1.2292172966024149;-1.90172332615289;-2.4588437731810693;-1.3404148610051132;-3.058628190860041;-2.890853410236855;-3.792274917519074;-1.3742942303688208;-2.9236629737373594;-2.89550810309986;-2.7304486201185636;-4.2504802050305255;-3.875955010792171;
2.9241728037599333;1.1540803807511777;0.5865159849966246;0.20218765828400906;14.532824503200086;19.094092532203323;16.048662639480735;-1.9424121415622386;13.071562942889003;0.25296236139664136;-0.33005299229129514;-1.6900419592354525;-0.2074035899804153;6.466439660240345;-2.270909378262626;9.319578299291091;2.044538354653229;7.076766040326138;7.46066052356595;1.7477163529557955;-2.739757229083413;-0.02985072069940664;-2.859690671687517;-3.988441028885784;-3.016334215374716;-0.05942795471271198;-3.8994433544094553;-3.0796548955260246;-2.7672208326653465;-0.42899818637870457;0.04472744209625329;-2.2501934687759113;-1.5459766465058018;-4.884562352864722;-4.274584945161095;-1.5439085453915462;-6.196906793969678;-5.573993804860154;-2.9809108475290556;-2.6713640780967234;-3.3908254344407562;-2.1177548831188484;-4.2363681367478865;-4.112338367747654;-4.95275713858929;-2.700422405549875;-3.9873056324905964;-3.8796705268335407;-4.866273093906216;-6.169767022238581;-5.935631625474316;
2.6825918553375274;0.9546615417512392;0.4164218546233778;0.5184802792270746;12.33459702684546;16.048662639480735;14.011400899416172;-1.5100289050006575;11.09324873611905;0.6260725721994892;-0.44920390093407636;-1.4100038160991812;0.10946345843011779;5.498125307178367;-1.7843210061843564;8.02399480470663;1.879569537656625;6.218603081303869;6.437024383760703;1.6430447784475655;-2.112066915614889;0.04077234288315496;-2.3045816447416425;-3.348326557389543;-2.505711864587019;0.11608264508902126;-2.893646653145177;-2.588605761616205;-2.178746676181438;-0.07011748862392861;0.6073131954507741;-1.6328987465374054;-1.253401136431606;-2.5801948757299558;-2.03798639363471;-0.9546291667177905;-5.072639184079703;-4.56564727802106;-1.7926776730953917;-2.1110398148180725;-1.1754326206202867;-1.5343221232139226;-1.9456683914681916;-1.8791678232785325;-3.771691749391957;-2.0799555614511194;-3.2415551552672066;-3.30422576634476;-2.828742944465509;-4.824783361983085;-4.6868695865102215;
4.025639177776397;-0.10504038921995779;2.102532810819496;5.4246221492995;-0.6565413925981795;-1.9424121415622386;-1.5100289050006575;3.9970408786264877;-1.836732561338276;0.7473914199417567;-0.06769540546698823;0.30168535996419904;-0.33859104016277536;-0.29924184386479674;1.5823492030634807;-0.9627591862599778;1.7146736885053553;-0.2770173785686778;-0.3587656961136196;2.9587889843609982;-0.28162825800837016;1.9258214288129762;-0.2947494885686214;1.8136641423789683;1.0229000963481054;0.35557022400285904;2.658426752984195;0.3956547666128577;1.5487648455242633;2.4301530505733893;0.24644354680036834;0.07980305650105081;2.9694015045476454;-1.0013376728811683;-0.35876314079712346;0.5432685025743665;0.946470547014322;0.7314137935073177;1.5053523397540949;0.1820916618599759;-0.9747070418427604;0.821514380652248;-0.7451753270462134;-0.7231718027836989;1.4203674834494606;1.2112312936832943;0.3979986441360817;1.2426622895835255;0.8385246516079041;1.6685406342373383;2.6021107377265924;
1.1968071720007802;0.7682490561509656;-0.8222875473711898;-0.10569728064312078;10.183604193540752;13.071562942889003;11.09324873611905;-1.836732561338276;11.741442556004412;1.9791528936806257;-0.655594828473587;-0.6943167358762747;1.5893329994172363;5.085966636569081;-1.093455594520348;8.133631637134476;1.9101580425318334;6.372406735956588;6.5504061318800115;1.971112743439354;-1.2545545900662571;0.3972028682191746;0.1587374271189833;-2.6395316274048914;-1.9975705853332568;1.9436653769826806;-2.439641507463283;-0.9786624440436618;-2.2250593990094916;-0.3722584816699047;0.9949111969085825;-1.1602996993789803;-1.0426879197227898;-1.7029944076058567;-1.4984004973218532;-0.3649161674087731;-2.6696013274547723;-2.06058864991178;-1.7448163498463614;-0.8041478555991669;-0.6975377492763228;-1.6907401173172687;-1.3274576169668224;-1.3498469672975437;-1.9324270622577826;-2.196328209879949;-1.4593378138180997;-3.1359166177813247;-2.6827024920870106;-4.73111504195328;-4.9309092900028455;
1.131871684361565;0.3398384991701546;-0.5311706121089507;1.0703393044234588;0.3803098250085984;0.25296236139664136;0.6260725721994892;0.7473914199417567;1.9791528936806257;10.250242789780758;-0.2355146395703339;1.5295154900165964;8.274218070935438;1.2991887934647337;1.6414304467873462;3.4299651352960736;2.0232781844672942;2.7247587288112953;2.5485746461188854;1.0274131864461375;1.282620205387159;1.7168041517046693;1.505818581085999;1.6672531735452596;1.3037069229997553;3.566829418378985;1.9627552810985922;2.4982852157387354;-0.1861530264177994;1.875579452692055;1.8396055953162123;0.8172548630226849;1.4152094263703545;4.000644198021382;3.866342141773186;1.7747981274260776;1.3045391366001582;1.4480920238762773;2.028655403427586;1.3749968111384143;4.006905261408868;0.26386872539439726;3.900671031253226;3.6779849804634748;0.6766437045649148;-0.9741802645043113;1.2955857120225438;-0.42895139192897225;2.6532761606853974;-1.0985191317847647;-1.7333731770779768;
1.141056408943841;6.615162117581676;1.425426018686978;-0.9891616461428768;-0.025928522209550605;-0.33005299229129514;-0.44920390093407636;-0.06769540546698823;-0.655594828473587;-0.2355146395703339;9.585702530101715;2.5496863885425567;0.5582507401580502;1.09690641221994;0.6778907034108717;-0.48343314525616643;-0.5158600451560016;-0.6171350999020863;-0.6972639288190616;-1.3300754332226203;0.7453921386784791;-0.7979793347573879;1.2251465264711097;0.2684511818824705;1.6546522780108999;-0.23221570665053537;-1.3222289054684384;0.5048824635789113;0.9755804961107892;-0.43657501420026396;-0.37929100969675705;0.23852958015398484;-1.0836330351805166;-0.916430048242683;-1.1275596586885261;-0.7260537606601383;-0.9208292830484639;-0.8851885163992915;-0.4636353396438965;-1.0383422249749399;-1.3427729658165968;0.19548120062871463;-1.3233806019133574;-0.7781461331823681;-3.6982691279604833;-1.058315168996234;-0.8642791120713127;-0.30225700147514584;-0.757139565944313;-0.7511911297246299;-1.5748936113799812;
0.38655684441207355;1.6087979836501605;-0.12474303904897492;-1.2468799547389517;-1.119210359944394;-1.6900419592354525;-1.4100038160991812;0.30168535996419904;-0.6943167358762747;1.5295154900165964;2.5496863885425567;5.623548205035165;1.2986515139163604;0.8933384137995127;0.6047433345141763;0.06521576546757933;0.14560398630971766;0.14518268653004318;-0.15406022929362953;-1.0031897835496602;2.3385855922979206;1.0002220304088838;2.3432011166115676;2.5169209231848604;1.6025470385636353;1.881887718915152;-0.11910793872282902;3.0655544277736273;1.3593976900366473;0.3651269640510015;0.34712233539281256;1.3314407448513763;0.8733838032326956;1.187897331753355;0.944698387631931;0.8562670092234707;1.3205425706037028;1.2946388486248996;0.7892563788810028;0.08115080360734785;0.6613949849555262;0.2684911888827446;0.8789580647691987;1.2540869115450017;-1.0412167937909909;-0.14596917010775412;0.2370049368177114;1.5986475716145534;1.1453195426098526;0.9917543957182813;-0.833839350647096;
-0.2889410621809294;0.7450039018476016;-0.16876079197507587;0.08314294822567501;-0.2420527201305083;-0.2074035899804153;0.10946345843011779;-0.33859104016277536;1.5893329994172363;8.274218070935438;0.5582507401580502;1.2986515139163604;9.062469214324071;0.5174379682346104;1.6395791746424764;1.754369096894801;1.2437980332734178;0.882043807641267;1.0165408738098187;0.727503301479251;-0.08509984333741916;0.7293274352718989;1.209291255060869;-0.05424780523285148;1.2732163039923583;2.1092369607731936;0.8542895210943593;1.1242717365948935;-0.580867803238885;0.4303012456354701;1.0132539054397691;-0.1739007446585982;0.27234542916043214;2.6335183100855915;2.0016078017650427;-0.17965757062948137;0.6299629333660158;0.995208615762066;0.4575909084747048;1.433765027088598;2.5099435472660123;-0.029392617568187916;2.273463982466987;2.112873994572765;-0.6367576311624772;-2.091177488560336;1.284641613038306;-1.7363671136831236;0.6857810849680951;-2.5671628495831853;-3.2153776920458186;
1.154095406767968;1.113676384198534;-0.5629324061558036;0.3672696302210245;5.223159895796096;6.466439660240345;5.498125307178367;-0.29924184386479674;5.085966636569081;1.2991887934647337;1.09690641221994;0.8933384137995127;0.5174379682346104;5.219369697862787;-0.7786992563176256;5.7403794244137565;1.6750013867026003;4.573853137690769;4.745397037642582;1.233220533095277;0.5995235880022955;1.504573637557122;-0.17922141566457844;0.04256247036729407;0.09098792020878041;2.716357949953298;-1.3651402724514885;1.1067349400511841;-0.7098905422692428;0.5892409128167462;0.31627332485464926;0.14883063016019704;0.8901277300898969;-2.071989204442139;-1.6014084489691054;0.8184187086723723;-2.2428121905234955;-2.084208123827657;-0.44361037558137967;-1.026063853866988;-1.4712531861521219;-0.8009105022014572;-1.5721732273596691;-1.4286369594268744;-0.907264890611897;-0.8058609513196462;-1.423863568841263;-0.1611416640014292;-1.4370836557650601;-1.6843813683397266;-2.529867473336796;
1.6715733653707134;0.6369630697489215;1.109145758961987;3.1469877232115753;-1.3120300725166354;-2.270909378262626;-1.7843210061843564;1.5823492030634807;-1.093455594520348;1.6414304467873462;0.6778907034108717;0.6047433345141763;1.6395791746424764;-0.7786992563176256;3.635230835800882;-0.7445556216855406;0.9168565332377115;-0.5796808397788974;-0.5336124085072705;1.8875486043931935;-0.5813506068874981;0.5769291767382605;2.323608205406812;0.3304251460206702;0.644420981262663;0.5148708048434493;2.1302900690761786;-0.3096290429148292;0.653428312272919;0.6154719569071564;0.04130817780185994;-0.2874541523454068;0.6398019647900414;-0.9838292035906824;-0.7738530708860084;0.8752344595276631;4.174103244318908;4.4677850020839855;0.7299615771622366;1.530863012307981;-1.1821894619938194;0.6819743606098526;-0.8474931061376039;-1.1479789530470794;1.599478928895177;0.044728253766969706;1.877425650090008;-0.5130630599165228;-0.2769784947863503;-0.13903922328563234;0.5508142138566922;
0.9763295147185236;0.8518664249057925;-1.5523625632265026;0.1598761327180561;7.332407073431913;9.319578299291091;8.02399480470663;-0.9627591862599778;8.133631637134476;3.4299651352960736;-0.48343314525616643;0.06521576546757933;1.754369096894801;5.7403794244137565;-0.7445556216855406;13.23936230274039;1.506203058798643;10.781183171612149;11.327652614714598;0.9204207610821858;1.5103486291016095;1.24619918571133;0.7916414021626756;0.199612031505768;-1.0197011916426528;6.411455001230878;-1.1674059599764177;2.549185532424597;-1.3355204355188734;0.006495469496973335;1.1880031804597517;0.18034867795844212;-0.08467393414490595;0.18456937780182806;0.5847639869473579;2.2838695130585656;-1.2941694521470515;-1.0841506312709672;0.15207772936095976;-0.40005937227694577;1.10062415078446;-1.4629997133928885;0.972834553575034;0.5522197054090132;0.8098215594288011;-0.9843952535959106;-0.7316891498872389;-1.485033631788099;-0.26291291231005925;-3.1476020280556574;-3.5284298394250824;
2.175582795156264;0.04211468740128447;0.1290680976755299;3.4986684541781745;2.1066408541174027;2.044538354653229;1.879569537656625;1.7146736885053553;1.9101580425318334;2.0232781844672942;-0.5158600451560016;0.14560398630971766;1.2437980332734178;1.6750013867026003;0.9168565332377115;1.506203058798643;5.391926587684508;1.4290151989145106;1.3663706024298492;4.770928465373876;-1.1187718672980282;3.989277314347;-0.13460087839667734;-0.4856446985746405;0.6949694027640335;0.34099017684862143;0.9833377996937169;-0.5960210699437317;-0.5820391910015329;1.8726915478905528;0.45112666636885546;-0.5373811676266004;4.888411519685089;-1.484029139614137;-0.9416953010522653;0.641142406605974;0.2577625592656306;0.35347391840010234;0.555442728091331;0.11918375627065321;-1.0439141899145294;0.028845462721588357;-1.0834641267234189;-1.1741196581847753;1.1429982727676564;-0.38852779695924583;-0.1511923467024899;-0.6470374432028881;-0.5500929024377414;-0.39241037022672715;0.32508993010609577;
1.2775079380857377;0.5369485453322703;-1.2027200427314115;0.5577629749608045;6.314812579892047;7.076766040326138;6.218603081303869;-0.2770173785686778;6.372406735956588;2.7247587288112953;-0.6171350999020863;0.14518268653004318;0.882043807641267;4.573853137690769;-0.5796808397788974;10.781183171612149;1.4290151989145106;9.845562172577779;9.411216363920039;0.9644415104457401;1.6213075614445298;1.3130762576761692;0.6654857462759964;1.3160708273559507;-0.6485544654156702;5.632496714181239;-0.5040097970099556;3.02395897490154;-0.730978709250897;0.6023154036213467;1.5174701324021203;0.49150907705544683;0.42780713239861906;0.47616397167991953;0.9473589975333214;2.0251384954793834;-0.7914926331529739;-0.6689537446680173;0.76247125478202;-0.15120898175452718;1.1683562353392691;-0.9168068173735552;1.1148142068056497;0.8075540099143269;0.4015723046801006;-0.009782314499545544;-0.4106532583565467;-0.7219141270244507;0.5454777234231961;-1.4273160717168398;-1.6295567747279576;
0.959596255122098;0.4628377060411766;-1.2908539607110388;0.755032896488612;5.8852030498913;7.46066052356595;6.437024383760703;-0.3587656961136196;6.5504061318800115;2.5485746461188854;-0.6972639288190616;-0.15406022929362953;1.0165408738098187;4.745397037642582;-0.5336124085072705;11.327652614714598;1.3663706024298492;9.411216363920039;10.313112509213996;1.195518966614217;1.1175458912782812;1.3383336051171244;0.5871902932320839;0.5289252453554747;-0.8548878525397028;5.805435648993599;-0.6671008540976312;2.9548066589183164;-0.9747267588425093;0.2986580663665234;0.7861625968240747;0.05891364014689719;0.3509770386599384;-0.6799529731047045;-0.23033608674173797;1.8693534144268609;-0.9233489161221762;-0.7941597512081066;0.1597569055807864;-0.005081792039161435;0.09928595847761662;-1.215460232805663;0.06650232103211849;-0.28259522340326165;1.240639124195933;-0.5893720010182697;-0.20902952690150853;-1.2878942784603726;-0.4850462638579311;-1.819365563300589;-2.4456352817327502;
3.392987141262894;-0.8451471026526265;0.8438535518291719;10.603554008239959;1.9964837687984924;1.7477163529557955;1.6430447784475655;2.9587889843609982;1.971112743439354;1.0274131864461375;-1.3300754332226203;-1.0031897835496602;0.727503301479251;1.233220533095277;1.8875486043931935;0.9204207610821858;4.770928465373876;0.9644415104457401;1.195518966614217;10.68023093525091;-2.6716824585436227;3.943107679827242;-0.3383073650031455;-0.93482031631957;0.05476398208814771;0.12945793114713633;1.84418870816034;-1.4670981960334364;-0.5431516834828864;2.56093448863075;-0.1370121797861634;-1.5164504987351823;4.584173069062199;-3.8937529234204917;-3.1671205060520378;-0.4753736251240998;1.1869682657098062;1.4828650525214433;-0.054461156820382134;0.45144136169066457;-3.390966666809647;0.19461134490279738;-3.3687734303228685;-3.5929692765918646;0.4267480102000937;-0.19886804278289275;0.3884575517690249;-0.8390504059129844;-2.2709726958619165;-0.8889503394930086;1.1470706272583018;
-0.8167887707768354;0.4571579120362205;-1.6528001389982083;-2.5960839399120803;-2.0552413829923357;-2.739757229083413;-2.112066915614889;-0.28162825800837016;-1.2545545900662571;1.282620205387159;0.7453921386784791;2.3385855922979206;-0.08509984333741916;0.5995235880022955;-0.5813506068874981;1.5103486291016095;-1.1187718672980282;1.6213075614445298;1.1175458912782812;-2.6716824585436227;10.074056768632543;0.2346666221290389;2.094259936225252;5.552939168107904;1.8665091122783692;3.7995425546488293;0.2999623624019189;5.963907260747476;1.3018194163280756;0.41344167030246287;1.5157261114988003;3.594461083387321;-0.07862008616989137;5.09134436225812;4.6920854879944125;2.517948864043422;1.6743839874261535;1.206596016237123;2.4563962052331894;0.12964863067868856;4.498974839651113;0.38515954422921733;4.8414256888708955;5.131639951579258;0.14017852268196962;2.0027096529798096;0.3471147761293888;2.531902735945818;4.86951861870341;2.1088774482227626;0.5915260699827093;
1.41557464785732;-0.411229436719343;-0.4081533659929632;2.8352582494127483;0.28388742130610173;-0.02985072069940664;0.04077234288315496;1.9258214288129762;0.3972028682191746;1.7168041517046693;-0.7979793347573879;1.0002220304088838;0.7293274352718989;1.504573637557122;0.5769291767382605;1.24619918571133;3.989277314347;1.3130762576761692;1.3383336051171244;3.943107679827242;0.2346666221290389;4.778991151320793;0.35268959612078193;1.3665971899840552;0.9775377246051967;1.6117262332530735;0.9967768324608823;1.405616441529178;-0.14665222683657828;1.9201805924505306;0.13774800269451282;-0.0344962491959691;5.523585510138019;-1.3249128152336298;-0.893087041076943;0.9779091353212742;1.1371545158839294;1.1369417679725844;0.5826057794757924;0.2599719991768789;-1.1760449638008024;-0.1653947041964296;-1.0132571458272879;-1.0586427857792637;1.0747749033449636;0.06741986718746658;0.26793466392862914;0.8764970948162911;-0.2193321444803742;0.30477009880625916;1.101565761311965;
-0.9992765428586401;1.2619421121883507;-1.7955405646777387;-0.8756999916881755;-2.0325580654762043;-2.859690671687517;-2.3045816447416425;-0.2947494885686214;0.1587374271189833;1.505818581085999;1.2251465264711097;2.3432011166115676;1.209291255060869;-0.17922141566457844;2.323608205406812;0.7916414021626756;-0.13460087839667734;0.6654857462759964;0.5871902932320839;-0.3383073650031455;2.094259936225252;0.35268959612078193;8.192132131425776;1.2913345611352136;0.4966689189456092;2.9050038682015167;1.5826665241835665;2.55724078172698;1.269889359058823;-0.14538241681472364;1.2830340377579723;1.3171301282746022;-0.16134901323638282;3.7046738253995954;3.288558671331888;2.2324410009141187;8.26955348582014;8.61993139380382;1.9462269582774092;2.086010093015235;3.2435924338666036;-0.13600495669914195;3.6439086996012358;3.559774313272859;4.912847284924073;0.21880207948306632;3.1666026522870765;0.10678665566641658;3.154145750387413;0.6816871326098142;0.5713409013020755;
0.9445540534186367;-0.35740404908946416;-0.332299436402475;0.4562605722978213;-2.1996509587653517;-3.988441028885784;-3.348326557389543;1.8136641423789683;-2.6395316274048914;1.6672531735452596;0.2684511818824705;2.5169209231848604;-0.05424780523285148;0.04256247036729407;0.3304251460206702;0.199612031505768;-0.4856446985746405;1.3160708273559507;0.5289252453554747;-0.93482031631957;5.552939168107904;1.3665971899840552;1.2913345611352136;9.675756733961776;1.9384280489507513;4.490338426843674;1.789934450376864;7.996916807382509;2.4507276134550793;2.284212689938287;1.5139252329510036;2.6081579397015733;1.520747226316415;2.634421866360856;2.8014368216951744;1.6314230215105736;1.7601348170075184;1.3450008373742577;2.911688069350941;0.608881812190887;2.01622652055614;0.3980711950441747;2.524984477905329;2.9411654401553577;-0.02175044985031776;2.74488709485814;1.0913392897475491;3.2563081756342496;4.2558761871293775;3.3042661333292807;2.5358373921470667;
0.031904370342035956;0.6091596718316907;0.1545485457282374;0.23064149457668048;-2.1792510261419706;-3.016334215374716;-2.505711864587019;1.0229000963481054;-1.9975705853332568;1.3037069229997553;1.6546522780108999;1.6025470385636353;1.2732163039923583;0.09098792020878041;0.644420981262663;-1.0197011916426528;0.6949694027640335;-0.6485544654156702;-0.8548878525397028;0.05476398208814771;1.8665091122783692;0.9775377246051967;0.4966689189456092;1.9384280489507513;3.707564013627499;0.755983823262338;0.5610161289066318;1.7850536890058786;0.6849329574104395;0.5528589163531182;0.02839410536139518;0.9993255755004458;1.753345577504035;0.0315523461522367;-0.010883977107004686;-0.2939334898867527;0.08532383507817869;-0.019252576291508557;0.5330238622846759;-0.024778078344263536;-0.31193423766236517;0.9251131002253886;-0.15759014456045334;0.07606201920444215;-0.7971236019116172;0.35698870701022706;0.05517736283600461;1.383085394404112;0.5426635095884864;1.72491275010653;0.4814210139455226;
-0.4056821738697149;0.07365598180774732;-2.170048049798653;0.03306328970675927;0.13116768954763414;-0.05942795471271198;0.11608264508902126;0.35557022400285904;1.9436653769826806;3.566829418378985;-0.23221570665053537;1.881887718915152;2.1092369607731936;2.716357949953298;0.5148708048434493;6.411455001230878;0.34099017684862143;5.632496714181239;5.805435648993599;0.12945793114713633;3.7995425546488293;1.6117262332530735;2.9050038682015167;4.490338426843674;0.755983823262338;8.205137563656212;1.1551764036601573;6.008729374295176;0.6542752617467484;1.657637164462175;1.683712307636142;1.7498715758110754;0.9899928371376254;3.0968649558680186;3.1133238968310097;2.5420570099170057;2.431831495172095;2.2960572955290117;2.203303502395766;1.1511422338770179;3.154185813171819;-0.41361042011085186;3.375072425881265;3.298300112782407;3.8114445353648225;0.5920199189690315;1.6778553843743265;1.1881360793935216;3.0036986841960207;0.39704301652696544;-0.7703473640806939;
2.356950367218077;-0.7509219583038396;0.694540465076025;4.222455547991036;-2.3131423214863958;-3.8994433544094553;-2.893646653145177;2.658426752984195;-2.439641507463283;1.9627552810985922;-1.3222289054684384;-0.11910793872282902;0.8542895210943593;-1.3651402724514885;2.1302900690761786;-1.1674059599764177;0.9833377996937169;-0.5040097970099556;-0.6671008540976312;1.84418870816034;0.2999623624019189;0.9967768324608823;1.5826665241835665;1.789934450376864;0.5610161289066318;1.1551764036601573;4.558027143203171;0.8471605578216186;1.9622895489316456;1.8524360672850029;1.5657740060028125;0.9212063199413782;1.323205445708698;4.141942849553357;4.450376711488933;2.388959608263466;3.1507851804897054;2.785772478162903;3.379037653083999;1.6503338883173488;4.214624207858526;1.0822240080467442;4.429260293169201;4.224545411711001;5.342030169724014;1.7323344595182446;2.2284145383927076;0.9575004347565542;4.707218715807855;2.1396967465422785;3.3596245788469066;
-0.551017184191872;0.23903745246219638;-1.9189585327771186;-1.3776061219974307;-1.9178456874123637;-3.0796548955260246;-2.588605761616205;0.3956547666128577;-0.9786624440436618;2.4982852157387354;0.5048824635789113;3.0655544277736273;1.1242717365948935;1.1067349400511841;-0.3096290429148292;2.549185532424597;-0.5960210699437317;3.02395897490154;2.9548066589183164;-1.4670981960334364;5.963907260747476;1.405616441529178;2.55724078172698;7.996916807382509;1.7850536890058786;6.008729374295176;0.8471605578216186;12.029890815081897;1.7290659805443023;0.8896498603726789;1.3569901630634051;2.7427568835675498;1.1090218092507447;3.852998663835214;3.6593224294134243;1.7375744217118423;1.791357500315973;1.529699699170633;2.4879588455625217;1.217144660400952;3.3053941860604845;-0.387145836244172;3.79803936154202;4.0765256787011594;1.0531050267255886;1.4330471405215839;1.7480669141837193;2.3455571325227123;4.340687012335582;3.2639137499375686;0.24793065763018465;
1.9030197592580649;0.35949468027426473;1.8623834854692745;1.6090981576406151;-1.4194237145131847;-2.7672208326653465;-2.178746676181438;1.5487648455242633;-2.2250593990094916;-0.1861530264177994;0.9755804961107892;1.3593976900366473;-0.580867803238885;-0.7098905422692428;0.653428312272919;-1.3355204355188734;-0.5820391910015329;-0.730978709250897;-0.9747267588425093;-0.5431516834828864;1.3018194163280756;-0.14665222683657828;1.269889359058823;2.4507276134550793;0.6849329574104395;0.6542752617467484;1.9622895489316456;1.7290659805443023;4.588308094729821;0.696149034577172;1.5607192055467025;1.4887158929739417;0.22080342202653913;4.9430829271919405;4.7786724574702095;0.8935089341505879;0.9774718503679858;0.6255525516393169;2.919014409721757;0.20936984012097618;4.81180079783524;0.863251977204916;4.849045646478677;5.261715604019414;0.27718284963079204;1.8151910922712955;0.6363449637401926;1.354581406579862;5.00006202778846;2.174173248445115;1.9513861534155936;
1.9063154681862544;-0.5657526871930555;0.14154516236687978;3.7263873802201304;0.03734794627272469;-0.42899818637870457;-0.07011748862392861;2.4301530505733893;-0.3722584816699047;1.875579452692055;-0.43657501420026396;0.3651269640510015;0.4303012456354701;0.5892409128167462;0.6154719569071564;0.006495469496973335;1.8726915478905528;0.6023154036213467;0.2986580663665234;2.56093448863075;0.41344167030246287;1.9201805924505306;-0.14538241681472364;2.284212689938287;0.5528589163531182;1.657637164462175;1.8524360672850029;0.8896498603726789;0.696149034577172;9.181600849796263;1.3295460496687885;0.6644459489229362;2.3480363018901884;1.0812905967042132;1.4245798282519002;1.0250254801390437;0.8602257058566009;0.5039831110463545;2.3124331281943857;0.24817190218003018;1.3584651941196995;0.6939680437356904;1.2380971070052658;1.5341988829448725;1.295847868261924;1.4807382698273788;0.19661046049939856;0.7686762503740935;2.479654511869618;1.6091294566075756;2.337328381535507;
0.4939783738272573;-0.04745374670149543;-0.8547004766620201;0.3849728822684895;0.8320176729428403;0.04472744209625329;0.6073131954507741;0.24644354680036834;0.9949111969085825;1.8396055953162123;-0.37929100969675705;0.34712233539281256;1.0132539054397691;0.31627332485464926;0.04130817780185994;1.1880031804597517;0.45112666636885546;1.5174701324021203;0.7861625968240747;-0.1370121797861634;1.5157261114988003;0.13774800269451282;1.2830340377579723;1.5139252329510036;0.02839410536139518;1.683712307636142;1.5657740060028125;1.3569901630634051;1.5607192055467025;1.3295460496687885;3.940877396759837;1.773188524494913;-0.0956594251775487;8.981278916498967;8.808308290175795;1.7740586118979949;0.6958270140542853;0.49832059592918687;4.140899231846681;0.8354665271707782;9.462088959824216;0.7671369046926223;9.177348061700485;9.199884297304118;1.2255596772664104;1.7828044581379625;1.0931829323308058;0.868987362665774;7.467305340438375;1.6199754808040412;2.292985967811234;
-0.48155347729500786;-0.01943043003411632;-1.211026414271203;-1.1401185061907446;-1.5446953551942257;-2.2501934687759113;-1.6328987465374054;0.07980305650105081;-1.1602996993789803;0.8172548630226849;0.23852958015398484;1.3314407448513763;-0.1739007446585982;0.14883063016019704;-0.2874541523454068;0.18034867795844212;-0.5373811676266004;0.49150907705544683;0.05891364014689719;-1.5164504987351823;3.594461083387321;-0.0344962491959691;1.3171301282746022;2.6081579397015733;0.9993255755004458;1.7498715758110754;0.9212063199413782;2.7427568835675498;1.4887158929739417;0.6644459489229362;1.773188524494913;3.166760214430053;-0.061462632215525344;5.663187028144469;5.549004700951222;2.1506229914750934;0.7636540063056262;0.3895079437263327;2.604866375632404;0.3325538572605029;5.59686964680397;0.7990230461791353;5.704694612536577;5.909193284979538;0.8080637497270244;1.838922568251838;0.5849357789371834;1.9481944136346412;5.192081902149482;2.6593685301750685;1.7592787200945539;
1.5788431057219507;-0.8644546631298116;-0.11481832568042302;3.278347306527188;-0.8367907217869218;-1.5459766465058018;-1.253401136431606;2.9694015045476454;-1.0426879197227898;1.4152094263703545;-1.0836330351805166;0.8733838032326956;0.27234542916043214;0.8901277300898969;0.6398019647900414;-0.08467393414490595;4.888411519685089;0.42780713239861906;0.3509770386599384;4.584173069062199;-0.07862008616989137;5.523585510138019;-0.16134901323638282;1.520747226316415;1.753345577504035;0.9899928371376254;1.323205445708698;1.1090218092507447;0.22080342202653913;2.3480363018901884;-0.0956594251775487;-0.061462632215525344;8.751640577925873;-1.7983280892427558;-1.2913239902706015;0.26588667167324914;1.2714860990874182;1.2094309348860952;0.6490130366867821;0.18860141978314376;-1.7351250269234364;0.09938718385084779;-1.5733798752769454;-1.5496286129455963;0.5533057919489157;0.3772970105762407;0.1978191423157361;1.5535496044155146;-0.3928792336473079;1.684807251737512;1.910754160827446;
-1.2468753352661832;0.090373498107657;-3.1336122699449556;-2.740848937947441;-3.6059547499982276;-4.884562352864722;-2.5801948757299558;-1.0013376728811683;-1.7029944076058567;4.000644198021382;-0.916430048242683;1.187897331753355;2.6335183100855915;-2.071989204442139;-0.9838292035906824;0.18456937780182806;-1.484029139614137;0.47616397167991953;-0.6799529731047045;-3.8937529234204917;5.09134436225812;-1.3249128152336298;3.7046738253995954;2.634421866360856;0.0315523461522367;3.0968649558680186;4.141942849553357;3.852998663835214;4.9430829271919405;1.0812905967042132;8.981278916498967;5.663187028144469;-1.7983280892427558;37.810852140391376;35.16034644288014;4.566165218747479;1.6188098828534172;0.7623392212307114;11.747466170084321;2.569563200679568;38.53512036013136;1.7968156043431196;36.85869801709771;36.969975979574905;4.815537234457599;2.76486274567628;3.469988290500911;2.0739190316677787;27.347175561625463;3.907502890940244;3.36240529825366;
-0.5129008502409271;-0.08017050830428452;-3.055672830981859;-1.743930009712971;-2.989580717437947;-4.274584945161095;-2.03798639363471;-0.35876314079712346;-1.4984004973218532;3.866342141773186;-1.1275596586885261;0.944698387631931;2.0016078017650427;-1.6014084489691054;-0.7738530708860084;0.5847639869473579;-0.9416953010522653;0.9473589975333214;-0.23033608674173797;-3.1671205060520378;4.6920854879944125;-0.893087041076943;3.288558671331888;2.8014368216951744;-0.010883977107004686;3.1133238968310097;4.450376711488933;3.6593224294134243;4.7786724574702095;1.4245798282519002;8.808308290175795;5.549004700951222;-1.2913239902706015;35.16034644288014;33.81454636862193;5.249668207915825;1.5579980651843692;0.7404343455509785;11.810387600671357;2.3324887057774686;36.47556693904727;1.8101492833877773;35.20241933520742;35.117711777267544;5.56230941733877;3.0721359918164466;3.1972274593896763;2.3966274646872185;26.350252321223287;4.322283472582714;3.9879485840490476;
0.6861579976633648;0.3690291579181307;-1.7172237395221945;0.2546270132275113;-1.084248056076642;-1.5439085453915462;-0.9546291667177905;0.5432685025743665;-0.3649161674087731;1.7747981274260776;-0.7260537606601383;0.8562670092234707;-0.17965757062948137;0.8184187086723723;0.8752344595276631;2.2838695130585656;0.641142406605974;2.0251384954793834;1.8693534144268609;-0.4753736251240998;2.517948864043422;0.9779091353212742;2.2324410009141187;1.6314230215105736;-0.2939334898867527;2.5420570099170057;2.388959608263466;1.7375744217118423;0.8935089341505879;1.0250254801390437;1.7740586118979949;2.1506229914750934;0.26588667167324914;4.566165218747479;5.249668207915825;10.366126035967076;2.9425223285794853;2.3627477122337464;3.50392670758907;1.2135406981891104;5.088851205172856;0.2233170423148238;5.419765083170344;5.117001940838969;4.235549321797322;1.492230522229855;1.4938525306877846;0.7418511859037573;4.870640290450297;1.7545158202550466;2.1896720572329333;
-0.7988111878731556;-0.3157653993861037;-1.7744450225115824;1.6250314807768242;-4.61541629766743;-6.196906793969678;-5.072639184079703;0.946470547014322;-2.6696013274547723;1.3045391366001582;-0.9208292830484639;1.3205425706037028;0.6299629333660158;-2.2428121905234955;4.174103244318908;-1.2941694521470515;0.2577625592656306;-0.7914926331529739;-0.9233489161221762;1.1869682657098062;1.6743839874261535;1.1371545158839294;8.26955348582014;1.7601348170075184;0.08532383507817869;2.431831495172095;3.1507851804897054;1.791357500315973;0.9774718503679858;0.8602257058566009;0.6958270140542853;0.7636540063056262;1.2714860990874182;1.6188098828534172;1.5579980651843692;2.9425223285794853;16.403739203977228;17.308551448388556;2.1087374416614026;2.9014907590378085;0.9507734764419169;0.41862653584464576;1.8393516382565294;1.2235266390282074;5.980485599822012;1.1949100930003451;4.340734918440431;0.39744530032453385;2.1025214851681175;1.6352965516081672;2.823677197999742;
-1.019123759106894;-0.31919470076992923;-1.8834389629932837;1.7043016793490386;-4.138262289468941;-5.573993804860154;-4.56564727802106;0.7314137935073177;-2.06058864991178;1.4480920238762773;-0.8851885163992915;1.2946388486248996;0.995208615762066;-2.084208123827657;4.4677850020839855;-1.0841506312709672;0.35347391840010234;-0.6689537446680173;-0.7941597512081066;1.4828650525214433;1.206596016237123;1.1369417679725844;8.61993139380382;1.3450008373742577;-0.019252576291508557;2.2960572955290117;2.785772478162903;1.529699699170633;0.6255525516393169;0.5039831110463545;0.49832059592918687;0.3895079437263327;1.2094309348860952;0.7623392212307114;0.7404343455509785;2.3627477122337464;17.308551448388556;18.675578454585487;1.5606922510880294;3.0024838624152097;0.12820563788390527;0.2452946340861693;1.0583642971236407;0.35236798400732156;5.326801106394147;0.6449727987546812;4.432914876515012;0.05534644901232316;1.1745172504484684;0.9680930856675753;2.0374878563375627;
1.4921696132218747;-0.19873701214307996;-0.6419153042236803;1.8961335900731764;-1.2292172966024149;-2.9809108475290556;-1.7926776730953917;1.5053523397540949;-1.7448163498463614;2.028655403427586;-0.4636353396438965;0.7892563788810028;0.4575909084747048;-0.44361037558137967;0.7299615771622366;0.15207772936095976;0.555442728091331;0.76247125478202;0.1597569055807864;-0.054461156820382134;2.4563962052331894;0.5826057794757924;1.9462269582774092;2.911688069350941;0.5330238622846759;2.203303502395766;3.379037653083999;2.4879588455625217;2.919014409721757;2.3124331281943857;4.140899231846681;2.604866375632404;0.6490130366867821;11.747466170084321;11.810387600671357;3.50392670758907;2.1087374416614026;1.5606922510880294;7.7965286660070845;1.3174942284945441;12.240494314591551;1.261822425729035;12.206972376768396;12.14758054406631;4.023777260956392;2.903195663343574;1.784983508437095;1.838816912829642;11.09524172162394;4.251613443652373;4.134862533817264;
-0.9087546501008396;-0.700288876912892;-1.2292035789494327;0.352663564496562;-1.90172332615289;-2.6713640780967234;-2.1110398148180725;0.1820916618599759;-0.8041478555991669;1.3749968111384143;-1.0383422249749399;0.08115080360734785;1.433765027088598;-1.026063853866988;1.530863012307981;-0.40005937227694577;0.11918375627065321;-0.15120898175452718;-0.005081792039161435;0.45144136169066457;0.12964863067868856;0.2599719991768789;2.086010093015235;0.608881812190887;-0.024778078344263536;1.1511422338770179;1.6503338883173488;1.217144660400952;0.20936984012097618;0.24817190218003018;0.8354665271707782;0.3325538572605029;0.18860141978314376;2.569563200679568;2.3324887057774686;1.2135406981891104;2.9014907590378085;3.0024838624152097;1.3174942284945441;3.759314025394812;2.4631112215028526;0.03411192032025135;2.5525474190594637;2.374366553494484;3.137274476761722;0.3071222065170232;4.220734247615014;-0.19166477590151385;2.078085588757188;0.886262441520863;0.962635399243844;
