1503
0.0;0.0;0.0;0.0;0.0;0.0;0.0;0.0;0.0;0.0;0.0;0.0;0.0;0.0;0.0;0.0;0.0;0.0;0.0;0.0;0.0;0.0;0.0;0.0;0.0;0.0;0.0;0.0;0.0;0.0;0.0;0.0;0.0;0.0;0.0;0.0;0.0;0.0;0.0;0.0;0.0;0.0;0.0;0.0;0.0;0.0;0.0;0.0;0.0;0.0;0.0;0.0;0.0;0.0;0.0;
0.0;131243.49700598858;138892.5089820358;90488.23952095804;89453.65868263459;80363.55688622751;95163.65868263469;62713.81437125734;15440.754491018;2948.9760479041693;-46557.44910179654;57039.11976047911;-14739.413173652609;-140908.58682634748;-159992.5389221555;-63088.335329341404;-22120.149700598813;35144.31137724546;-236917.77245509034;59278.82035928152;73854.28742514961;-236886.7125748506;-11533.532934131743;4.491017964071957;-1898.9221556886291;10780.173652694642;-5294.868263473098;29905.083832335065;1958.5568862275445;-49602.65269461094;3809.3532934131354;24838.682634730634;-29418.694610778766;0.0;9836.970059880226;32967.86826347308;-268958.9880239511;36160.640718562696;-104785.2215568862;-109260.74850299399;-82400.61077844292;-30180.74850299391;10884.862275449132;-129402.79041916082;2446.3413173652602;22620.185628742576;42802.095808383296;107234.27544910178;101288.13173652685;97572.56886227557;118954.37724550876;98757.88622754511;77503.13772455076;26360.113772455286;28702.329341317396;
0.0;138892.5089820358;244759.2508316705;198610.17032601472;187428.023952096;129733.66267465075;109858.4683965401;71057.33466400526;38558.40319361278;12656.627411842937;-40420.541583499595;50384.529607451725;-76418.31603459727;-97767.79507651372;-171245.38323353333;-156972.43845642064;-32155.55089820357;127147.28809048588;-265251.0159680636;157782.98336659992;26372.47105788427;-270606.0844976717;-10610.51230871591;-94.02860944777112;-17448.011310711863;-16684.632069194937;-59661.839654025265;18465.304058549536;-10373.448436460376;-62684.37524950106;58432.717897538256;-3709.6034597471694;-55103.69394544361;0.0;1759.867598137068;19178.95076513635;-255192.70259481113;-2498.811044577529;-138271.11310711908;-32010.19893546253;-102394.16766467069;1129.3566200931546;-32121.03127079181;-132121.29540918148;1724.0871590153029;45512.5542248835;86722.0459081833;132654.5069860278;78423.3825681968;55473.29341317371;93168.31270791753;55808.67465069863;9681.253493013945;-44873.78576180964;-18058.54357950769;
0.0;90488.23952095804;198610.17032601472;425411.28276779805;384825.30538922176;272591.11576846294;191011.5276114438;151874.73918828985;119538.97405189626;71654.69394544257;40723.48369926815;6297.863606121121;-45616.72388556224;-73546.83166999328;142855.11377245476;-175390.39587491684;-52932.02395209576;152182.20093147035;-57463.87025948099;166298.59347970743;84607.67265469069;-138129.1051230872;-17172.92082501664;-687.0592149035259;-60424.11643379913;5051.552228875574;-168339.76114437834;-32971.92880904852;-44552.43978709244;-28239.451097804347;59333.62541583519;3946.611443779218;-48033.32002661355;0.0;-14871.71590153027;-80081.6833000665;111786.70858283386;25421.298070525612;-38741.164337990704;166323.65801729952;-44172.13772455091;-12341.564204923454;88087.79574184956;-69480.09980039914;3305.2501663339926;49528.705256154295;139802.00199600792;211192.6307385233;177514.34996673345;124287.49101796414;108999.04258150377;66519.7684630739;42635.31536926156;5761.675981370647;26242.87491683296;
0.0;89453.65868263459;187428.023952096;384825.30538922176;541439.0898203596;445875.4850299402;346877.0898203598;248403.83832335306;187379.01197604768;138663.26946107778;127260.8023952095;45941.652694610806;-116602.1017964072;5674.101796407217;-19146.43712574856;61760.77245509002;-162268.06586826235;147404.49700598815;-58816.05988023948;53939.52095808402;160409.76646706596;-66322.2335329341;-23022.754491017957;-313.0239520958089;-84223.12574850304;-5123.203592814351;-116537.98203592825;-62669.44311377271;-37505.514970059805;-31057.407185628734;-14230.724550898205;28968.820359281384;-21367.185628742678;0.0;-21248.41317365266;-55330.01796407194;88033.36526946096;161707.04191616795;-130630.2574850301;167022.67065868204;-52419.62874251519;-63678.32934131738;123633.29940119755;-30252.107784431188;2336.9101796407235;51936.161676646836;150450.9221556889;207642.40119760463;199006.01796407148;153012.85029940127;140576.00598802386;77923.0299401197;65681.70059880227;50461.970059880194;98571.54491017973;
0.0;80363.55688622751;129733.66267465075;272591.11576846294;445875.4850299402;546256.419161677;494730.8183632732;358170.86027944146;261238.66467065862;202371.12175648703;233630.86626746538;57159.391217564844;-101033.81636726548;-69001.51696606794;27856.239520958065;33296.037924151766;51426.84431137716;48206.750499002;-15546.323353293308;-3805.2534930139595;183201.5389221558;10114.872255489043;-21696.20758483032;98.00399201596771;-94753.81237524921;11779.367265469056;-96649.8363273451;-22799.92614770462;-20488.91417165679;-16121.59880239529;-85986.37924151684;32126.36327345313;11106.864271457098;0.0;-16661.097804391185;-42351.8303393215;10108.77245508997;196697.15968063823;-26790.123752494932;26647.888223552727;64194.60479041925;-51939.44510978038;81406.2834331338;41884.01796407188;1818.8483033932137;27668.806387225515;104582.17964071875;204445.7664670659;273878.83033932163;282855.19161676656;276978.1656686627;222435.16167664673;168275.38323353295;140540.50499001995;171776.0758483032;
0.0;95163.65868263469;109858.4683965401;191011.5276114438;346877.0898203598;494730.8183632732;639664.2009314707;529563.2827677976;406842.6786427145;295202.158349967;294516.5801729873;27689.87491683301;-109759.9906852961;-98445.7870924819;-72980.43712574837;-14253.338656021246;-28711.065868263497;127536.05256154331;-157668.39321357265;-25171.367930805158;238053.099800399;4604.210911510366;-18000.53226879572;198.08715901530257;-33425.57019294769;2709.018629407833;-106257.09314703925;-1884.5542248835882;16550.040585495648;-20769.74051896209;-98060.28010645334;51190.93147039248;61357.36992681303;0.0;-4466.968729208272;-44.12907518294867;-191819.3013972052;185256.81969394544;-76487.70192947441;-21030.440452428476;-30914.628742514935;46228.448436460436;107561.18829008656;4318.225548902181;1974.687957418497;19832.939454424446;71928.2554890219;212122.7345309378;305736.462408516;382524.8502994015;438858.11709913553;427837.3632734534;351177.3672654694;260593.85894876902;270504.65602129075;
0.0;62713.81437125734;71057.33466400526;151874.73918828985;248403.83832335306;358170.86027944146;529563.2827677976;736778.2687957431;632154.4451097803;496738.0705256154;365992.2667997335;-43709.68596141035;-111200.17232202266;87047.0612109115;-153514.41317365266;-38403.23486360593;-129178.28143712574;80165.52761144373;-12658.225548902148;-7430.693280106485;272025.1536926148;9640.598137059173;-18590.153027278786;-27.112441783100525;15279.048569527587;15684.655355954683;-172265.27677977347;33069.753160345994;13718.749168330005;6628.199600798362;-54680.31803060533;49442.76779773786;56305.15635395872;0.0;-2104.0785096473815;118.38789088482554;-153509.92415169667;199382.83566200858;-79301.51430472385;-44732.851630073215;42759.13173652694;-50832.29607451745;239892.01663339967;-31936.67265469048;1983.2727877578204;17520.62009314708;26461.273453093756;133743.41117764433;185371.94544244843;327773.2694610775;461299.8336660017;530866.2794411184;507910.2055888228;387929.60944777133;354505.86360612133;
0.0;15440.754491018;38558.40319361278;119538.97405189626;187379.01197604768;261238.66467065862;406842.6786427145;632154.4451097803;807087.8682634732;701574.3692614774;536050.8403193613;-111499.84630738536;-123033.21357285428;174394.54690618766;-34875.191616766475;-58913.16367265473;-191346.27544910158;126858.86626746505;-7941.341317365228;224719.93612774456;178304.56886227545;63623.23552894218;-10916.367265469074;-1140.0698602794428;14901.71656686627;-20497.427145708563;-178950.86427145728;-32515.79241516955;23394.998003992034;33247.479041916136;66936.63672654677;29512.642714570873;49021.37524950104;0.0;-3135.78842315375;-3936.4690618761233;-62458.01796407194;20781.20558882239;22654.165668662714;48570.95608782387;13079.916167664684;85848.28942115768;210328.03992016002;24405.185628742584;1117.6546906187596;-2735.1117764470864;-42970.14371257483;-4151.413173652635;58381.469061876276;232888.6467065869;362855.6007984031;476359.6706586831;518787.2934131737;450663.6626746506;377200.67265469074;
0.0;2948.9760479041693;12656.627411842937;71654.69394544257;138663.26946107778;202371.12175648703;295202.158349967;496738.0705256154;701574.3692614774;860636.9194943444;725832.62940785;-104902.26413838996;-143455.41650033282;18207.19427811066;-47554.31137724552;60526.428476380504;-192096.19760479167;78843.93546240858;29099.153692614727;151090.45176314024;286755.9660678647;88315.85495675316;209.51430472388307;-825.1829673985358;17942.06719893546;-15084.833000665341;-68817.83499667331;-42986.21823020629;9779.899534264809;12635.111776447118;71875.38190286099;93421.34996673299;25079.887558216906;0.0;37.31603459747362;32097.057218895592;-175209.23752495003;-9566.652029274737;21784.671989354592;-62672.87691284104;-28390.886227544986;57899.23419827008;300309.00931470364;6539.343313373358;1919.9527611443725;-32.29274783763731;-79960.56686626746;-53328.129740518925;15249.609447771161;207213.55089820342;321568.90685296117;431552.75648702605;548964.4351297413;540067.0212907515;506065.52361942723;
0.0;-46557.44910179654;-40420.541583499595;40723.48369926815;127260.8023952095;233630.86626746538;294516.5801729873;365992.2667997335;536050.8403193613;725832.62940785;908757.0791749848;-84615.48037258827;-129167.19827012644;-30138.246174318258;156409.16167664662;35343.92282102471;30868.54491017946;88498.5954757153;161149.79840319382;33427.83166999344;216321.44710578863;400709.22488356614;18125.615435795055;-623.5695276114417;4409.56553559546;-32638.396540252787;-75659.01729873582;-46550.20292747843;20330.42182302062;6440.762475049874;-7280.894876912886;72688.17298735879;120683.69727212194;0.0;-3007.379906852899;-33255.538256819906;-87792.87025948109;17950.552228875677;157281.65535595475;-82561.05322687977;88473.383233533;131054.1689953425;204943.56353958716;235921.77045908212;290.64204923486756;-36288.71124417829;-112360.29540918158;-74875.34930139713;49880.871590153016;174982.3293413173;249951.3646041251;372468.2674650697;467071.32534930215;521911.2880904866;580521.1789753829;
0.0;57039.11976047911;50384.529607451725;6297.863606121121;45941.652694610806;57159.391217564844;27689.87491683301;-43709.68596141035;-111499.84630738536;-104902.26413838996;-84615.48037258827;681857.6540252822;-97096.25083167113;-261595.3047238842;70621.55688622747;174978.19095143018;-18332.011976047914;-2335.3439787091447;15548.231536926534;-95205.59214903499;198995.16966067677;-96884.60811710043;14685.761809713895;967.5815036593459;-8176.002661344042;53249.498336660276;95286.50831670196;41383.42448436368;27130.835662009173;-6728.55888223508;-10503.242847638012;107817.91683299879;-41834.10445775218;0.0;4703.086493679124;224239.04723885682;-68909.81237524854;208331.92681304133;59694.97338656011;4434.717897538034;24140.43113772406;-78259.50432468487;169873.28675981384;46460.28343313459;-2036.0971390552163;32927.13040585489;44562.834331337326;60957.64870259479;48719.61942781098;102161.24550898242;96240.13240186317;15727.217564870272;-39545.17564870248;-37251.773120425816;28982.048569527935;
0.0;-14739.413173652609;-76418.31603459727;-45616.72388556224;-116602.1017964072;-101033.81636726548;-109759.9906852961;-111200.17232202266;-123033.21357285428;-143455.41650033282;-129167.19827012644;-97096.25083167113;442276.0931470464;-270986.8709248167;118606.62874251521;-161869.38656021078;151200.34131736754;-134294.4743845643;140237.06786426986;-65416.679308051076;-65855.00199600768;-75592.89088489694;12694.677312042577;380.8715901530317;32491.29807052556;126823.18629407755;16872.068529607786;-39496.54224883457;15441.405854956829;123707.59481038105;-52083.80106453745;14181.314703925835;-45006.300731870004;0.0;-11142.687292082313;-60006.29075183001;40627.986027944535;-144307.80306054463;224080.9807052545;45150.59547571489;56491.71257485167;-33939.51563539592;-72717.11709913495;-44991.74451097803;-482.1204258150624;-48368.605455754936;-37054.44510978044;-39911.65469061886;20447.624085162934;-44278.49700598809;-93697.82900864935;-67520.36726546905;-89894.32734530952;-92369.41051230865;-150647.4397870927;
0.0;-140908.58682634748;-97767.79507651372;-73546.83166999328;5674.101796407217;-69001.51696606794;-98445.7870924819;87047.0612109115;174394.54690618766;18207.19427811066;-30138.246174318258;-261595.3047238842;-270986.8709248167;2925428.0931470236;-332108.6287425152;250870.16433799322;-163336.34131736425;-7104.414504325119;438762.2654690636;1192.9015302725165;-333393.33133732766;580479.7797737889;103149.76713240205;-733.6493679308034;-15509.186959414446;-127307.74184963475;-300855.290751829;-109746.67997338592;-41913.294743846025;-151042.26147704516;6924.689953426547;-248182.09248170455;108811.41184297862;0.0;-27327.42381902858;-28897.93147039242;972507.6806387221;204751.3586161005;-322306.8695941464;579517.1823020631;149680.28742514952;-161.92880904811318;100663.89487691203;276303.411177646;308.67598137058553;-23703.83898868917;-87363.88822355289;-292796.678642715;-411204.7351962744;-451756.5029940128;-302197.9487691299;-117860.96606786427;45780.66067864277;128714.1882900864;69307.66200931463;
0.0;-159992.5389221555;-171245.38323353333;142855.11377245476;-19146.43712574856;27856.239520958065;-72980.43712574837;-153514.41317365266;-34875.191616766475;-47554.31137724552;156409.16167664662;70621.55688622747;118606.62874251521;-332108.6287425152;2243238.994011941;-374584.3592814416;258093.05389221743;-171178.95209580963;432070.95808383514;245633.6646706579;-104305.26347305138;425661.73652694025;41164.071856287344;-166.61676646706562;-70562.9880239528;47512.257485030124;-176062.28742514996;-141407.910179644;-37423.76047904065;75026.51497006083;157189.59281436956;17636.87425149798;66567.9700598786;0.0;-21581.389221557012;-242724.71257484966;879953.1556886339;-145755.6706586835;919312.1197604652;296073.2694610799;291745.0598802348;379790.2694610673;-40480.79041916144;339137.72455089964;-2759.562874251505;-122179.58682634658;-110005.75449101832;-120803.41916167641;135352.71257485042;93976.39520958114;-111179.09580838298;-88842.47904191622;-155587.2095808387;-64001.52095808397;-61107.71856287406;
0.0;-63088.335329341404;-156972.43845642064;-175390.39587491684;61760.77245509002;33296.037924151766;-14253.338656021246;-38403.23486360593;-58913.16367265473;60526.428476380504;35343.92282102471;174978.19095143018;-161869.38656021078;250870.16433799322;-374584.3592814416;2755435.5542248567;-544381.7664670658;76428.31869594172;262691.81836327486;-307755.230871592;192796.85828343104;475403.74717232125;48522.08915502337;2816.882900864905;-63549.83699268121;-56825.77312042726;429694.8656021314;-48073.49966733247;-38795.18429807027;-131784.76846307464;-197656.8755821703;-4108.656021290703;-3129.351962741113;0.0;23126.20226214231;147150.3566200928;399238.0079840302;950254.9827012607;-203409.36992681082;219753.2787757807;85745.5928143715;-76210.6101131075;260439.68596140976;226597.13972055842;-119.55023286756547;16835.01264138389;7287.3972055889035;-120286.48303393206;-140276.6899534265;-102950.28742514965;-117790.85961410493;-149543.07584830374;47640.75848303396;215650.85362608117;302339.77511643316;
0.0;-22120.149700598813;-32155.55089820357;-52932.02395209576;-162268.06586826235;51426.84431137716;-28711.065868263497;-129178.28143712574;-191346.27544910158;-192096.19760479167;30868.54491017946;-18332.011976047914;151200.34131736754;-163336.34131736425;258093.05389221743;-544381.7664670658;2482622.5149700553;-297797.4311377249;258810.37724550816;211793.01796407232;-214149.62874251607;122957.37125748326;42923.353293413085;2299.550898203533;-134986.1077844309;89142.68263473075;-141242.41317365132;176643.19161676816;3635.844311377167;18448.3652694614;-120249.3353293396;-170502.86826347152;-85577.73053892399;0.0;35872.50299401198;-68223.58682634636;146048.5988023948;214509.03592814383;554243.9221556903;-303474.42514970014;858348.4610778401;-134474.42514970084;-146251.88622754568;378942.4790419168;6541.065868263526;-70391.7185628747;-73070.20958083808;37379.772455089835;151107.58682634754;18517.443113772777;-7435.137724551156;23412.311377245653;-174924.11377245624;-201477.31137724675;-253123.53293413148;
0.0;35144.31137724546;127147.28809048588;152182.20093147035;147404.49700598815;48206.750499002;127536.05256154331;80165.52761144373;126858.86626746505;78843.93546240858;88498.5954757153;-2335.3439787091447;-134294.4743845643;-7104.414504325119;-171178.95209580963;76428.31869594172;-297797.4311377249;2790631.3945442573;-492081.33133732755;172051.23819028662;77972.77445109788;38147.33000665234;49998.53626081168;-961.5103127079323;-6853.318030605268;-10162.948769128658;-2473.2561543581546;30172.72588157019;111088.86161011342;-206847.78642714594;31528.479707252118;-98743.43845641932;-62264.982701265086;0.0;-27182.664005322527;227383.14504324758;-3940.5788423150098;-106536.74584165;-52710.18030605371;415497.28875582595;-237847.47904191705;909686.7332002718;61424.76779773822;-139096.12974051893;8174.3918829009035;76707.58349966707;55808.702594810056;131099.01996008;59358.52162341981;115341.83832335338;132470.3220226214;47154.49900199593;71095.00998003992;49147.61210911542;175500.30405854958;
0.0;-236917.77245509034;-265251.0159680636;-57463.87025948099;-58816.05988023948;-15546.323353293308;-157668.39321357265;-12658.225548902148;-7941.341317365228;29099.153692614727;161149.79840319382;15548.231536926534;140237.06786426986;438762.2654690636;432070.95808383514;262691.81836327486;258810.37724550816;-492081.33133732755;2618730.7065868448;-520434.680638725;-241227.84431137823;853553.8223552982;42881.8363273453;-824.6506986027986;-85655.58283433004;-39704.86427145645;-95583.67864271547;79257.9620758481;-109074.9900199607;308647.6047904219;-178558.18363273668;-75549.2135728529;-14918.876247505012;0.0;26092.94211576826;57006.34530938242;832835.0898203576;125626.97205588687;438982.1716566903;273834.2195608788;670374.4191616683;-314365.44710578513;412476.8003992;497189.0718562921;10465.726546906293;-45845.441117764545;-63485.2814371255;-148199.9341317367;-82673.34530938134;-170227.23353293404;-318309.00399201637;-269088.353293413;-166731.46706586875;35342.686626746654;-9606.363273453218;
0.0;59278.82035928152;157782.98336659992;166298.59347970743;53939.52095808402;-3805.2534930139595;-25171.367930805158;-7430.693280106485;224719.93612774456;151090.45176314024;33427.83166999344;-95205.59214903499;-65416.679308051076;1192.9015302725165;245633.6646706579;-307755.230871592;211793.01796407232;172051.23819028662;-520434.680638725;2606902.332668017;-259372.4211576866;-477627.31004657986;42610.24617431802;-819.4278110445713;-22957.77378576192;-33911.35861610087;-125630.20691949525;-75428.08117099067;57148.96872920845;-52493.4950099801;497676.6420492288;-147397.9308050551;-59232.12109115155;0.0;4756.648037258534;86496.98469727208;154876.0518962063;-529057.7791084512;68214.26214238176;168493.9787092475;242682.35329341303;807170.86759814;-384700.37458416744;87631.90818363342;9805.256819693936;4543.915502328703;-36723.91816367263;-48341.139720558785;-60381.65136393892;14925.131736526799;65731.74584164994;67503.50698602795;15490.930139720564;-14781.284763805734;-105601.1284098468;
0.0;73854.28742514961;26372.47105788427;84607.67265469069;160409.76646706596;183201.5389221558;238053.099800399;272025.1536926148;178304.56886227545;286755.9660678647;216321.44710578863;198995.16966067677;-65855.00199600768;-333393.33133732766;-104305.26347305138;192796.85828343104;-214149.62874251607;77972.77445109788;-241227.84431137823;-259372.4211576866;2362512.4071856025;-362196.25948103506;36285.828343313326;552.1956087824317;92934.19361277277;100921.99600798322;-4201.98003992066;161879.61876247358;11857.20558882191;126937.65868263354;-169303.5828343341;469116.8003991958;-23745.650698602534;0.0;-23057.79241516956;287540.31337325164;-344341.1497005958;110304.82435129707;-183641.06387225396;-348677.47704590904;145940.63473053992;-18560.810379241295;1109836.8882235487;-286567.119760483;12909.566866267565;11334.51297405176;-14455.197604790477;76170.55688622754;82954.68662674655;129986.38922155689;259855.11776447116;299818.92215568863;344714.77844311396;273865.7445109782;422952.7165668659;
0.0;-236886.7125748506;-270606.0844976717;-138129.1051230872;-66322.2335329341;10114.872255489043;4604.210911510366;9640.598137059173;63623.23552894218;88315.85495675316;400709.22488356614;-96884.60811710043;-75592.89088489694;580479.7797737889;425661.73652694025;475403.74717232125;122957.37125748326;38147.33000665234;853553.8223552982;-477627.31004657986;-362196.25948103506;2225230.1849633413;37008.05056553522;-86.69328010645626;-53911.25083167126;-101218.78176979256;-42775.09115103222;-60942.4923486348;-18891.238855621938;-11992.674650698234;-98961.1383898863;-168204.0884896908;276801.90485694713;0.0;-8462.34797072547;-11444.797737856952;737779.1836327346;159148.60212907387;291389.49168330093;279465.4118429809;452306.63473054004;240311.96739853572;68766.77711244136;879795.2135728649;331.34464404524766;-57306.70924816975;-93663.86427145748;-206263.10978043932;-102837.86892880895;-151937.61077844352;-231768.77112441702;-94653.74451097782;24762.445109780718;192482.63339986748;232724.82767797753;
0.0;-11533.532934131743;-10610.51230871591;-17172.92082501664;-23022.754491017957;-21696.20758483032;-18000.53226879572;-18590.153027278786;-10916.367265469074;209.51430472388307;18125.615435795055;14685.761809713895;12694.677312042577;103149.76713240205;41164.071856287344;48522.08915502337;42923.353293413085;49998.53626081168;42881.8363273453;42610.24617431802;36285.828343313326;37008.05056553522;128875.5821689953;21.62341982701231;7082.967398536278;8489.354624085174;12153.226879574207;9716.699933466316;5448.236859614111;10623.153692614762;10945.775116433759;11067.731204258154;7931.470392548339;0.0;-25446.44045242846;-48197.6713240186;12000.798403193612;-56368.396540252914;-51570.326014637336;21994.544244843557;24059.281437125777;40672.322022621454;32735.26280771781;18513.97205588826;-2621.689953426477;-16665.402528276773;-33860.27944111778;-51048.303393213544;-60035.6620093147;-67828.74251497007;-54152.628077178975;-33307.58483033933;-21824.15169660678;-11247.970725216233;4210.844976713261;
0.0;4.491017964071957;-94.02860944777112;-687.0592149035259;-313.0239520958089;98.00399201596771;198.08715901530257;-27.112441783100525;-1140.0698602794428;-825.1829673985358;-623.5695276114417;967.5815036593459;380.8715901530317;-733.6493679308034;-166.61676646706562;2816.882900864905;2299.550898203533;-961.5103127079323;-824.6506986027986;-819.4278110445713;552.1956087824317;-86.69328010645626;21.62341982701231;624.5841650033088;-136.21091151031092;-163.25681969394907;1641.2840984697043;1063.1403858948902;-104.77378576180922;-204.29141716566693;-210.49567531603785;-212.84098469726908;-152.5282767797732;0.0;-35.645375914836904;661.4936793080523;115.36926147704705;1241.6999334664079;1337.890884896873;-813.3566200931502;-808.8323353293538;-899.467731204256;2370.4757152361453;493.9620758482982;-9.198270126413727;49.334664005322885;-285.3792415169641;-529.8403193612784;-528.1603459747173;271.706586826347;495.2428476380567;-71.00798403193615;-714.9201596806395;-706.7697937458408;17.099135063207033;
0.0;-1898.9221556886291;-17448.011310711863;-60424.11643379913;-84223.12574850304;-94753.81237524921;-33425.57019294769;15279.048569527587;14901.71656686627;17942.06719893546;4409.56553559546;-8176.002661344042;32491.29807052556;-15509.186959414446;-70562.9880239528;-63549.83699268121;-134986.1077844309;-6853.318030605268;-85655.58283433004;-22957.77378576192;92934.19361277277;-53911.25083167126;7082.967398536278;-136.21091151031092;225469.75382568396;-36591.40385894819;-41362.980705256145;-11526.735196273985;30848.298735862107;28821.30339321393;13995.036593479404;43071.80705256226;41875.83765801585;0.0;6044.000665335883;26419.86959414472;-169018.64471058105;-102014.76979374504;92419.5382568197;-69647.09447771132;-104839.11976048014;-61458.65003326689;91791.02528276907;-52817.78243512925;-1241.9853626081344;-22706.937458416698;-43428.824351297335;-37248.49500998015;-37654.202927478436;-52826.79041916156;-10433.252827677996;83097.62475049883;105746.75249501047;56075.48636061215;36216.99268130403;
0.0;10780.173652694642;-16684.632069194937;5051.552228875574;-5123.203592814351;11779.367265469056;2709.018629407833;15684.655355954683;-20497.427145708563;-15084.833000665341;-32638.396540252787;53249.498336660276;126823.18629407755;-127307.74184963475;47512.257485030124;-56825.77312042726;89142.68263473075;-10162.948769128658;-39704.86427145645;-33911.35861610087;100921.99600798322;-101218.78176979256;8489.354624085174;-163.25681969394907;-36591.40385894819;295910.3725881617;20059.13705921486;-25501.084497670872;25423.81170991327;13246.189620758363;-36062.60212907577;71639.62940785037;-20617.6014637384;0.0;-10760.374584165042;-29593.581503659607;5227.972055888399;123412.39387890816;865.9614105122433;6679.190951430442;-61852.574850299774;96201.96872920997;36689.76580172959;-74591.48902195734;-1781.2408516300666;-29060.210911510196;-41194.890219560766;-5827.309381237551;33909.24817032593;20696.005988023837;6670.341982701228;-8790.734530938176;-3336.6546906187928;-19068.821024617406;-8802.879574185012;
0.0;-5294.868263473098;-59661.839654025265;-168339.76114437834;-116537.98203592825;-96649.8363273451;-106257.09314703925;-172265.27677977347;-178950.86427145728;-68817.83499667331;-75659.01729873582;95286.50831670196;16872.068529607786;-300855.290751829;-176062.28742514996;429694.8656021314;-141242.41317365132;-2473.2561543581546;-95583.67864271547;-125630.20691949525;-4201.98003992066;-42775.09115103222;12153.226879574207;1641.2840984697043;-41362.980705256145;20059.13705921486;567709.3147039269;-3647.577511643397;488.94145043270873;-4470.948103792344;-55935.98935462471;-8050.147039255173;-44802.99268130214;0.0;6769.872920824795;122472.90751829752;-160306.86027944225;14865.03060545396;-152103.8070525629;-120506.95475715185;-112705.12574850264;29919.156353959243;-73436.82900864856;-102369.5548902191;-693.7957418496345;26702.054557551506;13624.451097804433;-13199.4530938124;7388.759148369899;77612.97005988004;30488.290086493595;-72744.32734530943;-54081.72654690611;-18579.894876912847;-13626.602129075207;
0.0;29905.083832335065;18465.304058549536;-32971.92880904852;-62669.44311377271;-22799.92614770462;-1884.5542248835882;33069.753160345994;-32515.79241516955;-42986.21823020629;-46550.20292747843;41383.42448436368;-39496.54224883457;-109746.67997338592;-141407.910179644;-48073.49966733247;176643.19161676816;30172.72588157019;79257.9620758481;-75428.08117099067;161879.61876247358;-60942.4923486348;9716.699933466316;1063.1403858948902;-11526.735196273985;-25501.084497670872;-3647.577511643397;380846.7638057281;4439.851630073293;-13624.39121756525;-53156.33666001426;16424.775116434088;-7208.106453759986;0.0;11134.393878908302;394.79973386588824;-162425.6686626794;5271.282102461866;-57515.35196274045;-144534.93080505673;197391.10179640667;-64980.819693940684;64997.96739853754;-55911.201596807434;1620.6653359946797;3893.024617431866;-19853.015968063908;41635.95409181649;27288.866932800996;59730.07185628722;74659.32601463713;50025.85229540917;33111.47704590815;8349.925482368575;27253.667332002726;
0.0;1958.5568862275445;-10373.448436460376;-44552.43978709244;-37505.514970059805;-20488.91417165679;16550.040585495648;13718.749168330005;23394.998003992034;9779.899534264809;20330.42182302062;27130.835662009173;15441.405854956829;-41913.294743846025;-37423.76047904065;-38795.18429807027;3635.844311377167;111088.86161011342;-109074.9900199607;57148.96872920845;11857.20558882191;-18891.238855621938;5448.236859614111;-104.77378576180922;30848.298735862107;25423.81170991327;488.94145043270873;4439.851630073293;193240.19693945028;-22919.26546906198;-12226.490352628349;9099.585495675266;12471.975382568267;0.0;-4361.208915502486;20235.947438456773;-87656.5608782436;-50312.28476380609;102890.98735861588;-16033.333998669164;-113.39520958074607;85651.11044577444;-70788.93878908905;19543.684630739644;1011.4038589487491;-15232.638057218917;-43472.1536926147;-37236.56686626757;-18224.280771789705;-15372.808383233592;498.38789088490273;33794.82834331335;36523.71656686626;30053.282767797704;28071.29807052563;
0.0;-49602.65269461094;-62684.37524950106;-28239.451097804347;-31057.407185628734;-16121.59880239529;-20769.74051896209;6628.199600798362;33247.479041916136;12635.111776447118;6440.762475049874;-6728.55888223508;123707.59481038105;-151042.26147704516;75026.51497006083;-131784.76846307464;18448.3652694614;-206847.78642714594;308647.6047904219;-52493.4950099801;126937.65868263354;-11992.674650698234;10623.153692614762;-204.29141716566693;28821.30339321393;13246.189620758363;-4470.948103792344;-13624.39121756525;-22919.26546906198;371383.7125748532;-43592.315369261116;6393.481037924221;-17160.09181636709;0.0;-40.86027944101966;40445.61477045901;-40516.3892215567;-118608.65668662728;114833.0339321373;24409.159680638622;5585.850299400704;-22507.506986027718;12149.309381236983;18254.68862275505;654.0738522953807;-21700.86626746509;-10224.113772455023;-6801.952095808303;28806.385229540843;15308.01197604787;-15240.093812375151;-688.8023952095327;-51795.976047904485;-60676.8642714567;-83450.53692614759;
0.0;3809.3532934131354;58432.717897538256;59333.62541583519;-14230.724550898205;-85986.37924151684;-98060.28010645334;-54680.31803060533;66936.63672654677;71875.38190286099;-7280.894876912886;-10503.242847638012;-52083.80106453745;6924.689953426547;157189.59281436956;-197656.8755821703;-120249.3353293396;31528.479707252118;-178558.18363273668;497676.6420492288;-169303.5828343341;-98961.1383898863;10945.775116433759;-210.49567531603785;13995.036593479404;-36062.60212907577;-55935.98935462471;-53156.33666001426;-12226.490352628349;-43592.315369261116;420584.0891550163;-16951.10645375915;-39946.813705923654;0.0;-8663.689288090445;-29487.8995342651;57337.920159679896;-191781.4936793086;-27287.634065202783;158450.8789088493;-101463.92814371118;184856.43446440512;-75296.19294743887;-18740.39720558896;150.83566200930903;1096.2069194943592;-35477.97205588826;-95048.1696606789;-127024.76713240176;-77706.12574850311;-67103.0705256155;-74175.24151696614;-47893.58483033928;-38072.86959414481;-71988.41783100474;
0.0;24838.682634730634;-3709.6034597471694;3946.611443779218;28968.820359281384;32126.36327345313;51190.93147039248;49442.76779773786;29512.642714570873;93421.34996673299;72688.17298735879;107817.91683299879;14181.314703925835;-248182.09248170455;17636.87425149798;-4108.656021290703;-170502.86826347152;-98743.43845641932;-75549.2135728529;-147397.9308050551;469116.8003991958;-168204.0884896908;11067.731204258154;-212.84098469726908;43071.80705256226;71639.62940785037;-8050.147039255173;16424.775116434088;9099.585495675266;6393.481037924221;-16951.10645375915;413121.47039254557;-15973.073186959702;0.0;-13834.729208250179;-19408.075182967466;-178270.39720558806;68180.69394544297;-88571.92947438518;-58411.452428476085;-87960.74251496991;-26984.56353958924;314387.29008649423;-119735.45109780556;-2237.0425815036465;-20999.545575515614;-34381.510978043814;-23265.469061876214;-4814.591483699282;-14865.70059880237;-7317.900864936763;25212.273453093807;95361.26546906128;94070.94876912823;136492.02129075158;
0.0;-29418.694610778766;-55103.69394544361;-48033.32002661355;-21367.185628742678;11106.864271457098;61357.36992681303;56305.15635395872;49021.37524950104;25079.887558216906;120683.69727212194;-41834.10445775218;-45006.300731870004;108811.41184297862;66567.9700598786;-3129.351962741113;-85577.73053892399;-62264.982701265086;-14918.876247505012;-59232.12109115155;-23745.650698602534;276801.90485694713;7931.470392548339;-152.5282767797732;41875.83765801585;-20617.6014637384;-44802.99268130214;-7208.106453759986;12471.975382568267;-17160.09181636709;-39946.813705923654;-15973.073186959702;287428.6280771759;0.0;4965.276114437536;-77385.11842980918;-8512.554890218946;-11472.464404524168;68947.37658017641;5719.791749833725;-9707.700598802157;41777.2361942782;-10129.507651363901;118002.28942115948;-1438.9254823685478;-31556.045242847187;-44970.105788422545;-8539.429141716986;45074.785096473686;27904.976047904307;7966.076513639076;67496.27145708584;89232.28542914198;78957.83965402536;100580.96274118395;
0.0;0.0;0.0;0.0;0.0;0.0;0.0;0.0;0.0;0.0;0.0;0.0;0.0;0.0;0.0;0.0;0.0;0.0;0.0;0.0;0.0;0.0;0.0;0.0;0.0;0.0;0.0;0.0;0.0;0.0;0.0;0.0;0.0;0.0;0.0;0.0;0.0;0.0;0.0;0.0;0.0;0.0;0.0;0.0;0.0;0.0;0.0;0.0;0.0;0.0;0.0;0.0;0.0;0.0;0.0;
0.0;9836.970059880226;1759.867598137068;-14871.71590153027;-21248.41317365266;-16661.097804391185;-4466.968729208272;-2104.0785096473815;-3135.78842315375;37.31603459747362;-3007.379906852899;4703.086493679124;-11142.687292082313;-27327.42381902858;-21581.389221557012;23126.20226214231;35872.50299401198;-27182.664005322527;26092.94211576826;4756.648037258534;-23057.79241516956;-8462.34797072547;-25446.44045242846;-35.645375914836904;6044.000665335883;-10760.374584165042;6769.872920824795;11134.393878908302;-4361.208915502486;-40.86027944101966;-8663.689288090445;-13834.729208250179;4965.276114437536;0.0;107841.47837658245;18634.238190286393;-16780.546906187807;42840.51829673968;16923.006653359975;-38431.92947438424;-35741.10778443138;-21099.373918829006;29336.17831004501;-4101.570858283488;62.524284763810044;-9.032601463736386;47.291417165635195;14436.087824351298;20900.095143047234;27553.68862275451;22728.216899534298;18327.195608782447;29313.043912175806;30700.693280106585;23931.73785761814;
0.0;32967.86826347308;19178.95076513635;-80081.6833000665;-55330.01796407194;-42351.8303393215;-44.12907518294867;118.38789088482554;-3936.4690618761233;32097.057218895592;-33255.538256819906;224239.04723885682;-60006.29075183001;-28897.93147039242;-242724.71257484966;147150.3566200928;-68223.58682634636;227383.14504324758;57006.34530938242;86496.98469727208;287540.31337325164;-11444.797737856952;-48197.6713240186;661.4936793080523;26419.86959414472;-29593.581503659607;122472.90751829752;394.79973386588824;20235.947438456773;40445.61477045901;-29487.8995342651;-19408.075182967466;-77385.11842980918;0.0;18634.238190286393;855783.3147039406;-329822.80638722423;-146943.58616100892;-63161.30405854971;-230098.82302062513;22866.125748502855;183348.2880904862;165165.05123087124;-74910.1117764474;18945.240186293875;70292.38988689294;37000.88223552893;71971.78642714571;50411.35196274125;136228.02994011986;175205.487691284;142110.66067864283;137565.393213573;118719.11709913495;75846.37990685296;
0.0;-268958.9880239511;-255192.70259481113;111786.70858283386;88033.36526946096;10108.77245508997;-191819.3013972052;-153509.92415169667;-62458.01796407194;-175209.23752495003;-87792.87025948109;-68909.81237524854;40627.986027944535;972507.6806387221;879953.1556886339;399238.0079840302;146048.5988023948;-3940.5788423150098;832835.0898203576;154876.0518962063;-344341.1497005958;737779.1836327346;12000.798403193612;115.36926147704705;-169018.64471058105;5227.972055888399;-160306.86027944225;-162425.6686626794;-87656.5608782436;-40516.3892215567;57337.920159679896;-178270.39720558806;-8512.554890218946;0.0;-16780.546906187807;-329822.80638722423;2376209.9520957926;-26007.22954091817;213257.55289421315;782636.6606786465;353129.4431137686;66311.32734531033;-32425.78243512977;462754.1616766442;-9444.031936127756;-22663.409181636664;34911.616766466745;-253284.10179640708;-310793.1936127743;-384308.27544910245;-449035.1756487029;-462560.5449101787;-395087.55089820264;-183418.78842315264;-169620.98403193612;
0.0;36160.640718562696;-2498.811044577529;25421.298070525612;161707.04191616795;196697.15968063823;185256.81969394544;199382.83566200858;20781.20558882239;-9566.652029274737;17950.552228875677;208331.92681304133;-144307.80306054463;204751.3586161005;-145755.6706586835;950254.9827012607;214509.03592814383;-106536.74584165;125626.97205588687;-529057.7791084512;110304.82435129707;159148.60212907387;-56368.396540252914;1241.6999334664079;-102014.76979374504;123412.39387890816;14865.03060545396;5271.282102461866;-50312.28476380609;-118608.65668662728;-191781.4936793086;68180.69394544297;-11472.464404524168;0.0;42840.51829673968;-146943.58616100892;-26007.22954091817;2113895.330671955;-121978.69793745993;-233337.5981370604;-5108.293413173588;-287869.3759148359;159701.6952761152;61785.48303393349;592.4025282768017;-3944.2801064538085;50011.830339321124;151404.38722554984;134488.91949434503;25589.263473054034;55396.04723885544;69305.68063872268;72159.19361277454;48929.87491683297;139921.29873586234;
0.0;-104785.2215568862;-138271.11310711908;-38741.164337990704;-130630.2574850301;-26790.123752494932;-76487.70192947441;-79301.51430472385;22654.165668662714;21784.671989354592;157281.65535595475;59694.97338656011;224080.9807052545;-322306.8695941464;919312.1197604652;-203409.36992681082;554243.9221556903;-52710.18030605371;438982.1716566903;68214.26214238176;-183641.06387225396;291389.49168330093;-51570.326014637336;1337.890884896873;92419.5382568197;865.9614105122433;-152103.8070525629;-57515.35196274045;102890.98735861588;114833.0339321373;-27287.634065202783;-88571.92947438518;68947.37658017641;0.0;16923.006653359975;-63161.30405854971;213257.55289421315;-121978.69793745993;1774331.3825682162;-21593.944777112447;139759.8023952121;107874.49966733185;-71446.74717232211;275171.1756487032;2511.146373918838;-87177.37458416434;-88284.24351297403;-24821.950099800328;153317.9707252163;13476.095808383361;-151380.52827678004;-27988.752495010092;-71976.47504990065;-15275.13639387897;-56137.073186958805;
0.0;-109260.74850299399;-32010.19893546253;166323.65801729952;167022.67065868204;26647.888223552727;-21030.440452428476;-44732.851630073215;48570.95608782387;-62672.87691284104;-82561.05322687977;4434.717897538034;45150.59547571489;579517.1823020631;296073.2694610799;219753.2787757807;-303474.42514970014;415497.28875582595;273834.2195608788;168493.9787092475;-348677.47704590904;279465.4118429809;21994.544244843557;-813.3566200931502;-69647.09447771132;6679.190951430442;-120506.95475715185;-144534.93080505673;-16033.333998669164;24409.159680638622;158450.8789088493;-58411.452428476085;5719.791749833725;0.0;-38431.92947438424;-230098.82302062513;782636.6606786465;-233337.5981370604;-21593.944777112447;1828021.9853626178;-335970.69461077993;137805.09647371987;-68289.3200266136;113376.06187624639;-4997.448436460415;4784.629407850933;45050.61876247476;-86225.47105788428;-90411.51031270801;-98669.78443113813;-182271.79973386516;-232147.77644710534;-186617.23552894173;-93991.44577511633;-81464.77578176977;
0.0;-82400.61077844292;-102394.16766467069;-44172.13772455091;-52419.62874251519;64194.60479041925;-30914.628742514935;42759.13173652694;13079.916167664684;-28390.886227544986;88473.383233533;24140.43113772406;56491.71257485167;149680.28742514952;291745.0598802348;85745.5928143715;858348.4610778401;-237847.47904191705;670374.4191616683;242682.35329341303;145940.63473053992;452306.63473054004;24059.281437125777;-808.8323353293538;-104839.11976048014;-61852.574850299774;-112705.12574850264;197391.10179640667;-113.39520958074607;5585.850299400704;-101463.92814371118;-87960.74251496991;-9707.700598802157;0.0;-35741.10778443138;22866.125748502855;353129.4431137686;-5108.293413173588;139759.8023952121;-335970.69461077993;1935081.4011976074;-357087.6946107821;-92077.09580838188;474226.7544910236;8216.628742515;-29807.131736526804;-19247.455089820327;-8043.808383233551;57264.87425149687;68874.04790419135;68487.95808383253;97432.79041916144;-3343.904191616897;34029.209580838564;-25445.81437125722;
