1503
30.713199055262752;25.633855516553613;25.84887095647368;22.863887353692547;23.516268539906843;21.52858083254157;17.8612949981903;21.45896655542916;14.867863400964737;14.37514146639387;15.844072301051215;10.568269402082512;11.807062440785096;6.216346794544249;5.9715538259880265;12.972056086660023;3.660566216001332;5.629840233386561;3.215634467232197;-0.9647291117497999;0.2906112197139027;9.009746753852301;-2.777998598556224;0.19077891757816937;-1.118167206367276;-4.4436186432401925;-3.2249905035395736;-9.569021906433818;-7.219238798423135;9.642789306387202;-10.480321385449109;-4.1856481590086645;-12.322791117079168;-12.542469016327326;-12.61776591940783;-14.928449202208943;-17.708813248642745;-15.919232780532283;-14.768525388975352;-17.64541089166333;-18.644955301077886;-19.487906588023968;-19.745612578329997;-12.454910932002687;-16.440413981111092;-17.379607320565505;-15.700896175908191;-14.79841624319362;-14.013592678376618;-9.218578736872901;-12.989283459467703;
25.633855516553613;25.303307800132988;24.226764814344683;23.578918292714565;17.640619273246816;21.994054224264808;15.78103092879571;21.626366963612753;13.851228004943414;16.28804344855622;13.37950548621426;12.482440305981385;10.093106896919481;7.282087764457748;5.988264224131731;9.285232507850953;2.8775483850964694;8.626559580525619;4.2522964893346655;2.4876117981370545;3.6540847242581496;6.284667564291411;-0.6735893203260168;1.7794532244178338;0.36228455337324883;-3.588491329913494;-3.569433076620097;-5.6907866614504385;-5.9302464806786634;6.979178903073859;-8.781310190059857;-3.8170089431270555;-8.006783223240166;-8.85357016373253;-9.420626472069193;-11.972035690146381;-15.225556441596785;-12.316793408589477;-12.62757743571526;-13.857187110592168;-15.833334588143694;-16.062632461736534;-16.932752083925468;-11.58319589019295;-13.005614565555554;-14.19454280600135;-13.955384428343322;-13.31654515153691;-11.91607524230204;-8.550669763286752;-11.335630881410507;
25.84887095647368;24.226764814344683;25.330593810352685;22.52608045463079;18.86971223200934;21.726608493745875;17.813834696181;20.49056586145713;15.736024594903522;15.88881822636064;15.107777145894868;13.054905240791744;11.894331375921476;9.616067320545566;8.338181759401204;10.479791116334004;3.9457252133998733;8.60131737266135;5.9293006582767775;3.147516899174988;3.956744529028608;7.5614973326147705;0.8991628688556318;3.476993042242182;2.1429074216367257;-2.8653199386759676;-1.955040173646032;-5.628724458356609;-5.485352501157703;7.466866559361279;-7.548442132455133;-2.228081697099141;-8.510445917292103;-9.28524159636727;-8.991566397059229;-11.548851823779096;-15.015996152135722;-12.728074109946782;-11.95876706210248;-14.983627259833698;-15.949303403892284;-16.584376661197624;-17.207719803166984;-10.99367377679973;-14.257774978888886;-15.443608024943458;-14.276641915409169;-13.512482819680647;-12.83191740216237;-8.474954270312711;-11.928226770053218;
22.863887353692547;23.578918292714565;22.52608045463079;22.629762631377265;15.242672852235579;20.929804449002003;14.125306603433126;20.779375819700586;12.59404189684631;15.887919136546952;12.272687174770486;12.29300103001994;9.320476931157687;7.177489460938131;5.615145286287427;8.008743080159679;2.3719941259680644;8.989919618722553;4.336491506427148;3.2156587119960056;4.298625786866271;5.196218457544917;-0.08112662465069041;2.1273400381237466;0.7574662728143693;-3.279234982235536;-3.545311765049899;-4.436806315588811;-5.373982197844317;6.120972166706588;-7.876121619221593;-3.4965376337923906;-6.559676760099809;-7.529329008143722;-8.135856504211572;-10.619677336986056;-13.875434022574835;-10.860402867225547;-11.44078411459081;-12.312550090079846;-14.389614214131743;-14.485601987425166;-15.464138350079812;-10.785575781936128;-11.60873872333336;-12.828713006427146;-12.929070408203582;-12.368884093353302;-10.945759088962086;-8.00127552504991;-10.485836522774463;
23.516268539906843;17.640619273246816;18.86971223200934;15.242672852235579;22.785558695222868;14.629133286061231;14.058513438616105;14.957522524151731;11.047242686620075;8.45047363077178;13.971248759627402;5.7747285439454465;10.782901708835674;3.3685144187691236;4.591084902814374;14.20612951156354;3.6210506163539575;1.46852818082501;1.4737816737657972;-4.0751364954557365;-2.9293195961011396;10.390355214710619;-3.9402511959547595;-0.8479749442049282;-1.685128603692627;-4.032703701889565;-1.2667750615302626;-10.960755011390551;-6.595387660558893;10.434887009001937;-9.435749919461056;-2.568774256300722;-13.392405193060558;-13.055713453073793;-12.684210302488358;-14.03559752757155;-15.995575588962058;-15.622830821583499;-12.928576897451771;-17.202261272448386;-16.92393708670659;-18.229906264371202;-18.02015697578179;-9.709672012707946;-15.945832585555548;-16.52586591043247;-13.878267091576827;-12.737612349501013;-13.041640218170345;-7.502380138196944;-11.789996488416488;
21.52858083254157;21.994054224264808;21.726608493745875;20.929804449002003;14.629133286061231;20.82395129318697;13.806585534903528;20.119365435289478;12.404372657937468;14.938235123226866;11.857724310166315;11.869823985202933;9.095518121769794;7.523322587870924;5.919549198922151;7.6763148916234165;2.4760068523419765;8.565693120345962;4.531332138675979;3.4366703002927443;4.216702246473714;5.020696290039923;0.4733800910512298;2.5506776175914876;1.2894035436127742;-2.8440293927278546;-2.984880069673985;-4.013883213486363;-4.910998024750498;6.001269071516977;-7.058989110419174;-2.9061355752229043;-6.273468489347972;-7.232795966127735;-7.429552087817694;-9.883624827691273;-13.113212441177636;-10.40418778679305;-10.62781069667333;-12.088505407478397;-13.71489655700599;-13.934067182155694;-14.78451549081173;-10.141517124683974;-11.512104625555555;-12.680752375342651;-12.456867388403195;-11.889906230758468;-10.799080162781117;-7.652470386340671;-10.249331803206925;
17.8612949981903;15.78103092879571;17.813834696181;14.125306603433126;14.058513438616105;13.806585534903528;20.164348507398564;11.067231617804408;18.991070755761797;11.675975153566188;13.105457652761148;11.64504050236861;11.58926752737859;14.687430564657351;14.04241590610776;9.08766574894878;8.262644034876915;7.913241671743173;9.325799266021287;7.717114956859611;6.18357849146374;9.129310028662667;6.558748621450432;8.689645044018642;8.114232253972066;2.3958558547172335;4.964816677411848;-0.5509104498735852;-0.5081898608582811;5.0867014091816465;-0.7522174209580839;3.8604671933000665;-3.953943285176314;-4.9262774197205585;-3.0814693497737737;-5.818851365675323;-9.710343415548925;-8.296879380765132;-5.910559484777136;-11.67102256614105;-11.27836495029939;-12.221032077784429;-12.767677709474418;-6.209984679753824;-11.745622802222208;-13.158470882687952;-11.400479003492995;-10.54657981459082;-11.350619410166336;-6.130175799254822;-10.268259079234857;
21.45896655542916;21.626366963612753;20.49056586145713;20.779375819700586;14.957522524151731;20.119365435289478;11.067231617804408;22.295493106586804;9.346115922714558;13.229236629301376;11.192006151716553;9.310431842894223;7.785176757864267;3.456633116027939;2.637307151676647;7.903359473153678;0.5771774453692584;6.141678934770465;1.7532242319361253;-0.34784396057884825;1.1792996756087826;4.293164284011976;-2.830034814351306;-0.5589456520559045;-1.8177602219161586;-4.9034036741516935;-4.889086542235517;-6.940450240379265;-6.749892467425132;6.953441212455088;-9.498858947125724;-4.978488419900204;-8.687565404471048;-9.214211050838353;-9.974490130678637;-11.885405782974045;-14.418175473353308;-11.963979317704608;-12.347342285668658;-12.967741961576852;-14.725201619101796;-14.950771606646688;-15.639917891576811;-10.95976939073854;-11.958722323333316;-12.832250061936136;-12.586638119520972;-12.019901176227547;-10.601726629501004;-7.809193352235509;-10.086688402295431;
14.867863400964737;13.851228004943414;15.736024594903522;12.59404189684631;11.047242686620075;12.404372657937468;18.991070755761797;9.346115922714558;19.02678473214903;11.25529133486361;11.623699563858944;11.796557842707918;10.733655817059201;16.00639443060545;15.065068292994019;7.27193627166333;8.951248556334011;8.720632680026622;10.308140665282789;10.258677870791752;7.844290718190284;8.039956046926143;8.609917512388556;10.209259842122439;9.868986541816371;4.183011466713243;6.275250671563539;2.465179195116435;1.4205841357884224;3.6412243631936207;1.6648525022754532;5.310086328829014;-0.9409623768729207;-2.2514967481636816;-0.11254086137059507;-3.2391812144377843;-7.430946239321366;-5.727398063599458;-3.5826234528210135;-9.333124107498321;-9.12908298053893;-9.857188964011966;-10.606637960831659;-4.812093832668;-9.81770456888888;-11.426884621949425;-10.148405262954087;-9.377224481596805;-10.29036094252162;-5.408426125103133;-9.37741880640054;
14.37514146639387;16.28804344855622;15.88881822636064;15.887919136546952;8.45047363077178;14.938235123226866;11.675975153566188;13.229236629301376;11.25529133486361;14.223312164165046;8.577791725575503;12.608606675602125;7.361539834923499;9.883534266633406;7.113221514670657;4.287761514817032;3.1573123617032586;11.355355064797072;6.69655002721889;8.116483480212917;8.792817433799087;3.3908146009381235;4.399530768037261;5.441974660066533;4.204498559900195;-0.27795963743845625;-1.4345811306719825;1.9011909947371974;-1.8363100816367375;2.6527375256487025;-2.725372004850298;-0.5864220810711955;0.18665453865601617;-1.4353328790019901;-1.8962577120492292;-4.530417217411848;-7.9959706726746465;-4.4667652913040445;-6.014735568489679;-6.190941449075186;-8.543104429640715;-8.026994640658675;-9.555018502408531;-7.176413713406511;-6.202418942222224;-7.722358733885564;-9.115597002475052;-8.818040377824344;-7.518717022022629;-5.7961719373386575;-7.474629928695936;
15.844072301051215;13.37950548621426;15.107777145894868;12.272687174770486;13.971248759627402;11.857724310166315;13.105457652761148;11.192006151716553;11.623699563858944;8.577791725575503;12.688731544204895;7.692696538330021;10.573088443140376;8.291058068176975;8.655478843952103;9.660378656640063;4.614844534005321;4.562242453546243;5.748521388928805;1.888295173000656;1.8840218088556253;8.019964275409198;1.9150781857751167;4.467084690312707;3.8771970445309414;-0.8344764029607408;2.43936517584165;-4.701566755735179;-3.0779527836926266;6.431725085548907;-3.795457111796397;1.7305684239654058;-7.316567208316664;-7.539508715309379;-6.517735057631405;-7.942619778835664;-10.600240274570876;-10.14976577212908;-7.24908321590152;-12.379247306653346;-11.669615594311363;-12.91992806209581;-12.99060207332;-5.953076828010635;-11.976600024444444;-12.874612802262135;-10.676140973632736;-9.624040592774438;-10.660835713506332;-5.468547637491678;-9.549773787870926;
10.568269402082512;12.482440305981385;13.054905240791744;12.29300103001994;5.7747285439454465;11.869823985202933;11.64504050236861;9.310431842894223;11.796557842707918;12.608606675602125;7.692696538330021;13.188466285362638;7.32119138103127;12.668034235375893;9.633126649221545;3.1409044029008646;4.688672330086495;12.26340970012642;8.854642890093125;11.18436554626082;11.141822791403865;3.396385050399205;7.707900483845617;8.450468752581504;7.456269296127737;2.290805589387892;1.315997189926807;5.492585361803064;0.7700082924950079;1.2554328151696588;1.1647368258083834;2.2138403244377916;3.575759009853629;1.5518673887225563;2.0286992484896884;-0.7389565635795105;-4.799803921776446;-1.2668301345974762;-2.474569413399872;-3.9684681881171002;-5.569219430059873;-5.02500674155688;-6.813813851450422;-4.822712670172979;-4.545317042222224;-6.27912639675982;-7.59186871403193;-7.334882377584823;-6.685194724477712;-4.728002616739854;-6.55843215540253;
11.807062440785096;10.093106896919481;11.894331375921476;9.320476931157687;10.782901708835674;9.095518121769794;11.58926752737859;7.785176757864267;10.733655817059201;7.361539834923499;10.573088443140376;7.32119138103127;10.227332699813742;9.513298771803061;9.568761334850308;8.135937878250152;5.700777585016629;5.018989727331999;6.44977087540253;3.9989806631270777;3.3020317114238207;7.682671763153697;3.6784052130472387;5.715198099727211;5.3505111054091845;1.4061981644976687;4.186891815755155;-1.9750524354225025;-0.5783872452894141;4.836547889840326;-0.8983179631137672;3.862617317391881;-4.591989898489691;-4.8211181540918275;-3.7341757275981484;-5.277834687611442;-7.805225003033928;-7.60684617665335;-4.526561367192279;-9.930910880791737;-9.19784256347306;-10.361996480299405;-10.448477804125062;-3.4084687000332576;-9.989539768888875;-11.024369522069168;-9.130317573852297;-8.012862029920162;-9.485432629707256;-4.163257150911506;-8.51869587334665;
6.216346794544249;7.282087764457748;9.616067320545566;7.177489460938131;3.3685144187691236;7.523322587870924;14.687430564657351;3.456633116027939;16.00639443060545;9.883534266633406;8.291058068176975;12.668034235375893;9.513298771803061;21.820633239334605;18.492007063413162;2.8768111730073156;10.570975850731863;11.877676992608095;14.90490155771125;18.072256807591536;13.80806763264801;5.772570508762475;15.697811744078518;15.73409777799733;15.671684018003965;8.753233267897542;9.621412083226875;11.137100591410496;6.526821997265469;-0.07708019702595392;9.305528952994006;10.222877735242852;7.44285982645376;5.369183059960066;8.221903605681963;4.55351414509646;-0.41834104349301104;1.4916018472521557;3.45445361353959;-3.104428884836994;-2.7106160328143667;-3.087787453173655;-4.2894462715036585;-0.3232870114637371;-4.894540711111105;-7.076089441044583;-6.683807639500995;-6.038017486487026;-7.755322337119095;-3.180584940106453;-7.096008227252158;
5.9715538259880265;5.988264224131731;8.338181759401204;5.615145286287427;4.591084902814374;5.919549198922151;14.04241590610776;2.637307151676647;15.065068292994019;7.113221514670657;8.655478843952103;9.633126649221545;9.568761334850308;18.492007063413162;18.410240664790425;4.236488003772457;10.970767887245499;8.279725169820363;13.48861964934133;14.135839882155658;9.992201562215586;7.055395615748499;13.854638721377233;14.66671041317365;15.101223690239532;8.522938387185627;11.929756246946106;8.021693027964073;6.087876845928155;0.9249324584431105;8.650556339640723;11.195124237904203;4.361503373892214;2.926516237604789;6.144707344251506;3.278914262455085;-1.296009019580839;-0.530635438203594;3.2643755390419114;-5.029825966886222;-3.5577426388622704;-4.614303360419164;-5.366549806886224;0.6179834455089825;-6.480815829999999;-8.382512239341324;-6.814850170059884;-5.870189839221558;-8.406023820479051;-2.7395668230538943;-7.418933741796407;
12.972056086660023;9.285232507850953;10.479791116334004;8.008743080159679;14.20612951156354;7.6763148916234165;9.08766574894878;7.903359473153678;7.27193627166333;4.287761514817032;9.660378656640063;3.1409044029008646;8.135937878250152;2.8768111730073156;4.236488003772457;11.204749263206926;3.6134906106919513;0.4534975310113115;1.493536340745177;-2.600829949913515;-2.1792150087691327;8.940088023193647;-2.1199113092348743;0.3718519306520276;-0.012104500978046703;-1.9343895748968698;1.0097556894145037;-7.501161585575552;-3.8898165700399283;7.897719381357309;-5.734344613532942;-0.01175161449767425;-9.412085901171;-9.12974596021959;-8.58149091208251;-9.444142978636055;-11.00618165421158;-11.04874269677976;-8.269598387198899;-12.468318324936797;-11.827586900479018;-13.000442382455114;-12.805080131603448;-5.653664181383894;-11.703280967777767;-12.204558434078498;-9.940213222255506;-8.865049220678642;-9.75917624582171;-4.870600353918833;-8.723154703220233;
3.660566216001332;2.8775483850964694;3.9457252133998733;2.3719941259680644;3.6210506163539575;2.4760068523419765;8.262644034876915;0.5771774453692584;8.951248556334011;3.1573123617032586;4.614844534005321;4.688672330086495;5.700777585016629;10.570975850731863;10.970767887245499;3.6134906106919513;10.592776149194945;4.089186501131068;6.772366794517633;9.180609538649387;5.105268653087156;5.884881339361286;7.627902276513643;7.80921668520291;8.534861322195598;9.45707507031269;9.750234551450438;6.198929192448425;7.80534326600799;0.9600415157285477;7.077429286706602;8.320945230232866;3.7767311729008575;3.3208835280439137;4.708605751749831;2.4341743963938804;-0.574546771157684;-0.045505557977378694;2.43377166010646;-2.836913353679305;-2.680103307904192;-3.1571376055089835;-3.8192150803459732;1.4748226716101138;-4.204754077777783;-5.840933267850964;-5.491080495548897;-4.665575667864271;-6.3695769321689975;-1.8493307018828995;-5.89237620202262;
5.629840233386561;8.626559580525619;8.60131737266135;8.989919618722553;1.46852818082501;8.565693120345962;7.913241671743173;6.141678934770465;8.720632680026622;11.355355064797072;4.562242453546243;12.26340970012642;5.018989727331999;11.877676992608095;8.279725169820363;0.4534975310113115;4.089186501131068;14.115547458576165;8.803241087371935;13.043773052641404;13.27314323681968;1.3468082844510985;8.775797697212235;8.62533363145044;7.644238847824343;3.20410496584165;1.0321713213506314;8.795466771270783;2.232824310319362;-0.72149219085828;2.9163169582634714;2.516236242648037;7.475861292701257;5.091693981756493;4.925726303326678;2.0340048024218227;-1.9027875963073793;2.316214977571523;-0.20773623907518257;0.061600836161011474;-2.521335576167665;-1.332847660359282;-3.580615730505655;-3.4048624122621423;-0.7290324144444442;-2.6248612507052553;-5.428607251956087;-5.380120824570854;-4.228954560093145;-3.6526684519827044;-4.601077887571522;
3.215634467232197;4.2522964893346655;5.9293006582767775;4.336491506427148;1.4737816737657972;4.531332138675979;9.325799266021287;1.7532242319361253;10.308140665282789;6.69655002721889;5.748521388928805;8.854642890093125;6.44977087540253;14.90490155771125;13.48861964934133;1.493536340745177;6.772366794517633;8.803241087371935;13.577569923326664;13.13597706931472;11.370461748709271;3.671586938542916;14.092999281630078;12.948954757910869;12.7627082831337;5.46758492956753;7.001428213100468;9.19119475725219;3.951693273393216;-0.5285196453692612;7.325757960299382;7.887981125635397;6.934969816200939;4.751719948662676;7.359736080345968;5.1345460107318805;1.0467506279840284;2.881149092947433;4.016856938576186;-0.9142563070392502;-0.2009522192814377;-0.27572384131736616;-1.6069876203725888;0.18537301096473796;-2.374377052222224;-4.18027426999335;-4.029510888283436;-3.62420483231537;-5.310669018489687;-2.0331727835662012;-4.7541059129474394;
-0.9647291117497999;2.4876117981370545;3.147516899174988;3.2156587119960056;-4.0751364954557365;3.4366703002927443;7.717114956859611;-0.34784396057884825;10.258677870791752;8.116483480212917;1.888295173000656;11.18436554626082;3.9989806631270777;18.072256807591536;14.135839882155658;-2.600829949913515;9.180609538649387;13.043773052641404;13.13597706931472;22.034835946081195;16.49944848038587;0.7556362399201599;16.611979994564212;14.692470898150358;14.919987502774473;11.222830318789105;8.340560612681307;18.92664109030606;10.30506665950102;-3.7244895030339293;13.116776950838318;9.666395163779125;16.72107622536263;13.6058916922555;15.220132068968702;11.008274092049248;5.626996822355284;9.618966050252824;8.247226670013303;5.748085288290099;3.752638824011978;4.941432394311369;2.435633414956749;2.0906950127012593;2.961117967777763;0.1208764540186305;-2.7531801431936085;-2.669434478483031;-3.2622721777711248;-1.5113231139853587;-3.6114554302528337;
0.2906112197139027;3.6540847242581496;3.956744529028608;4.298625786866271;-2.9293195961011396;4.216702246473714;6.18357849146374;1.1792996756087826;7.844290718190284;8.792817433799087;1.8840218088556253;11.141822791403865;3.3020317114238207;13.80806763264801;9.992201562215586;-2.1792150087691327;5.105268653087156;13.27314323681968;11.370461748709271;16.49944848038587;16.455056316260787;0.1284831573253518;13.318928919567531;11.578948571370614;10.854281337944128;5.7005299027678;3.230101128157019;13.839896763586184;5.017881248283432;-3.04011986163674;7.356645538083838;5.133664229933472;12.950975516314031;9.749191530558871;10.369247513785753;7.314010445316017;3.1303996989021976;7.805795965136389;4.508801087112435;4.868467561051218;2.4076725794011935;4.239098594431135;1.435945014384565;-0.5606196761743183;3.269941472222223;0.9921631879574201;-2.488999526986024;-2.64210486918164;-2.074825953665999;-2.0101345051763158;-2.6052049151363934;
9.009746753852301;6.284667564291411;7.5614973326147705;5.196218457544917;10.390355214710619;5.020696290039923;9.129310028662667;4.293164284011976;8.039956046926143;3.3908146009381235;8.019964275409198;3.396385050399205;7.682671763153697;5.772570508762475;7.055395615748499;8.940088023193647;5.884881339361286;1.3468082844510985;3.671586938542916;0.7556362399201599;0.1284831573253518;9.581175290898198;1.2270408969860247;3.265406282475051;3.1479631562874255;1.1789448552894213;4.127697989001999;-3.9061237417764434;-0.7803296968862343;5.516527314131748;-1.9203482844311348;3.077886164151694;-6.02684298199602;-5.925276922874246;-4.939016384231544;-5.972221599720556;-7.8382465514969955;-8.027421844510952;-4.924946831816367;-9.896311251596815;-8.96409994263473;-10.118761868503002;-10.029151891596788;-3.0978662687225627;-9.658991846666659;-10.367694288542928;-8.277617724071847;-7.227876607065869;-8.616183489241516;-3.595263780998002;-7.636939535489018;
-2.777998598556224;-0.6735893203260168;0.8991628688556318;-0.08112662465069041;-3.9402511959547595;0.4733800910512298;6.558748621450432;-2.830034814351306;8.609917512388556;4.399530768037261;1.9150781857751167;7.707900483845617;3.6784052130472387;15.697811744078518;13.854638721377233;-2.1199113092348743;7.627902276513643;8.775797697212235;14.092999281630078;16.611979994564212;13.318928919567531;1.2270408969860247;18.00393429729875;14.767863855176318;15.214913192235503;8.855031129288104;9.347192813719229;15.263919576553576;7.860845318662682;-3.3810362945309493;12.68398863664672;10.342318862661363;13.525561647438437;10.611229847644745;14.033527058569522;11.370818397358638;6.917644483912175;9.250076984544261;9.586601895502362;4.864938727950748;5.472854543952105;6.103304512754504;4.17743341461744;3.5653744569727213;2.5076745411111143;0.28301983170327;-0.6521525305588846;-0.5167690327345347;-2.578262383359947;-0.18070314294743856;-2.344786394544245;
0.19077891757816937;1.7794532244178338;3.476993042242182;2.1273400381237466;-0.8479749442049282;2.5506776175914876;8.689645044018642;-0.5589456520559045;10.209259842122439;5.441974660066533;4.467084690312707;8.450468752581504;5.715198099727211;15.73409777799733;14.66671041317365;0.3718519306520276;7.80921668520291;8.62533363145044;12.948954757910869;14.692470898150358;11.578948571370614;3.265406282475051;14.767863855176318;14.957875970671985;15.229567653992;7.499963320871598;10.023104950212874;11.103043903845638;5.97367313546906;-1.488554545948097;9.79928648401197;10.24496914618099;8.70124270042582;6.4002186500798315;9.552809985302709;7.629003013140384;2.7173819469860256;4.430746388828998;6.514501186254152;0.1484281563406536;1.6425718256287456;1.2409515463473044;-0.3376208303260214;2.2591219095941497;-1.4805731444444403;-3.375300951244179;-3.038533680998003;-2.544752827025945;-4.71153006242848;-1.133759073120426;-4.051883118829012;
-1.118167206367276;0.36228455337324883;2.1429074216367257;0.7574662728143693;-1.685128603692627;1.2894035436127742;8.114232253972066;-1.8177602219161586;9.868986541816371;4.204498559900195;3.8771970445309414;7.456269296127737;5.3505111054091845;15.671684018003965;15.101223690239532;-0.012104500978046703;8.534861322195598;7.644238847824343;12.7627082831337;14.919987502774473;10.854281337944128;3.1479631562874255;15.214913192235503;15.229567653992;16.013539234012004;8.801742863692603;11.862345459680613;11.95310568423157;7.3148569617964;-1.8320337210778477;11.466107368982048;11.652642545728508;9.429582049361283;7.305659089880243;10.796069667045924;8.909261695289423;4.001090179520958;5.231061251756475;8.077603870618772;0.7822359754890146;2.673286171556886;2.051037070479039;0.6386772054890202;3.7038116856087773;-1.1291153133333354;-3.0772438131337276;-2.453986948502989;-1.8478563794610772;-4.573456841357286;-0.507955960319362;-3.850363411756482;
-4.4436186432401925;-3.588491329913494;-2.8653199386759676;-3.279234982235536;-4.032703701889565;-2.8440293927278546;2.3958558547172335;-4.9034036741516935;4.183011466713243;-0.27795963743845625;-0.8344764029607408;2.290805589387892;1.4061981644976687;8.753233267897542;8.522938387185627;-1.9343895748968698;9.45707507031269;3.20410496584165;5.46758492956753;11.222830318789105;5.7005299027678;1.1789448552894213;8.855031129288104;7.499963320871598;8.801742863692603;14.280309348556235;11.491337408196925;12.667324268057216;14.340565620558902;-3.058100849002006;13.790970619461017;10.085398222967397;11.25867715639387;11.280286533073866;12.411635909154986;10.703825800904825;8.243978808962082;8.161414294916826;10.145832710785072;5.791487599115111;5.740976376706587;5.801488444371222;4.841609982448441;7.416967049374587;2.9543205588888846;0.9052694670991362;-0.3634553984231431;0.21212132950099755;-2.1512811284963447;1.3541978448636116;-2.2477584949168397;
-3.2249905035395736;-3.569433076620097;-1.955040173646032;-3.545311765049899;-1.2667750615302626;-2.984880069673985;4.964816677411848;-4.889086542235517;6.275250671563539;-1.4345811306719825;2.43936517584165;1.315997189926807;4.186891815755155;9.621412083226875;11.929756246946106;1.0097556894145037;9.750234551450438;1.0321713213506314;7.001428213100468;8.340560612681307;3.230101128157019;4.127697989001999;9.347192813719229;10.023104950212874;11.862345459680613;11.491337408196925;18.014108681849596;7.905113667159016;10.257089578762452;-1.0601179179241607;12.556659680479042;13.9174607605722;5.561756393699264;5.727906033193617;8.69775284544243;7.9913628122821025;5.098294699441131;3.3763671598270193;9.418907176833015;-0.15832042304058494;2.829088015149701;1.2275775538922247;1.0697411402927466;8.14669073709913;-2.206165811111114;-3.767551246433788;-1.7623722999201596;-0.3558623010379179;-4.850718330472389;1.5204927685163072;-3.8709411198270134;
-9.569021906433818;-5.6907866614504385;-5.628724458356609;-4.436806315588811;-10.960755011390551;-4.013883213486363;-0.5509104498735852;-6.940450240379265;2.465179195116435;1.9011909947371974;-4.701566755735179;5.492585361803064;-1.9750524354225025;11.137100591410496;8.021693027964073;-7.501161585575552;6.198929192448425;8.795466771270783;9.19119475725219;18.92664109030606;13.839896763586184;-3.9061237417764434;15.263919576553576;11.103043903845638;11.95310568423157;12.667324268057216;7.905113667159016;23.355752561809712;13.701522851397227;-7.037665757504968;17.752446413652667;9.139364664085157;23.47545181431806;20.656056157684645;21.853248539554208;18.6787530955954;14.524685057405188;18.21518714062546;15.318691485296082;15.336447099454388;12.914832146766479;15.17115207592814;12.047466892787746;7.323681655103117;11.408115605555556;8.309456399414485;3.4331780689421043;3.0914630637524807;2.1066696770924924;1.9187176338256864;1.0902729193745935;
-7.219238798423135;-5.9302464806786634;-5.485352501157703;-5.373982197844317;-6.595387660558893;-4.910998024750498;-0.5081898608582811;-6.749892467425132;1.4205841357884224;-1.8363100816367375;-3.0779527836926266;0.7700082924950079;-0.5783872452894141;6.526821997265469;6.087876845928155;-3.8898165700399283;7.80534326600799;2.232824310319362;3.951693273393216;10.30506665950102;5.017881248283432;-0.7803296968862343;7.860845318662682;5.97367313546906;7.3148569617964;14.340565620558902;10.257089578762452;13.701522851397227;15.71060196946106;-4.349989791676651;15.011313877305383;9.2845759259481;13.048577067524949;13.575124972035933;14.028525033552883;13.117584686746504;11.46250456814372;10.790990266806375;12.392310196147706;9.288824350019949;8.994719503532924;9.274342461856289;8.324866210019966;9.503427757984012;5.958965073333345;3.8724969366067987;1.8154864845508967;2.2747761308383194;-0.21743080025948885;2.6661150687624833;-0.6145155768063849;
9.642789306387202;6.979178903073859;7.466866559361279;6.120972166706588;10.434887009001937;6.001269071516977;5.0867014091816465;6.953441212455088;3.6412243631936207;2.6527375256487025;6.431725085548907;1.2554328151696588;4.836547889840326;-0.07708019702595392;0.9249324584431105;7.897719381357309;0.9600415157285477;-0.72149219085828;-0.5285196453692612;-3.7244895030339293;-3.04011986163674;5.516527314131748;-3.3810362945309493;-1.488554545948097;-1.8320337210778477;-3.058100849002006;-1.0601179179241607;-7.037665757504968;-4.349989791676651;7.617807037005985;-5.940025898383231;-1.6871975922355265;-8.224106765848262;-7.948517829221564;-7.778579070798416;-8.243856589381267;-9.206927006886213;-9.170245941417171;-7.396341559021965;-9.93189602067862;-9.59834519011975;-10.432434583113759;-10.26203198067863;-5.17148620145709;-9.169785943333334;-9.43381841463075;-7.7826336047305364;-6.999478538502992;-7.4400197011776195;-4.002383657924159;-6.677167538582837;
-10.480321385449109;-8.781310190059857;-7.548442132455133;-7.876121619221593;-9.435749919461056;-7.058989110419174;-0.7522174209580839;-9.498858947125724;1.6648525022754532;-2.725372004850298;-3.795457111796397;1.1647368258083834;-0.8983179631137672;9.305528952994006;8.650556339640723;-5.734344613532942;7.077429286706602;2.9163169582634714;7.325757960299382;13.116776950838318;7.356645538083838;-1.9203482844311348;12.68398863664672;9.79928648401197;11.466107368982048;13.790970619461017;12.556659680479042;17.752446413652667;15.011313877305383;-5.940025898383231;20.37738509652693;12.331170016407176;16.94814281095807;16.984433280179644;19.10563713443108;18.53403608706583;16.59488557071858;14.698338137365266;17.67645987407182;11.971448556766477;13.996300877664682;13.799939899281437;12.82560808676647;12.547844476586844;7.8044801300000035;5.533396609700587;4.4777156327544985;4.87861241419161;0.7273232920359257;4.273751200479053;0.7347340326347265;
-4.1856481590086645;-3.8170089431270555;-2.228081697099141;-3.4965376337923906;-2.568774256300722;-2.9061355752229043;3.8604671933000665;-4.978488419900204;5.310086328829014;-0.5864220810711955;1.7305684239654058;2.2138403244377916;3.862617317391881;10.222877735242852;11.195124237904203;-0.01175161449767425;8.320945230232866;2.516236242648037;7.887981125635397;9.666395163779125;5.133664229933472;3.077886164151694;10.342318862661363;10.24496914618099;11.652642545728508;10.085398222967397;13.9174607605722;9.139364664085157;9.2845759259481;-1.6871975922355265;12.331170016407176;12.782663543486416;7.00328156114437;6.790511032714576;9.309329293626089;8.557341403439775;5.960602217524957;4.516790956852975;9.40461247930804;1.3179373689155032;3.8896823313772515;2.5877959458083803;2.3394507722488345;7.895526219534277;-0.8427558644444436;-2.397249228968719;-0.9550736139321379;0.2555831611177628;-3.8781224759015216;1.7564809272388426;-3.107773866852962;
-12.322791117079168;-8.006783223240166;-8.510445917292103;-6.559676760099809;-13.392405193060558;-6.273468489347972;-3.953943285176314;-8.687565404471048;-0.9409623768729207;0.18665453865601617;-7.316567208316664;3.575759009853629;-4.591989898489691;7.44285982645376;4.361503373892214;-9.412085901171;3.7767311729008575;7.475861292701257;6.934969816200939;16.72107622536263;12.950975516314031;-6.02684298199602;13.525561647438437;8.70124270042582;9.429582049361283;11.25867715639387;5.561756393699264;23.47545181431806;13.048577067524949;-8.224106765848262;16.94814281095807;7.00328156114437;25.660566707398523;22.44387578638732;22.718577430884864;20.065617714564155;16.565865778882237;21.25110301965402;16.24352806366599;19.289355893918824;15.64405636029936;19.075588097784433;15.148238110585496;7.724448844198267;15.518045937777764;12.382811637132399;5.7553739901596686;5.0642757479241745;4.928417179055228;2.7427303970326076;3.353118560345976;
-12.542469016327326;-8.85357016373253;-9.28524159636727;-7.529329008143722;-13.055713453073793;-7.232795966127735;-4.9262774197205585;-9.214211050838353;-2.2514967481636816;-1.4353328790019901;-7.539508715309379;1.5518673887225563;-4.8211181540918275;5.369183059960066;2.926516237604789;-9.12974596021959;3.3208835280439137;5.091693981756493;4.751719948662676;13.6058916922555;9.749191530558871;-5.925276922874246;10.611229847644745;6.4002186500798315;7.305659089880243;11.280286533073866;5.727906033193617;20.656056157684645;13.575124972035933;-7.948517829221564;16.984433280179644;6.790511032714576;22.44387578638732;21.62012330119754;20.473076559540907;19.295627487105808;17.781910904790422;19.56863761243509;16.36980473381237;19.219146055109757;16.38421038443115;18.816478755209584;16.094912785109788;9.708199793912181;15.053191653333352;12.284878141337305;6.381579185029958;5.958575654610777;4.9584283635728745;3.833279603193612;3.4877229575648863;
-12.61776591940783;-9.420626472069193;-8.991566397059229;-8.135856504211572;-12.684210302488358;-7.429552087817694;-3.0814693497737737;-9.974490130678637;-0.11254086137059507;-1.8962577120492292;-6.517735057631405;2.0286992484896884;-3.7341757275981484;8.221903605681963;6.144707344251506;-8.58149091208251;4.708605751749831;4.925726303326678;7.359736080345968;15.220132068968702;10.369247513785753;-4.939016384231544;14.033527058569522;9.552809985302709;10.796069667045924;12.411635909154986;8.69775284544243;21.853248539554208;14.028525033552883;-7.778579070798416;19.10563713443108;9.309329293626089;22.718577430884864;20.473076559540907;23.56081640867603;21.024888725276078;17.91887583483034;20.097412040066498;18.383055927371856;16.995750642707872;16.383008792634726;18.388555228503012;15.789893386041255;10.089661056500345;13.062518648888863;10.413490036320669;6.520206680738532;6.104144630399197;3.944295934797057;3.8113532821091214;3.1311262399334634;
-14.928449202208943;-11.972035690146381;-11.548851823779096;-10.619677336986056;-14.03559752757155;-9.883624827691273;-5.818851365675323;-11.885405782974045;-3.2391812144377843;-4.530417217411848;-7.942619778835664;-0.7389565635795105;-5.277834687611442;4.55351414509646;3.278914262455085;-9.444142978636055;2.4341743963938804;2.0340048024218227;5.1345460107318805;11.008274092049248;7.314010445316017;-5.972221599720556;11.370818397358638;7.629003013140384;8.909261695289423;10.703825800904825;7.9913628122821025;18.6787530955954;13.117584686746504;-8.243856589381267;18.53403608706583;8.557341403439775;20.065617714564155;19.295627487105808;21.024888725276078;22.93618986616098;20.843709941756526;20.234346552448404;20.22284052328675;18.564886157651365;20.48409716095806;21.4196943549102;19.10616862431801;12.997606067212226;14.375988411111098;12.16465977260145;8.96951204117767;8.615200464690611;5.373442450532273;5.632973615615425;4.8229456575515535;
-17.708813248642745;-15.225556441596785;-15.015996152135722;-13.875434022574835;-15.995575588962058;-13.113212441177636;-9.710343415548925;-14.418175473353308;-7.430946239321366;-7.9959706726746465;-10.600240274570876;-4.799803921776446;-7.805225003033928;-0.41834104349301104;-1.296009019580839;-11.00618165421158;-0.574546771157684;-1.9027875963073793;1.0467506279840284;5.626996822355284;3.1303996989021976;-7.8382465514969955;6.917644483912175;2.7173819469860256;4.001090179520958;8.243978808962082;5.098294699441131;14.524685057405188;11.46250456814372;-9.206927006886213;16.59488557071858;5.960602217524957;16.565865778882237;17.781910904790422;17.91887583483034;20.843709941756526;24.330455259161685;19.751367463073816;19.790006508582845;21.42345182710576;23.602398747724525;24.079701410838403;24.28436619710582;15.21743312231537;17.08443284666667;16.03177822201596;13.084729700119729;12.763308518443099;8.447031337624765;8.377088629441118;7.55417698692613;
-15.919232780532283;-12.316793408589477;-12.728074109946782;-10.860402867225547;-15.622830821583499;-10.40418778679305;-8.296879380765132;-11.963979317704608;-5.727398063599458;-4.4667652913040445;-10.14976577212908;-1.2668301345974762;-7.60684617665335;1.4916018472521557;-0.530635438203594;-11.04874269677976;-0.045505557977378694;2.316214977571523;2.881149092947433;9.618966050252824;7.805795965136389;-8.027421844510952;9.250076984544261;4.430746388828998;5.231061251756475;8.161414294916826;3.3763671598270193;18.21518714062546;10.790990266806375;-9.170245941417171;14.698338137365266;4.516790956852975;21.25110301965402;19.56863761243509;20.097412040066498;20.234346552448404;19.751367463073816;22.625399170951468;17.24521347741846;21.557270521723243;19.649484241676653;23.017434913592837;20.10810375838992;9.869449545954753;18.473923291111074;16.5450854303859;10.4444804995609;9.44364697570856;8.794026987598137;5.241232823160347;7.189195099048562;
-14.768525388975352;-12.62757743571526;-11.95876706210248;-11.44078411459081;-12.928576897451771;-10.62781069667333;-5.910559484777136;-12.347342285668658;-3.5826234528210135;-6.014735568489679;-7.24908321590152;-2.474569413399872;-4.526561367192279;3.45445361353959;3.2643755390419114;-8.269598387198899;2.43377166010646;-0.20773623907518257;4.016856938576186;8.247226670013303;4.508801087112435;-4.924946831816367;9.586601895502362;6.514501186254152;8.077603870618772;10.145832710785072;9.418907176833015;15.318691485296082;12.392310196147706;-7.396341559021965;17.67645987407182;9.40461247930804;16.24352806366599;16.36980473381237;18.383055927371856;20.22284052328675;19.790006508582845;17.24521347741846;19.8058189419694;15.955741106932802;18.767228463772447;18.76681310808379;17.922623683599504;14.482628769787064;11.962597401111088;10.27476231475718;8.935900007345316;9.196252514510997;4.442172069873583;6.49648549016634;4.229754692581505;
-17.64541089166333;-13.857187110592168;-14.983627259833698;-12.312550090079846;-17.202261272448386;-12.088505407478397;-11.67102256614105;-12.967741961576852;-9.333124107498321;-6.190941449075186;-12.379247306653346;-3.9684681881171002;-9.930910880791737;-3.104428884836994;-5.029825966886222;-12.468318324936797;-2.836913353679305;0.061600836161011474;-0.9142563070392502;5.748085288290099;4.868467561051218;-9.896311251596815;4.864938727950748;0.1484281563406536;0.7822359754890146;5.791487599115111;-0.15832042304058494;15.336447099454388;9.288824350019949;-9.93189602067862;11.971448556766477;1.3179373689155032;19.289355893918824;19.219146055109757;16.995750642707872;18.564886157651365;21.42345182710576;21.557270521723243;15.955741106932802;25.909504519135087;21.95788946023953;25.182571786227566;23.490276902468466;10.505997197358623;22.48275748222223;20.929167893705916;12.766450756127748;11.681284130339325;11.492248271244172;6.574520413626077;8.986974818276769;
-18.644955301077886;-15.833334588143694;-15.949303403892284;-14.389614214131743;-16.92393708670659;-13.71489655700599;-11.27836495029939;-14.725201619101796;-9.12908298053893;-8.543104429640715;-11.669615594311363;-5.569219430059873;-9.19784256347306;-2.7106160328143667;-3.5577426388622704;-11.827586900479018;-2.680103307904192;-2.521335576167665;-0.2009522192814377;3.752638824011978;2.4076725794011935;-8.96409994263473;5.472854543952105;1.6425718256287456;2.673286171556886;5.740976376706587;2.829088015149701;12.914832146766479;8.994719503532924;-9.59834519011975;13.996300877664682;3.8896823313772515;15.64405636029936;16.38421038443115;16.383008792634726;20.48409716095806;23.602398747724525;19.649484241676653;18.767228463772447;21.95788946023953;25.26539706239523;25.36469707227537;25.258369250239497;14.11755021580841;18.372718359999975;18.002824569281426;14.680806704610765;13.93713262005987;10.34974538688622;8.560167835149688;9.361150198323346;
