47
0.6872851582978721;0.6840433965957449;0.6142884168085108;0.6369756348936171;0.6038842368085107;0.6429829442553191;0.634760170851064;0.627406564893617;0.6175250576595744;0.5188245763829787;0.3084028848936169;0.5022395689361702;0.5612429265957448;0.4058969727659574;0.3657307614893617;0.3936854861702127;0.282967204255319;0.34067360361702137;0.3159699955319149;0.31430826319148936;0.3034847508510638;0.3061877180851063;0.28966627106382975;0.22447887574468084;0.30391667127659566;0.22341280808510638;0.3171491421276595;0.168018394893617;0.12571900000000003;-0.6303193436170214;-0.6281905429787235;-0.4692224617021276;-0.5210215680851062;-0.7309026540425533;-0.6128311114893619;-0.6146047585106382;-0.6793678534042551;-0.6522438351063831;-0.6171411853191491;-0.6439135200000001;-0.582601056170213;-0.6036750831914893;-0.6965226442553193;-0.6969383061702129;-0.6240966736170211;-0.6935999797872339;-0.6040898291489362;
0.6840433965957449;0.7322970731914892;0.6395006936170211;0.6613257697872339;0.6576434336170213;0.6678640185106384;0.6592366017021274;0.6893899197872341;0.644665375319149;0.5461477627659573;0.2701238797872341;0.5255752078723405;0.6221981531914894;0.4245720455319148;0.38333326297872333;0.4116718923404255;0.2975689085106382;0.35550865723404257;0.3313572310638299;0.3294445863829787;0.3188695117021276;0.32109672617021284;0.3049611121276596;0.23419896148936165;0.3171562225531915;0.2364676961702127;0.33020961425531914;0.160710599787234;0.12871448000000002;-0.6514709372340424;-0.6492830859574464;-0.48172600340425525;-0.5351591461702128;-0.7494047780851064;-0.6310300929787235;-0.6328543370212767;-0.6953746768085104;-0.6677843702127658;-0.6318060606382979;-0.6593187999999999;-0.5964464823404257;-0.6172109863829787;-0.7139533985106381;-0.7139261223404256;-0.6394250172340423;-0.7109648395744683;-0.6190853782978725;
0.6142884168085108;0.6395006936170211;0.6645493927659573;0.6164911804255322;0.6512840727659572;0.6209080729787233;0.6126125165957446;0.6618655304255321;0.6187801593617023;0.570255774468085;0.21198237042553197;0.582167984255319;0.6007825236170214;0.48562346893617014;0.4369670340425531;0.4713464653191489;0.36782896297872325;0.4101454355319149;0.39636406787234035;0.3943845472340424;0.3829080365957447;0.38283487765957447;0.36513020574468086;0.28029380702127665;0.3679258448936169;0.30607017765957445;0.38476075148936184;0.17111360042553186;0.14684954000000006;-0.666554855531915;-0.6642857080851063;-0.45644879319148923;-0.5089348676595744;-0.7183543038297873;-0.6369488440425531;-0.6388639259574469;-0.6704037463829787;-0.632924519574468;-0.596183258723404;-0.6239999400000001;-0.5596208653191491;-0.5815087272340425;-0.6892959129787233;-0.690344495319149;-0.6112533455319148;-0.6870857408510638;-0.5892943334042553;
0.6369756348936171;0.6613257697872339;0.6164911804255322;0.7416366846808511;0.6128299604255316;0.7496900527659578;0.7419768325531916;0.6374200646808513;0.7119160029787234;0.5641420491489362;0.24079142468085102;0.5504369168085107;0.5674407897872343;0.4498372282978723;0.3959396744680851;0.4381331885106383;0.31215733276595753;0.3782812608510639;0.3562403565957447;0.35440198957446817;0.34279148255319164;0.3447488942553192;0.32678741319148946;0.24545558723404257;0.3386442238297873;0.2544065442553193;0.3515052063829788;0.18172497468085103;0.14798565;-0.6744503908510638;-0.6723860989361703;-0.482436395106383;-0.5402676242553193;-0.7542235121276594;-0.6474900644680852;-0.6492005055319149;-0.7011478602127661;-0.671522255319149;-0.6342683759574468;-0.6623268700000003;-0.6031459485106382;-0.6198899095744681;-0.7194380627659578;-0.7202783185106381;-0.6426737908510639;-0.7168141793617024;-0.6214946674468085;
0.6038842368085107;0.6576434336170213;0.6512840727659572;0.6128299604255316;0.6748323727659576;0.6170712329787232;0.6086348165957445;0.686287320425532;0.6155724893617023;0.5658442144680851;0.1945921504255319;0.5708474042553189;0.6212349936170216;0.47456900893617027;0.42859046404255313;0.4602572853191489;0.36139846297872324;0.3976722555319149;0.3863816378723404;0.3839752272340426;0.37323746659574464;0.37302693765957445;0.35643452574468076;0.2707869170212766;0.356110144893617;0.2982566276595745;0.36871613148936183;0.16101835042553184;0.14036008000000003;-0.655378655531915;-0.6531241380851065;-0.45096542319148925;-0.5005565276595746;-0.7057776138297872;-0.6256116640425533;-0.6275205359574471;-0.6575575163829787;-0.6212153495744679;-0.5852622987234041;-0.61265524;-0.5495180853191489;-0.5706378372340426;-0.6767402929787236;-0.6773591653191487;-0.600240465531915;-0.6745630208510637;-0.5792213734042553;
0.6429829442553191;0.6678640185106384;0.6209080729787233;0.7496900527659578;0.6170712329787232;0.7858786693617024;0.77614144787234;0.6416098027659574;0.7388639908510639;0.5658320540425529;0.23448426276595738;0.5489406276595744;0.5706579585106386;0.44702783808510643;0.3934580412765957;0.43590565957446803;0.30774053936170204;0.3750137359574469;0.35256551617021276;0.35070667702127667;0.33914862787234046;0.3412553197872341;0.3235989923404255;0.24151738063829786;0.3355023868085108;0.25111815978723406;0.3484140746808511;0.17265264276595738;0.14025425;-0.677162185957447;-0.6750828825531915;-0.4890488657446808;-0.5448732997872339;-0.7586911048936171;-0.6496355512765956;-0.6513613087234041;-0.7044870414893616;-0.6755166972340427;-0.6383274817021278;-0.66643685;-0.6079087195744681;-0.6236512670212766;-0.7229483293617023;-0.7237233195744681;-0.646464285957447;-0.720246585531915;-0.6255810821276595;
0.634760170851064;0.6592366017021274;0.6126125165957446;0.7419768325531916;0.6086348165957445;0.77614144787234;0.7746316595744681;0.6330801725531916;0.731089906170213;0.5592476468085108;0.23124057255319153;0.542173985531915;0.5629681217021278;0.4422068736170211;0.38787534425531905;0.43323158191489347;0.3028724378723404;0.36988296319148944;0.34765170723404265;0.3459045134042554;0.33425323957446806;0.33640608595744687;0.3188252344680851;0.23782075212765955;0.33100157936170216;0.2470100059574468;0.3436941189361702;0.1709346025531915;0.14250305000000002;-0.6715911631914894;-0.6695258885106384;-0.4852821491489363;-0.5405171859574467;-0.7523991029787236;-0.6442862142553192;-0.6460012957446808;-0.6986948882978725;-0.6699456174468085;-0.6329981923404256;-0.6609236999999999;-0.6030130619148937;-0.6186549634042556;-0.7169036678723406;-0.7176822219148937;-0.6410886731914894;-0.7142225051063832;-0.620420400425532;
0.627406564893617;0.6893899197872341;0.6618655304255321;0.6374200646808513;0.686287320425532;0.6416098027659574;0.6330801725531916;0.7320789446808513;0.6394599229787233;0.5879288091489362;0.20969150468085102;0.5925532968085107;0.6517323897872341;0.4919727082978723;0.4363788944680851;0.4777785185106383;0.3592984827659574;0.41642629085106375;0.39827318659574457;0.396503349574468;0.38544979255319145;0.38494127425531904;0.3670611931914893;0.2842694372340425;0.3741148138297872;0.29479706425531915;0.3869212063829787;0.17490287468085097;0.15293371;-0.6981672008510634;-0.6961489589361699;-0.484018705106383;-0.5377937342553192;-0.7545994521276596;-0.6675745144680848;-0.6692429955319147;-0.7001651402127657;-0.6660449453191488;-0.6279563559574469;-0.65650295;-0.5897448185106383;-0.612004269574468;-0.7224061527659573;-0.7204385085106383;-0.6386628408510636;-0.7202616493617021;-0.6161204074468084;
0.6175250576595744;0.644665375319149;0.6187801593617023;0.7119160029787234;0.6155724893617023;0.7388639908510639;0.731089906170213;0.6394599229787233;0.7354044655319155;0.5721543212765956;0.21658079297872335;0.5691191197872341;0.5704542553191488;0.4691503025531915;0.4123442682978723;0.45699264723404254;0.3314837808510637;0.3962795387234042;0.3760877751063831;0.37432850063829787;0.3626974161702128;0.36386758361702126;0.3454326902127661;0.2643478791489362;0.35554372425531916;0.27228641361702133;0.3680530004255319;0.17754105297872338;0.14749418;-0.6834150687234044;-0.6810403765957448;-0.4852887723404256;-0.5402766636170213;-0.7536708768085109;-0.6519773582978723;-0.6539808217021277;-0.7018672446808513;-0.6672261070212766;-0.6298844510638302;-0.6577594800000003;-0.5983051672340426;-0.6144831206382979;-0.720382610851064;-0.7212845572340426;-0.6425360387234043;-0.7175845659574467;-0.6209090838297875;
0.5188245763829787;0.5461477627659573;0.570255774468085;0.5641420491489362;0.5658442144680851;0.5658320540425529;0.5592476468085108;0.5879288091489362;0.5721543212765956;0.6185940110638297;0.16961849914893612;0.6506532614893614;0.5241922827659573;0.5626946321276597;0.4909362419148936;0.5486011193617021;0.43251612404255324;0.48202816893617023;0.47722146425531914;0.4758052655319148;0.46240330680851055;0.46094002468085105;0.43800308851063835;0.3355393959574468;0.4359900802127659;0.359240024680851;0.4472641070212766;0.23537223914893612;0.21847738;-0.6777819489361702;-0.6757093638297871;-0.4531199636170212;-0.498272014680851;-0.7143004523404254;-0.6500053719148935;-0.6517175880851062;-0.6698542172340424;-0.628890250851064;-0.5907997425531917;-0.6178385099999999;-0.5555704893617022;-0.575341255531915;-0.688537794042553;-0.6902860793617022;-0.6054956489361701;-0.6865606482978723;-0.5795211531914893;
0.3084028848936169;0.2701238797872341;0.21198237042553197;0.24079142468085102;0.1945921504255319;0.23448426276595738;0.23124057255319153;0.20969150468085102;0.21658079297872335;0.16961849914893612;0.3522233846808509;0.10930231680851063;0.181517169787234;0.060499728297872285;0.05343780446808509;0.05711467851063827;-0.006157787234042601;0.06813686085106387;0.011798956595744653;0.009813809574468046;0.005578332553191501;0.010077064255319169;0.004227483191489387;0.04662602723404256;0.05680252382978718;-0.020761315744680833;0.06349574638297868;0.21419949468085114;0.09870664999999998;-0.29026954085106393;-0.28882589893617017;-0.23518906510638293;-0.2589041742553191;-0.3625646221276595;-0.2900268244680851;-0.2912832155319148;-0.34141724021276587;-0.32422078531914894;-0.30743640595744687;-0.3216056499999999;-0.29389536851063836;-0.30993746957446805;-0.3439235627659575;-0.34469633851063824;-0.3126714308510638;-0.342279319361702;-0.30645361744680844;
0.5022395689361702;0.5255752078723405;0.582167984255319;0.5504369168085107;0.5708474042553189;0.5489406276595744;0.542173985531915;0.5925532968085107;0.5691191197872341;0.6506532614893614;0.10930231680851063;0.8771889880851066;0.5250892078723406;0.8055934829787234;0.690246824680851;0.7875045251063831;0.6734645476595744;0.6913935185106386;0.7237719159574468;0.7265183957446807;0.7070467455319147;0.7021634725531914;0.6606906919148936;0.49795992234042563;0.6330100582978725;0.5635921325531915;0.6415710338297872;0.19062573680851055;0.17853781000000005;-0.7677832785106382;-0.7662234293617021;-0.49106288106382984;-0.5310957425531916;-0.7870621412765959;-0.7365147646808511;-0.7376675453191488;-0.7456495721276596;-0.7008615331914894;-0.6566242495744681;-0.68608664;-0.6032011751063829;-0.6330467357446807;-0.7697304176595745;-0.7724195851063831;-0.6627017885106382;-0.7683544736170215;-0.6224407144680851;
0.5612429265957448;0.6221981531914894;0.6007825236170214;0.5674407897872343;0.6212349936170216;0.5706579585106386;0.5629681217021278;0.6517323897872341;0.5704542553191488;0.5241922827659573;0.181517169787234;0.5250892078723406;0.6572709931914893;0.43370969553191485;0.3890975429787235;0.4209310523404255;0.3126037785106384;0.36484115723404265;0.34906953106382993;0.3479129363829789;0.34236945170212774;0.3373311261702128;0.3265334021276596;0.24621055148936166;0.32751785255319155;0.2554509461702128;0.3395357442553192;0.148920419787234;0.12999313999999998;-0.6492689472340425;-0.6470032459574467;-0.4522550934042554;-0.5026700161702129;-0.7008388980851064;-0.6195337429787234;-0.6214565370212765;-0.6526922568085106;-0.617633400212766;-0.582852100638298;-0.6087730200000001;-0.5478831423404256;-0.5648107863829785;-0.6705456485106382;-0.6708108023404253;-0.5967151472340426;-0.6680465895744683;-0.5765609682978723;
0.4058969727659574;0.4245720455319148;0.48562346893617014;0.4498372282978723;0.47456900893617027;0.44702783808510643;0.4422068736170211;0.4919727082978723;0.4691503025531915;0.5626946321276597;0.060499728297872285;0.8055934829787234;0.43370969553191485;0.7839046242553187;0.6403972938297872;0.7663189087234042;0.6549902280851061;0.6210839178723405;0.7004397685106385;0.7046565610638301;0.6857687736170214;0.6800143593617022;0.6392008470212766;0.4454751819148936;0.5670320904255318;0.5414554593617021;0.5731586940425533;0.14645658829787225;0.13999638999999994;-0.6607080478723403;-0.6595868876595744;-0.4108760272340425;-0.4431717293617022;-0.6668705446808509;-0.6339300138297872;-0.6347005061702125;-0.6349202344680851;-0.5952374917021275;-0.5565159751063831;-0.58171806;-0.5044712587234043;-0.5350032910638297;-0.6564917480851065;-0.6592778987234043;-0.5612639078723404;-0.6556401965957447;-0.5239581763829787;
0.3657307614893617;0.38333326297872333;0.4369670340425531;0.3959396744680851;0.42859046404255313;0.3934580412765957;0.38787534425531905;0.4363788944680851;0.4123442682978723;0.4909362419148936;0.05343780446808509;0.690246824680851;0.3890975429787235;0.6403972938297872;0.6050993774468085;0.6240992308510639;0.5740444912765961;0.5265283580851066;0.5920907476595748;0.5929386959574467;0.5788188242553192;0.5741885904255319;0.559474515319149;0.3748291287234043;0.4783263563829787;0.48680312042553214;0.4855841206382979;0.12027283446808508;0.11337934;-0.5663186180851064;-0.5652221348936171;-0.3570424285106382;-0.3846633104255319;-0.5785058402127661;-0.5431540374468083;-0.5439512025531914;-0.5476815670212766;-0.5130349655319149;-0.48095761659574476;-0.5022622600000001;-0.43859124085106377;-0.4621165659574469;-0.5668113412765959;-0.5691912308510639;-0.4850096580851064;-0.5661079189361705;-0.4524678557446808;
0.3936854861702127;0.4116718923404255;0.4713464653191489;0.4381331885106383;0.4602572853191489;0.43590565957446803;0.43323158191489347;0.4777785185106383;0.45699264723404254;0.5486011193617021;0.05711467851063827;0.7875045251063831;0.4209310523404255;0.7663189087234042;0.6240992308510639;0.7612123263829784;0.6388539195744678;0.6072670206382978;0.6841218074468085;0.6920172346808512;0.6700233819148939;0.6639712931914894;0.6234569948936171;0.43476268042553173;0.5583205078723404;0.5274043831914893;0.560167719787234;0.14252946851063825;0.14014609;-0.6489687606382979;-0.6478225017021274;-0.4038700138297874;-0.4356251531914894;-0.6546162065957447;-0.6226373408510638;-0.623438389148936;-0.6235959676595746;-0.5842027614893615;-0.5440182944680851;-0.5710877599999998;-0.4952970163829786;-0.5252080346808511;-0.644334609574468;-0.6473745663829786;-0.5512999206382978;-0.6434988970212768;-0.5147634480851063;
0.282967204255319;0.2975689085106382;0.36782896297872325;0.31215733276595753;0.36139846297872324;0.30774053936170204;0.3028724378723404;0.3592984827659574;0.3314837808510637;0.43251612404255324;-0.006157787234042601;0.6734645476595744;0.3126037785106384;0.6549902280851061;0.5740444912765961;0.6388539195744678;0.6330891893617022;0.5060649959574468;0.647556156170213;0.6514609470212765;0.6375241178723401;0.630249699787234;0.5964246823404253;0.3592503806382979;0.4576791268085104;0.5152140397872341;0.46407533468085116;0.0748708527659574;0.07463093999999998;-0.48765965595744665;-0.4877984625531914;-0.28370821574468075;-0.308650009787234;-0.481456044893617;-0.4682904612765957;-0.4679131687234044;-0.4609958714893618;-0.4351541572340426;-0.4066974317021276;-0.42292746000000003;-0.3600153395744681;-0.3854629170212765;-0.47976992936170215;-0.4826839395744681;-0.40302187595744676;-0.4801905855319149;-0.37015188212765954;
0.34067360361702137;0.35550865723404257;0.4101454355319149;0.3782812608510639;0.3976722555319149;0.3750137359574469;0.36988296319148944;0.41642629085106375;0.3962795387234042;0.48202816893617023;0.06813686085106387;0.6913935185106386;0.36484115723404265;0.6210839178723405;0.5265283580851066;0.6072670206382978;0.5060649959574468;0.6241211710638298;0.5492212257446806;0.5510863744680851;0.5343511831914894;0.5318309853191491;0.49467595148936194;0.4507022940425532;0.5765948097872341;0.429096505319149;0.5732001729787234;0.15177182085106386;0.14322604000000005;-0.5951789210638299;-0.5938993161702127;-0.37736213638297883;-0.404236675319149;-0.5994358076595745;-0.5717463780851063;-0.5727222119148935;-0.5710240127659576;-0.5333015591489362;-0.4980826674468086;-0.52296845;-0.457861430638298;-0.48213588446808503;-0.5896265459574469;-0.5920401806382982;-0.5048398010638299;-0.5888737117021279;-0.4718488168085106;
0.3159699955319149;0.3313572310638299;0.39636406787234035;0.3562403565957447;0.3863816378723404;0.35256551617021276;0.34765170723404265;0.39827318659574457;0.3760877751063831;0.47722146425531914;0.011798956595744653;0.7237719159574468;0.34906953106382993;0.7004397685106385;0.5920907476595748;0.6841218074468085;0.647556156170213;0.5492212257446806;0.7021692370212769;0.6916415921276596;0.6770613272340426;0.6686784887234042;0.6307051340425534;0.3909252338297872;0.4982565108510639;0.5212724387234042;0.5051287180851063;0.10140534659574466;0.10353205;-0.557332315744681;-0.5567333453191489;-0.3316876444680851;-0.36166185872340434;-0.5516202193617021;-0.5348161676595746;-0.5351165523404257;-0.5277019489361703;-0.4959346434042554;-0.46436073021276614;-0.47315605;-0.4152572274468085;-0.4401944721276596;-0.5475923461702129;-0.5500561274468087;-0.46348753574468093;-0.5471929731914895;-0.42866066276595755;
0.31430826319148936;0.3294445863829787;0.3943845472340424;0.35440198957446817;0.3839752272340426;0.35070667702127667;0.3459045134042554;0.396503349574468;0.37432850063829787;0.4758052655319148;0.009813809574468046;0.7265183957446807;0.3479129363829789;0.7046565610638301;0.5929386959574467;0.6920172346808512;0.6514609470212765;0.5510863744680851;0.6916415921276596;0.7172095327659569;0.6935916434042554;0.6729626323404254;0.634558734255319;0.39141901297872345;0.5000510551063831;0.5228153423404254;0.5114764385106383;0.09881565957446801;0.09714995;-0.5598731444680852;-0.5595397319148936;-0.3341136668085107;-0.36377201234042555;-0.5550741561702127;-0.5375559459574468;-0.5376022740425533;-0.5303813136170212;-0.500445490425532;-0.46813074127659593;-0.4861785899999999;-0.418214634680851;-0.4377153327659575;-0.5503777170212766;-0.5530229846808511;-0.4657778344680851;-0.550165199148936;-0.43053365659574466;
0.3034847508510638;0.3188695117021276;0.3829080365957447;0.34279148255319164;0.37323746659574464;0.33914862787234046;0.33425323957446806;0.38544979255319145;0.3626974161702128;0.46240330680851055;0.005578332553191501;0.7070467455319147;0.34236945170212774;0.6857687736170214;0.5788188242553192;0.6700233819148939;0.6375241178723401;0.5343511831914894;0.6770613272340426;0.6935916434042554;0.6955513395744679;0.6584558459574471;0.6271539844680852;0.3793613821276597;0.4847411093617021;0.5107537859574467;0.49161526893617025;0.09346129255319147;0.09188577000000002;-0.5471905031914895;-0.5461659385106383;-0.3253115791489362;-0.3552155559574469;-0.5400686629787235;-0.5246323542553191;-0.5253450557446808;-0.5173613682978724;-0.48485860744680864;-0.4546148923404257;-0.4683369100000001;-0.40636661191489365;-0.41246781340425526;-0.5368738778723405;-0.5390013819148937;-0.45476522319148943;-0.5361360351063831;-0.42062537042553194;
0.3061877180851063;0.32109672617021284;0.38283487765957447;0.3447488942553192;0.37302693765957445;0.3412553197872341;0.33640608595744687;0.38494127425531904;0.36386758361702126;0.46094002468085105;0.010077064255319169;0.7021634725531914;0.3373311261702128;0.6800143593617022;0.5741885904255319;0.6639712931914894;0.630249699787234;0.5318309853191491;0.6686784887234042;0.6729626323404254;0.6584558459574471;0.6758111365957449;0.6131483574468086;0.377784330212766;0.48239278893617005;0.5056982765957448;0.4890793148936171;0.09498379425531914;0.09316650000000004;-0.5382136353191489;-0.5405984708510642;-0.3245907919148937;-0.35294193659574474;-0.5386638482978724;-0.5158336004255318;-0.5131789995744681;-0.5137710238297873;-0.48685123574468103;-0.45543416723404256;-0.47352576000000013;-0.4066700631914894;-0.43308288234042547;-0.5331638197872342;-0.5364913031914893;-0.4517152253191491;-0.5337096185106384;-0.4175660040425533;
0.28966627106382975;0.3049611121276596;0.36513020574468086;0.32678741319148946;0.35643452574468076;0.3235989923404255;0.3188252344680851;0.3670611931914893;0.3454326902127661;0.43800308851063835;0.004227483191489387;0.6606906919148936;0.3265334021276596;0.6392008470212766;0.559474515319149;0.6234569948936171;0.5964246823404253;0.49467595148936194;0.6307051340425534;0.634558734255319;0.6271539844680852;0.6131483574468086;0.6178143480851065;0.3492649076595746;0.44748919170212764;0.48345896744680855;0.45406376617021277;0.08632497319148934;0.08480948000000003;-0.5105864214893618;-0.5099251906382979;-0.3058347089361703;-0.3343257074468086;-0.5071489187234044;-0.4897856153191489;-0.4901726146808511;-0.48270016787234055;-0.4506707468085107;-0.42431576042553204;-0.4382819900000001;-0.37570419489361706;-0.3991824642553193;-0.5009546623404255;-0.503495384893617;-0.4277036214893618;-0.5004628963829788;-0.3956048355319149;
0.22447887574468084;0.23419896148936165;0.28029380702127665;0.24545558723404257;0.2707869170212766;0.24151738063829786;0.23782075212765955;0.2842694372340425;0.2643478791489362;0.3355393959574468;0.04662602723404256;0.49795992234042563;0.24621055148936166;0.4454751819148936;0.3748291287234043;0.43476268042553173;0.3592503806382979;0.4507022940425532;0.3909252338297872;0.39141901297872345;0.3793613821276597;0.377784330212766;0.3492649076595746;0.4013698693617022;0.41681144319148944;0.31027977021276604;0.410998005319149;0.11573587723404255;0.10792449000000001;-0.4274558440425531;-0.4265563774468086;-0.26135717425531924;-0.27899652021276594;-0.42063031510638305;-0.4117403087234043;-0.4124300412765957;-0.40403913851063833;-0.3733921627659575;-0.3479472382978725;-0.36659801000000003;-0.31442350042553185;-0.3380240929787235;-0.41781904063829794;-0.41998763042553194;-0.35436986404255316;-0.4178168644680852;-0.32962855787234047;
0.30391667127659566;0.3171562225531915;0.3679258448936169;0.3386442238297873;0.356110144893617;0.3355023868085108;0.33100157936170216;0.3741148138297872;0.35554372425531916;0.4359900802127659;0.05680252382978718;0.6330100582978725;0.32751785255319155;0.5670320904255318;0.4783263563829787;0.5583205078723404;0.4576791268085104;0.5765948097872341;0.4982565108510639;0.5000510551063831;0.4847411093617021;0.48239278893617005;0.44748919170212764;0.41681144319148944;0.5739423740425532;0.3883735989361703;0.5313318734042553;0.13532924382978723;0.12795012000000003;-0.554007779787234;-0.5526525427659575;-0.3491029987234043;-0.37707377893617017;-0.5566140544680852;-0.5321736563829789;-0.5332404636170214;-0.5312084574468086;-0.49502234617021273;-0.4596862185106384;-0.48556226;-0.42556550787234043;-0.44534860510638313;-0.5480450768085108;-0.5504694478723404;-0.46986733978723405;-0.5472347076595745;-0.4392857506382979;
0.22341280808510638;0.2364676961702127;0.30607017765957445;0.2544065442553193;0.2982566276595745;0.25111815978723406;0.2470100059574468;0.29479706425531915;0.27228641361702133;0.359240024680851;-0.020761315744680833;0.5635921325531915;0.2554509461702128;0.5414554593617021;0.48680312042553214;0.5274043831914893;0.5152140397872341;0.429096505319149;0.5212724387234042;0.5228153423404254;0.5107537859574467;0.5056982765957448;0.48345896744680855;0.31027977021276604;0.3883735989361703;0.4836918965957447;0.3982748348936172;0.056237454255319126;0.05759881999999999;-0.40922787531914895;-0.40878137085106375;-0.23489180191489367;-0.2511431365957448;-0.39485005829787234;-0.393140610425532;-0.3933827995744681;-0.37923201382978733;-0.3522988357446808;-0.33186105723404263;-0.3434970200000001;-0.29734119319148933;-0.31274268234042557;-0.3952790897872341;-0.3975536131914895;-0.33040997531914895;-0.3956345985106383;-0.30279007404255326;
0.3171491421276595;0.33020961425531914;0.38476075148936184;0.3515052063829788;0.36871613148936183;0.3484140746808511;0.3436941189361702;0.3869212063829787;0.3680530004255319;0.4472641070212766;0.06349574638297868;0.6415710338297872;0.3395357442553192;0.5731586940425533;0.4855841206382979;0.560167719787234;0.46407533468085116;0.5732001729787234;0.5051287180851063;0.5114764385106383;0.49161526893617025;0.4890793148936171;0.45406376617021277;0.410998005319149;0.5313318734042553;0.3982748348936172;0.5867561323404257;0.1405075063829787;0.13726114;-0.5742263929787234;-0.5729383112765958;-0.3696804478723404;-0.39525864489361706;-0.5808968674468086;-0.551424480638298;-0.5524201193617021;-0.5527383357446809;-0.5171683436170212;-0.4839637208510639;-0.50737878;-0.44592325978723407;-0.46858817851063816;-0.5700852746808511;-0.5722160597872341;-0.4896099229787233;-0.5691531327659572;-0.4585277110638297;
0.168018394893617;0.160710599787234;0.17111360042553186;0.18172497468085103;0.16101835042553184;0.17265264276595738;0.1709346025531915;0.17490287468085097;0.17754105297872338;0.23537223914893612;0.21419949468085114;0.19062573680851055;0.148920419787234;0.14645658829787225;0.12027283446808508;0.14252946851063825;0.0748708527659574;0.15177182085106386;0.10140534659574466;0.09881565957446801;0.09346129255319147;0.09498379425531914;0.08632497319148934;0.11573587723404255;0.13532924382978723;0.056237454255319126;0.1405075063829787;0.29266008468085103;0.18917586000000006;-0.3128472108510638;-0.3113513689361702;-0.20584721510638296;-0.22694388425531914;-0.3271940321276596;-0.304183264468085;-0.30549853553191475;-0.3132851602127661;-0.28380990531914896;-0.26550210595744683;-0.27967497;-0.25474279851063825;-0.2686823595744681;-0.31585933276595746;-0.3177893285106381;-0.2792647808510638;-0.3151331093617022;-0.27048350744680844;
0.12571900000000003;0.12871448000000002;0.14684954000000006;0.14798565;0.14036008000000003;0.14025425;0.14250305000000002;0.15293371;0.14749418;0.21847738;0.09870664999999998;0.17853781000000005;0.12999313999999998;0.13999638999999994;0.11337934;0.14014609;0.07463093999999998;0.14322604000000005;0.10353205;0.09714995;0.09188577000000002;0.09316650000000004;0.08480948000000003;0.10792449000000001;0.12795012000000003;0.05759881999999999;0.13726114;0.18917586000000006;0.27967176000000005;-0.2880837100000001;-0.28680641;-0.18567371000000008;-0.20390167000000003;-0.2931831199999999;-0.278641;-0.27976059;-0.2810995399999999;-0.25386201999999997;-0.23748924;-0.24631905000000007;-0.22804849999999996;-0.24006923999999996;-0.28386579;-0.28536426;-0.24614479999999997;-0.28339694;-0.23791530999999996;
-0.6303193436170214;-0.6514709372340424;-0.666554855531915;-0.6744503908510638;-0.655378655531915;-0.677162185957447;-0.6715911631914894;-0.6981672008510634;-0.6834150687234044;-0.6777819489361702;-0.29026954085106393;-0.7677832785106382;-0.6492689472340425;-0.6607080478723403;-0.5663186180851064;-0.6489687606382979;-0.48765965595744665;-0.5951789210638299;-0.557332315744681;-0.5598731444680852;-0.5471905031914895;-0.5382136353191489;-0.5105864214893618;-0.4274558440425531;-0.554007779787234;-0.40922787531914895;-0.5742263929787234;-0.3128472108510638;-0.2880837100000001;0.9890477910638297;0.9664408461702125;0.6212174863829787;0.6964248853191489;0.9929130576595746;0.9045663080851066;0.9257188119148935;0.9529828427659573;0.8654999291489359;0.8123780174468087;0.84769437;0.750445270638298;0.7844067344680852;0.974667365957447;0.9633401006382981;0.8308539210638297;0.9595575517021278;0.7976822268085106;
-0.6281905429787235;-0.6492830859574464;-0.6642857080851063;-0.6723860989361703;-0.6531241380851065;-0.6750828825531915;-0.6695258885106384;-0.6961489589361699;-0.6810403765957448;-0.6757093638297871;-0.28882589893617017;-0.7662234293617021;-0.6470032459574467;-0.6595868876595744;-0.5652221348936171;-0.6478225017021274;-0.4877984625531914;-0.5938993161702127;-0.5567333453191489;-0.5595397319148936;-0.5461659385106383;-0.5405984708510642;-0.5099251906382979;-0.4265563774468086;-0.5526525427659575;-0.40878137085106375;-0.5729383112765958;-0.3113513689361702;-0.28680641;0.9664408461702125;0.9823811297872338;0.6198047570212764;0.6924608508510641;0.9893255704255319;0.9204466448936172;0.904896415106383;0.9314339140425532;0.87263735106383;0.8121447231914894;0.8553162199999998;0.7494822317021275;0.792523941914894;0.9535934725531914;0.9679991917021279;0.8182551461702127;0.9652134078723404;0.7843569314893617;
-0.4692224617021276;-0.48172600340425525;-0.45644879319148923;-0.482436395106383;-0.45096542319148925;-0.4890488657446808;-0.4852821491489363;-0.484018705106383;-0.4852887723404256;-0.4531199636170212;-0.23518906510638293;-0.49106288106382984;-0.4522550934042554;-0.4108760272340425;-0.3570424285106382;-0.4038700138297874;-0.28370821574468075;-0.37736213638297883;-0.3316876444680851;-0.3341136668085107;-0.3253115791489362;-0.3245907919148937;-0.3058347089361703;-0.26135717425531924;-0.3491029987234043;-0.23489180191489367;-0.3696804478723404;-0.20584721510638296;-0.18567371000000008;0.6212174863829787;0.6198047570212764;0.5414820782978724;0.5151364219148936;0.7150400959574471;0.5845631085106383;0.5856580814893617;0.6467982465957449;0.6304136948936172;0.5999517546808513;0.61786884;0.5750562238297872;0.5734774968085106;0.663011225744681;0.6593288938297873;0.5846291963829787;0.6583262602127657;0.5610106408510637;
-0.5210215680851062;-0.5351591461702128;-0.5089348676595744;-0.5402676242553193;-0.5005565276595746;-0.5448732997872339;-0.5405171859574467;-0.5377937342553192;-0.5402766636170213;-0.498272014680851;-0.2589041742553191;-0.5310957425531916;-0.5026700161702129;-0.4431717293617022;-0.3846633104255319;-0.4356251531914894;-0.308650009787234;-0.404236675319149;-0.36166185872340434;-0.36377201234042555;-0.3552155559574469;-0.35294193659574474;-0.3343257074468086;-0.27899652021276594;-0.37707377893617017;-0.2511431365957448;-0.39525864489361706;-0.22694388425531914;-0.20390167000000003;0.6964248853191489;0.6924608508510641;0.5151364219148936;0.6194693165957448;0.7830322982978724;0.6537952304255319;0.6572763895744681;0.7238974938297872;0.6776881157446809;0.6380202272340427;0.6643635299999999;0.6029189031914896;0.6157897323404257;0.739122729787234;0.7370792531914894;0.668363605319149;0.7324080185106383;0.6385836640425533;
-0.7309026540425533;-0.7494047780851064;-0.7183543038297873;-0.7542235121276594;-0.7057776138297872;-0.7586911048936171;-0.7523991029787236;-0.7545994521276596;-0.7536708768085109;-0.7143004523404254;-0.3625646221276595;-0.7870621412765959;-0.7008388980851064;-0.6668705446808509;-0.5785058402127661;-0.6546162065957447;-0.481456044893617;-0.5994358076595745;-0.5516202193617021;-0.5550741561702127;-0.5400686629787235;-0.5386638482978724;-0.5071489187234044;-0.42063031510638305;-0.5566140544680852;-0.39485005829787234;-0.5808968674468086;-0.3271940321276596;-0.2931831199999999;0.9929130576595746;0.9893255704255319;0.7150400959574471;0.7830322982978724;1.1112447391489362;0.9449977902127658;0.947961529787234;1.0342889519148935;0.9858605978723404;0.9288585536170213;0.9671241700000001;0.8702238165957448;0.8992830361702128;1.058274364893617;1.0562163365957444;0.9285302376595744;1.0522682242553194;0.8863993170212766;
-0.6128311114893619;-0.6310300929787235;-0.6369488440425531;-0.6474900644680852;-0.6256116640425533;-0.6496355512765956;-0.6442862142553192;-0.6675745144680848;-0.6519773582978723;-0.6500053719148935;-0.2900268244680851;-0.7365147646808511;-0.6195337429787234;-0.6339300138297872;-0.5431540374468083;-0.6226373408510638;-0.4682904612765957;-0.5717463780851063;-0.5348161676595746;-0.5375559459574468;-0.5246323542553191;-0.5158336004255318;-0.4897856153191489;-0.4117403087234043;-0.5321736563829789;-0.393140610425532;-0.551424480638298;-0.304183264468085;-0.278641;0.9045663080851066;0.9204466448936172;0.5845631085106383;0.6537952304255319;0.9449977902127658;0.9275561374468086;0.9109893025531917;0.8819933070212767;0.8351196855319148;0.7758846365957447;0.81861556;0.7162354708510636;0.758749665957447;0.9033659312765959;0.917526530851064;0.7800057080851063;0.9152282089361703;0.7411963157446807;
-0.6146047585106382;-0.6328543370212767;-0.6388639259574469;-0.6492005055319149;-0.6275205359574471;-0.6513613087234041;-0.6460012957446808;-0.6692429955319147;-0.6539808217021277;-0.6517175880851062;-0.2912832155319148;-0.7376675453191488;-0.6214565370212765;-0.6347005061702125;-0.5439512025531914;-0.623438389148936;-0.4679131687234044;-0.5727222119148935;-0.5351165523404257;-0.5376022740425533;-0.5253450557446808;-0.5131789995744681;-0.4901726146808511;-0.4124300412765957;-0.5332404636170214;-0.3933827995744681;-0.5524201193617021;-0.30549853553191475;-0.27976059;0.9257188119148935;0.904896415106383;0.5856580814893617;0.6572763895744681;0.947961529787234;0.9109893025531917;0.9316019574468086;0.9021452329787235;0.8278628644680851;0.7757377434042555;0.8108917199999999;0.716836839148936;0.750589584042553;0.9230614487234045;0.9125471291489363;0.7917125319148934;0.90930955106383;0.753491824255319;
-0.6793678534042551;-0.6953746768085104;-0.6704037463829787;-0.7011478602127661;-0.6575575163829787;-0.7044870414893616;-0.6986948882978725;-0.7001651402127657;-0.7018672446808513;-0.6698542172340424;-0.34141724021276587;-0.7456495721276596;-0.6526922568085106;-0.6349202344680851;-0.5476815670212766;-0.6235959676595746;-0.4609958714893618;-0.5710240127659576;-0.5277019489361703;-0.5303813136170212;-0.5173613682978724;-0.5137710238297873;-0.48270016787234055;-0.40403913851063833;-0.5312084574468086;-0.37923201382978733;-0.5527383357446809;-0.3132851602127661;-0.2810995399999999;0.9529828427659573;0.9314339140425532;0.6467982465957449;0.7238974938297872;1.0342889519148935;0.8819933070212767;0.9021452329787235;1.0146133131914894;0.9058431097872343;0.8531989993617024;0.8880534;0.7908287576595745;0.8238378936170212;1.014995601489362;1.0231991376595748;0.8797696927659576;0.9968083204255318;0.8473914417021275;
-0.6522438351063831;-0.6677843702127658;-0.632924519574468;-0.671522255319149;-0.6212153495744679;-0.6755166972340427;-0.6699456174468085;-0.6660449453191488;-0.6672261070212766;-0.628890250851064;-0.32422078531914894;-0.7008615331914894;-0.617633400212766;-0.5952374917021275;-0.5130349655319149;-0.5842027614893615;-0.4351541572340426;-0.5333015591489362;-0.4959346434042554;-0.500445490425532;-0.48485860744680864;-0.48685123574468103;-0.4506707468085107;-0.3733921627659575;-0.49502234617021273;-0.3522988357446808;-0.5171683436170212;-0.28380990531914896;-0.25386201999999997;0.8654999291489359;0.87263735106383;0.6304136948936172;0.6776881157446809;0.9858605978723404;0.8351196855319148;0.8278628644680851;0.9058431097872343;0.9196855046808512;0.8472382640425534;0.88998972;0.7861190214893617;0.830199770425532;0.9295580872340429;0.9329430314893615;0.8042583791489362;0.932956940638298;0.7642747525531914;
-0.6171411853191491;-0.6318060606382979;-0.596183258723404;-0.6342683759574468;-0.5852622987234041;-0.6383274817021278;-0.6329981923404256;-0.6279563559574469;-0.6298844510638302;-0.5907997425531917;-0.30743640595744687;-0.6566242495744681;-0.582852100638298;-0.5565159751063831;-0.48095761659574476;-0.5440182944680851;-0.4066974317021276;-0.4980826674468086;-0.46436073021276614;-0.46813074127659593;-0.4546148923404257;-0.45543416723404256;-0.42431576042553204;-0.3479472382978725;-0.4596862185106384;-0.33186105723404263;-0.4839637208510639;-0.26550210595744683;-0.23748924;0.8123780174468087;0.8121447231914894;0.5999517546808513;0.6380202272340427;0.9288585536170213;0.7758846365957447;0.7757377434042555;0.8531989993617024;0.8472382640425534;0.8311987221276598;0.8317428100000002;0.7416625744680851;0.7748219412765958;0.8885334717021278;0.8719566544680851;0.7566473974468085;0.8855879719148936;0.7193529776595744;
-0.6439135200000001;-0.6593187999999999;-0.6239999400000001;-0.6623268700000003;-0.61265524;-0.66643685;-0.6609236999999999;-0.65650295;-0.6577594800000003;-0.6178385099999999;-0.3216056499999999;-0.68608664;-0.6087730200000001;-0.58171806;-0.5022622600000001;-0.5710877599999998;-0.42292746000000003;-0.52296845;-0.47315605;-0.4861785899999999;-0.4683369100000001;-0.47352576000000013;-0.4382819900000001;-0.36659801000000003;-0.48556226;-0.3434970200000001;-0.50737878;-0.27967497;-0.24631905000000007;0.84769437;0.8553162199999998;0.61786884;0.6643635299999999;0.9671241700000001;0.81861556;0.8108917199999999;0.8880534;0.88998972;0.8317428100000002;0.89531554;0.76551304;0.8224316600000001;0.9113049599999999;0.9151440000000001;0.7880920400000002;0.9152029800000001;0.74891291;
-0.582601056170213;-0.5964464823404257;-0.5596208653191491;-0.6031459485106382;-0.5495180853191489;-0.6079087195744681;-0.6030130619148937;-0.5897448185106383;-0.5983051672340426;-0.5555704893617022;-0.29389536851063836;-0.6032011751063829;-0.5478831423404256;-0.5044712587234043;-0.43859124085106377;-0.4952970163829786;-0.3600153395744681;-0.457861430638298;-0.4152572274468085;-0.418214634680851;-0.40636661191489365;-0.4066700631914894;-0.37570419489361706;-0.31442350042553185;-0.42556550787234043;-0.29734119319148933;-0.44592325978723407;-0.25474279851063825;-0.22804849999999996;0.750445270638298;0.7494822317021275;0.5750562238297872;0.6029189031914896;0.8702238165957448;0.7162354708510636;0.716836839148936;0.7908287576595745;0.7861190214893617;0.7416625744680851;0.76551304;0.7454228663829787;0.7122585346808512;0.8105607695744681;0.8073643063829788;0.7193829006382977;0.8057633170212766;0.6844737780851065;
-0.6036750831914893;-0.6172109863829787;-0.5815087272340425;-0.6198899095744681;-0.5706378372340426;-0.6236512670212766;-0.6186549634042556;-0.612004269574468;-0.6144831206382979;-0.575341255531915;-0.30993746957446805;-0.6330467357446807;-0.5648107863829785;-0.5350032910638297;-0.4621165659574469;-0.5252080346808511;-0.3854629170212765;-0.48213588446808503;-0.4401944721276596;-0.4377153327659575;-0.41246781340425526;-0.43308288234042547;-0.3991824642553193;-0.3380240929787235;-0.44534860510638313;-0.31274268234042557;-0.46858817851063816;-0.2686823595744681;-0.24006923999999996;0.7844067344680852;0.792523941914894;0.5734774968085106;0.6157897323404257;0.8992830361702128;0.758749665957447;0.750589584042553;0.8238378936170212;0.830199770425532;0.7748219412765958;0.8224316600000001;0.7122585346808512;0.8017697327659575;0.8452964470212766;0.8495222646808511;0.730507974468085;0.8497400491489362;0.6939512065957448;
-0.6965226442553193;-0.7139533985106381;-0.6892959129787233;-0.7194380627659578;-0.6767402929787236;-0.7229483293617023;-0.7169036678723406;-0.7224061527659573;-0.720382610851064;-0.688537794042553;-0.3439235627659575;-0.7697304176595745;-0.6705456485106382;-0.6564917480851065;-0.5668113412765959;-0.644334609574468;-0.47976992936170215;-0.5896265459574469;-0.5475923461702129;-0.5503777170212766;-0.5368738778723405;-0.5331638197872342;-0.5009546623404255;-0.41781904063829794;-0.5480450768085108;-0.3952790897872341;-0.5700852746808511;-0.31585933276595746;-0.28386579;0.974667365957447;0.9535934725531914;0.663011225744681;0.739122729787234;1.058274364893617;0.9033659312765959;0.9230614487234045;1.014995601489362;0.9295580872340429;0.8885334717021278;0.9113049599999999;0.8105607695744681;0.8452964470212766;1.058817629361702;1.024007679574468;0.8886973959574467;1.041416975531915;0.8547656121276596;
