CCC1=CC=C(C=C1)N=C1SC(=CC2=CC(NC3=CC=C(C=N3)C([O-])=O)=NC=C2)C(=O)N1C 1-9 1;0.914835;0.888268;0.88674;0.866667;0.829843;0.796089;0.779793;0.777215;0.766332;0.764411;0.731844;0.731302;0.730769;0.723757;0.723757;0.714674;0.694595;0.695418;0.692722;0.678771;0.673184;0.690909;0.68435;0.661247;0.665835;0.662005;0.482436;0.465957;0.255034;0.246637;0.21659;0.247807;0.203233;0.249458;0.212528;0.174419;0.199105;0.192394;0.181406;0.177273;0.195122;0.191111;0.197802;0.193407;0.187638;0.187638; 1.0;8.6989700043;1.0;1.0
CCC1=CC=C(C=C1)N=C1SC(=CC2=CC(NC3=CC=C(C=C3)C([O-])=O)=NC=C2)C(=O)N1C 4-87 0.914835;1;0.904348;0.958702;0.926254;0.868132;0.840708;0.815217;0.811671;0.8;0.7979;0.772861;0.766764;0.760807;0.769006;0.769006;0.753582;0.732194;0.728045;0.725212;0.716814;0.710914;0.726776;0.72067;0.692308;0.698953;0.595402;0.497561;0.479029;0.257541;0.251748;0.214797;0.25;0.203837;0.251685;0.213457;0.173913;0.196759;0.189815;0.181176;0.176887;0.195402;0.191244;0.200913;0.199085;0.190367;0.190367; 0.9347826086956522;8.2076083105;0.9782608695652174;1.0
CCC1=CC=C(C=C1)N=C1SC(=CC2=CC(NC3=NC=CC=C3)=NC=C2)C(=O)N1C 11-85 0.888268;0.904348;1;0.942598;0.975;0.910145;0.896226;0.848571;0.818681;0.816438;0.814208;0.823899;0.81677;0.809816;0.813665;0.813665;0.796353;0.768072;0.768769;0.771084;0.764151;0.757862;0.750716;0.755162;0.736364;0.730028;0.568765;0.524422;0.495392;0.225882;0.219858;0.216958;0.244706;0.208543;0.246512;0.215496;0.177215;0.203883;0.193705;0.184729;0.180247;0.199519;0.195181;0.193853;0.191943;0.185714;0.185714; 0.782608695652174;6.6575773192;0.9565217391304348;1.0
CCC1=CC=C(C=C1)N=C1SC(=CC2=CC(NC3=CC=C(CO)C=C3)=NC=C2)C(=O)N1C 8-86 0.88674;0.958702;0.942598;1;0.966154;0.902857;0.876923;0.842254;0.822888;0.815718;0.813514;0.806154;0.799392;0.792793;0.801829;0.801829;0.779762;0.752212;0.752941;0.755162;0.747692;0.741538;0.745763;0.739884;0.721068;0.720867;0.570439;0.515152;0.494305;0.236534;0.230588;0.210269;0.237875;0.20197;0.239726;0.209026;0.171216;0.194774;0.187648;0.178744;0.174334;0.193396;0.189125;0.196262;0.194379;0.188235;0.188235; 0.8478260869565217;6.8860566477;0.9347826086956522;1.0
CCC1=CC=C(C=C1)N=C1SC(=CC2=CC(NC3=CC=CC=C3)=NC=C2)C(=O)N1C 18-84 0.866667;0.926254;0.975;0.966154;1;0.920821;0.907643;0.858382;0.822715;0.820442;0.818182;0.834395;0.821317;0.814241;0.823899;0.823899;0.806154;0.777439;0.778116;0.780488;0.773885;0.767516;0.75942;0.764179;0.745399;0.738162;0.552204;0.521964;0.493056;0.225118;0.219048;0.21608;0.241135;0.207595;0.242991;0.214634;0.17602;0.2;0.192683;0.183623;0.179104;0.198547;0.194175;0.195704;0.19378;0.1875;0.1875; 0.6304347826086957;6.2218487496;0.9130434782608696;1.0
CCC1=CC=C(C=C1)N=C1SC(=CC2=CC(NC3=CC=C(C=C3)C3=NN=N[N-]3)=NC=C2)C(=O)N1C 7-88 0.829843;0.868132;0.910145;0.902857;0.920821;1;0.835777;0.810811;0.788512;0.786458;0.779793;0.768328;0.767442;0.761494;0.75942;0.75942;0.744318;0.71831;0.719101;0.721127;0.71261;0.706745;0.708895;0.711911;0.693182;0.686528;0.546667;0.506112;0.486726;0.227991;0.222222;0.216667;0.243243;0.208633;0.244989;0.215278;0.178744;0.204176;0.194444;0.185882;0.181604;0.202765;0.198614;0.197279;0.195455;0.19222;0.189498; 0.8695652173913043;7.6020599913;0.8913043478260869;1.0
CCC1=CC=C(C=C1)N=C1SC(=CC2=CC(N)=NC=C2)C(=O)N1C 10-79 0.796089;0.840708;0.896226;0.876923;0.907643;0.835777;1;0.866261;0.828488;0.826087;0.823699;0.919298;0.903448;0.888136;0.906574;0.906574;0.885135;0.852843;0.853333;0.856187;0.852632;0.845614;0.829114;0.830619;0.818182;0.80303;0.498829;0.559889;0.520988;0.21393;0.210526;0.206897;0.233831;0.197861;0.232843;0.205656;0.173913;0.196382;0.18863;0.175853;0.174142;0.191816;0.190231;0.188917;0.186869;0.180203;0.180203; 0.8043478260869565;6.721246399;0.8695652173913043;1.0
CCC1=CC=C(C=C1)N=C1SC(=CC2=CC(NC(=O)CC[NH3+])=NC=C2)C(=O)N1C 9-80 0.779793;0.815217;0.848571;0.842254;0.858382;0.810811;0.866261;1;0.933908;0.931232;0.934097;0.796353;0.784431;0.783383;0.786787;0.786787;0.770588;0.753666;0.749271;0.746356;0.738602;0.732523;0.73743;0.731429;0.71261;0.727027;0.52;0.521411;0.503417;0.225806;0.222738;0.220049;0.241379;0.205882;0.240363;0.218527;0.178218;0.201422;0.194313;0.182692;0.178313;0.20283;0.204276;0.194444;0.192575;0.189252;0.189252; 0.8260869565217391;6.721246399;0.8478260869565217;1.0
CCC1=CC=C(C=C1)N=C1SC(=CC2=CC(NC(=O)CC([O-])=O)=NC=C2)C(=O)N1C 3-81 0.777215;0.811671;0.818681;0.822888;0.822715;0.788512;0.828488;0.933908;1;0.924581;0.932773;0.761628;0.750716;0.75;0.752874;0.752874;0.742938;0.72191;0.727528;0.719888;0.706395;0.700581;0.716981;0.71547;0.682584;0.703125;0.526201;0.509756;0.496674;0.237557;0.231818;0.22381;0.241611;0.204276;0.243363;0.21659;0.177458;0.2;0.193103;0.184579;0.17757;0.201373;0.202765;0.195946;0.194131;0.188209;0.188209; 0.9565217391304348;8.2218487496;0.8260869565217391;1.0
CCC1=CC=C(C=C1)N=C1SC(=CC2=CC(NC(=O)CCC([O-])=O)=NC=C2)C(=O)N1C 2-82 0.766332;0.8;0.816438;0.815718;0.820442;0.786458;0.826087;0.931232;0.924581;1;0.941011;0.75942;0.753582;0.752841;0.750716;0.750716;0.735955;0.719888;0.72067;0.713092;0.704348;0.698551;0.715054;0.708791;0.680672;0.701299;0.525054;0.512195;0.498891;0.225951;0.222973;0.211765;0.230088;0.195294;0.229258;0.207763;0.168646;0.191344;0.189931;0.17321;0.168981;0.192744;0.194064;0.184855;0.185682;0.179775;0.182432; 0.9782608695652174;8.3979400087;0.8043478260869565;1.0
CCC1=CC=C(C=C1)N=C1SC(=CC2=CC(NC(=O)CCCC([O-])=O)=NC=C2)C(=O)N1C 5-83 0.764411;0.7979;0.814208;0.813514;0.818182;0.779793;0.823699;0.934097;0.932773;0.941011;1;0.757225;0.751429;0.750708;0.748571;0.748571;0.733894;0.722689;0.718663;0.711111;0.702312;0.696532;0.708556;0.702186;0.678771;0.717277;0.527233;0.514634;0.511161;0.228188;0.225225;0.214118;0.232301;0.197647;0.231441;0.212815;0.171021;0.193622;0.19222;0.17552;0.171296;0.195011;0.196347;0.187082;0.187919;0.182022;0.184685; 0.9130434782608696;8.2076083105;0.782608695652174;1.0
CCC1=CC=C(C=C1)N=C1SC(=CC2=CC=NC=C2)C(=O)N1C 15-8 0.731844;0.772861;0.823899;0.806154;0.834395;0.768328;0.919298;0.796353;0.761628;0.75942;0.757225;1;0.981273;0.963235;0.984962;0.984962;0.959707;0.916968;0.910394;0.913669;0.927481;0.919847;0.894198;0.891228;0.886861;0.845161;0.472554;0.529915;0.493703;0.195373;0.194805;0.186813;0.215938;0.177285;0.212121;0.183024;0.155367;0.179625;0.171582;0.158038;0.153005;0.175066;0.173333;0.172324;0.170157;0.163158;0.163158; 0.6956521739130435;6.408935393;0.7608695652173914;1.0
CCCC1=CC=C(C=C1)N=C1SC(=CC2=CC=NC=C2)C(=O)N1C 22-65 0.731302;0.766764;0.81677;0.799392;0.821317;0.767442;0.903448;0.784431;0.750716;0.753582;0.751429;0.981273;1;0.981618;0.96679;0.96679;0.942446;0.900709;0.894366;0.897527;0.910112;0.902622;0.879195;0.875862;0.870968;0.83758;0.480952;0.539773;0.502513;0.19898;0.198454;0.190736;0.225641;0.181319;0.221662;0.186842;0.159664;0.183511;0.178667;0.162162;0.157182;0.178947;0.177249;0.176166;0.174026;0.167102;0.167102; 0.5434782608695652;5.721246399;0.7391304347826086;1.0
CCCCC1=CC=C(C=C1)N=C1SC(=CC2=CC=NC=C2)C(=O)N1C 25-67 0.730769;0.760807;0.809816;0.792793;0.814241;0.761494;0.888136;0.783383;0.75;0.752841;0.750708;0.963235;0.981618;1;0.949275;0.949275;0.925795;0.885017;0.891986;0.895105;0.893382;0.886029;0.864686;0.861017;0.855634;0.830189;0.485782;0.536517;0.515075;0.199495;0.195929;0.191375;0.222785;0.178862;0.221945;0.184416;0.157459;0.184211;0.176316;0.163102;0.158177;0.179688;0.181102;0.176923;0.171795;0.164948;0.164948; 0.4782608695652174;5.4814860601;0.7173913043478262;1.0
CC(C)C1=CC=C(C=C1)N=C1SC(=CC2=CC=NC=C2)C(=O)N1C 19-66 0.723757;0.769006;0.813665;0.801829;0.823899;0.75942;0.906574;0.786787;0.752874;0.750716;0.748571;0.984962;0.96679;0.949275;1;1;0.945848;0.903915;0.897527;0.900709;0.913534;0.906015;0.882155;0.885417;0.874101;0.840256;0.468085;0.523944;0.503778;0.196429;0.195876;0.184783;0.21374;0.175342;0.21;0.181102;0.153631;0.177719;0.169761;0.159459;0.151351;0.173228;0.171504;0.173575;0.171429;0.164491;0.164491; 0.6086956521739131;6.1079053973;0.6956521739130435;1.0
CN1C(SC(=CC2=CC=NC=C2)C1=O)=NC1=CC=C(C=C1)C(C)(C)C 21-68 0.723757;0.769006;0.813665;0.801829;0.823899;0.75942;0.906574;0.786787;0.752874;0.750716;0.748571;0.984962;0.96679;0.949275;1;1;0.945848;0.903915;0.897527;0.900709;0.913534;0.906015;0.882155;0.885417;0.874101;0.840256;0.468085;0.523944;0.503778;0.196429;0.195876;0.184783;0.21374;0.175342;0.21;0.181102;0.153631;0.177719;0.169761;0.159459;0.151351;0.173228;0.171504;0.173575;0.171429;0.164491;0.164491; 0.5652173913043479;5.7958800173;0.6739130434782609;1.0
CCN1C(SC(=CC2=CC=NC=C2)C1=O)=NC1=CC=C(CC)C=C1 14-76 0.714674;0.753582;0.796353;0.779762;0.806154;0.744318;0.885135;0.770588;0.742938;0.735955;0.733894;0.959707;0.942446;0.925795;0.945848;0.945848;1;0.881944;0.875862;0.878893;0.89011;0.882784;0.931741;0.858108;0.852632;0.880645;0.46729;0.518006;0.487685;0.19;0.189394;0.181333;0.21;0.172043;0.206388;0.177835;0.150685;0.174479;0.166667;0.153439;0.148541;0.170103;0.168394;0.167513;0.165394;0.158568;0.158568; 0.7173913043478262;6.4202164034;0.6521739130434783;1.0
CN1C(SC(=CC2=CC=NC=C2)C1=O)=NC1=CC=C(C=C1)C(F)(F)F 13-69 0.694595;0.732194;0.768072;0.752212;0.777439;0.71831;0.852843;0.753666;0.72191;0.719888;0.722689;0.916968;0.900709;0.885017;0.903915;0.903915;0.881944;1;0.85567;0.891228;0.903346;0.841155;0.824675;0.832215;0.871429;0.781538;0.451163;0.494505;0.463415;0.188917;0.188295;0.186486;0.212121;0.177112;0.205446;0.214477;0.155556;0.17942;0.174603;0.15508;0.153226;0.17801;0.173228;0.178295;0.176166;0.172324;0.172324; 0.7391304347826086;6.4317982759;0.6304347826086957;1.0
CCC1=CC(=CC=C1)N=C1SC(=CC2=CC=NC=C2)C(=O)N1C 28-63 0.695418;0.728045;0.768769;0.752941;0.778116;0.719101;0.853333;0.749271;0.727528;0.72067;0.718663;0.910394;0.894366;0.891986;0.897527;0.897527;0.875862;0.85567;1;0.939068;0.896679;0.835125;0.825243;0.863946;0.858657;0.787692;0.452436;0.49589;0.471883;0.190955;0.184343;0.179144;0.201995;0.166667;0.204433;0.178756;0.145205;0.172324;0.161458;0.148148;0.146277;0.170984;0.166234;0.168367;0.163265;0.159383;0.159383; 0.4130434782608695;5.30980392;0.6086956521739131;1.0
CN1C(SC(=CC2=CC=NC=C2)C1=O)=NC1=CC=C(C)C(C)=C1 23-7 0.692722;0.725212;0.771084;0.755162;0.780488;0.721127;0.856187;0.746356;0.719888;0.713092;0.711111;0.913669;0.897527;0.895105;0.900709;0.900709;0.878893;0.891228;0.939068;1;0.9;0.838129;0.827922;0.829431;0.861702;0.790123;0.450116;0.497253;0.473039;0.188442;0.181818;0.179625;0.208543;0.17027;0.210918;0.179221;0.14876;0.175853;0.164921;0.148541;0.149733;0.171429;0.169713;0.171795;0.166667;0.159794;0.159794; 0.5217391304347826;5.6989700043;0.5869565217391304;1.0
CN1C(SC(=CC2=CC=NC=C2)C1=O)=NC1=CC=CC=C1 32-93 0.678771;0.716814;0.764151;0.747692;0.773885;0.71261;0.852632;0.738602;0.706395;0.704348;0.702312;0.927481;0.910112;0.893382;0.913534;0.913534;0.89011;0.903346;0.896679;0.9;1;0.847328;0.829352;0.877256;0.952941;0.783871;0.427208;0.475783;0.445844;0.173684;0.172872;0.169972;0.194737;0.16;0.188144;0.166667;0.143695;0.166205;0.161111;0.143662;0.141643;0.161644;0.15978;0.162162;0.159892;0.152589;0.152589; 0.32608695652173914;5.0457574906;0.5652173913043479;1.0
CCC1=CC=C(C=C1)N=C1NC(=O)C(S1)=CC1=CC=NC=C1 16-75 0.673184;0.710914;0.757862;0.741538;0.767516;0.706745;0.845614;0.732523;0.700581;0.698551;0.696532;0.919847;0.902622;0.886029;0.906015;0.906015;0.882784;0.841155;0.835125;0.838129;0.847328;1;0.822526;0.817544;0.810219;0.777419;0.432692;0.482759;0.451777;0.2;0.199454;0.194767;0.218329;0.184751;0.217507;0.190476;0.165165;0.186969;0.17847;0.16763;0.162319;0.182073;0.180282;0.179063;0.176796;0.172702;0.172702; 0.6739130434782609;6.3665315444;0.5434782608695652;1.0
CCC1=CC=C(C=C1)N=C1SC(=CC2=CC=NC=C2)C(=O)N1CCOC 17-77 0.690909;0.726776;0.750716;0.745763;0.75942;0.708895;0.829114;0.73743;0.716981;0.715054;0.708556;0.894198;0.879195;0.864686;0.882155;0.882155;0.931741;0.824675;0.825243;0.827922;0.829352;0.822526;1;0.803797;0.796721;0.838415;0.462754;0.498681;0.475177;0.198068;0.197561;0.184143;0.214458;0.175258;0.2109;0.183623;0.154856;0.1775;0.17;0.15736;0.152672;0.173267;0.174564;0.176471;0.174447;0.167901;0.167901; 0.6521739130434783;6.3187587626;0.5217391304347826;1.0
CCC1=CC=CC=C1N=C1SC(=CC2=CC=NC=C2)C(=O)N1C 39-64 0.68435;0.72067;0.755162;0.739884;0.764179;0.711911;0.830619;0.731429;0.71547;0.708791;0.702186;0.891228;0.875862;0.861017;0.885417;0.885417;0.858108;0.832215;0.863946;0.829431;0.877256;0.817544;0.803797;1;0.84083;0.768072;0.446224;0.483871;0.461538;0.188119;0.1875;0.17942;0.210918;0.167109;0.20438;0.173028;0.145946;0.169666;0.161954;0.151832;0.146982;0.168367;0.166667;0.162907;0.160804;0.156962;0.156962; 0.17391304347826086;4.2839966564;0.5;1.0
CN1C(SC(=CC2=CC=NC=C2)C1=O)=NC1=CC=C(Br)C=C1 12-70 0.661247;0.692308;0.736364;0.721068;0.745399;0.693182;0.818182;0.71261;0.682584;0.680672;0.678771;0.886861;0.870968;0.855634;0.874101;0.874101;0.852632;0.871429;0.858657;0.861702;0.952941;0.810219;0.796721;0.84083;1;0.754658;0.428571;0.472222;0.44335;0.171355;0.167526;0.164384;0.188776;0.154696;0.185464;0.164456;0.13881;0.160858;0.178082;0.138965;0.14011;0.156499;0.154667;0.157068;0.154856;0.147757;0.147757; 0.7608695652173914;6.5228787453;0.4782608695652174;1.0
CCC1=CC=C(C=C1)N=C1SC(=CC2=CC=NC=C2)C(=O)N1CC1CCCCC1 43-78 0.665835;0.698953;0.730028;0.720867;0.738162;0.686528;0.80303;0.727027;0.703125;0.701299;0.717277;0.845161;0.83758;0.830189;0.840256;0.840256;0.880645;0.781538;0.787692;0.790123;0.783871;0.777419;0.838415;0.768072;0.754658;1;0.481069;0.527415;0.53717;0.184758;0.181395;0.176471;0.197701;0.162162;0.197279;0.167849;0.1425;0.167464;0.160287;0.148058;0.143552;0.163507;0.164678;0.158508;0.156542;0.150235;0.150235; 0.08695652173913049;3.6989700043;0.4565217391304348;1.0
CCC1=CC=C(C=C1)N=C1SC(CC2=CC(NC3=NC=C(C=C3)C([O-])=O)=NC=C2)C(=O)N1C 6-92 0.662005;0.595402;0.568765;0.570439;0.552204;0.546667;0.498829;0.52;0.526201;0.525054;0.527233;0.472554;0.480952;0.485782;0.468085;0.468085;0.46729;0.451163;0.452436;0.450116;0.427208;0.432692;0.462754;0.446224;0.428571;0.481069;1;0.774648;0.693827;0.237251;0.231626;0.212471;0.233115;0.199074;0.234914;0.203125;0.167442;0.195067;0.188341;0.171946;0.170455;0.18847;0.189732;0.17316;0.171367;0.175824;0.175824; 0.8913043478260869;7.6197887583;0.4347826086956522;1.0
CCC1=CC=C(C=C1)N=C1SC(CC2=CC(N)=NC=C2)C(=O)N1C 20-91 0.482436;0.497561;0.524422;0.515152;0.521964;0.506112;0.559889;0.521411;0.509756;0.512195;0.514634;0.529915;0.539773;0.536517;0.523944;0.523944;0.518006;0.494505;0.49589;0.497253;0.475783;0.482759;0.498681;0.483871;0.472222;0.527415;0.774648;1;0.830816;0.189055;0.188442;0.196237;0.218045;0.190217;0.217284;0.192208;0.162534;0.185864;0.17801;0.161804;0.163102;0.178295;0.182768;0.160804;0.15869;0.163683;0.163683; 0.5869565217391304;5.8894102897;0.4130434782608695;1.0
CCC1=CC=C(C=C1)N=C1SC2(CC2C2=CC(N)=NC=C2)C(=O)N1C 41-89 0.465957;0.479029;0.495392;0.494305;0.493056;0.486726;0.520988;0.503417;0.496674;0.498891;0.511161;0.493703;0.502513;0.515075;0.503778;0.503778;0.487685;0.463415;0.471883;0.473039;0.445844;0.451777;0.475177;0.461538;0.44335;0.53717;0.693827;0.830816;1;0.184035;0.180804;0.178824;0.201774;0.170616;0.203947;0.175799;0.146283;0.17552;0.163218;0.154206;0.149883;0.16895;0.172811;0.158837;0.154362;0.15873;0.156109; 0.13043478260869568;4.1191864077;0.3913043478260869;1.0
[O-]C(=O)C1=CC2=C(NC(=O)N2C2=NC3=CC=CC=C3N2)C=C1 27-45 0.255034;0.257541;0.225882;0.236534;0.225118;0.227991;0.21393;0.225806;0.237557;0.225951;0.228188;0.195373;0.19898;0.199495;0.196429;0.196429;0.19;0.188917;0.190955;0.188442;0.173684;0.2;0.198068;0.188119;0.171355;0.184758;0.237251;0.189055;0.184035;1;0.909524;0.751174;0.732218;0.776699;0.783898;0.712389;0.724138;0.635193;0.643478;0.694444;0.712264;0.627119;0.635193;0.631799;0.623431;0.643777;0.636752; 0.4347826086956522;5.4559319556;0.3695652173913043;1.0
[O-]C(=O)C1=CC2=C(C=C1)N(C(=O)N2)C1=NC2=CC=CC=C2N1 26-46 0.246637;0.251748;0.219858;0.230588;0.219048;0.222222;0.210526;0.222738;0.231818;0.222973;0.225225;0.194805;0.198454;0.195929;0.195876;0.195876;0.189394;0.188295;0.184343;0.181818;0.172872;0.199454;0.197561;0.1875;0.167526;0.181395;0.231626;0.188442;0.180804;0.909524;1;0.760766;0.79386;0.79602;0.726141;0.720721;0.742424;0.649123;0.650442;0.694836;0.696682;0.640693;0.649123;0.652361;0.643777;0.665198;0.657895; 0.4565217391304348;5.4559319556;0.34782608695652173;1.0
CC1=C2N=C(NC2=CC=C1)N1C(=O)NC2=C1C=CC=C2 35-33 0.21659;0.214797;0.216958;0.210269;0.21608;0.216667;0.206897;0.220049;0.22381;0.211765;0.214118;0.186813;0.190736;0.191375;0.184783;0.184783;0.181333;0.186486;0.179144;0.179625;0.169972;0.194767;0.184143;0.17942;0.164384;0.176471;0.212471;0.196237;0.178824;0.751174;0.760766;1;0.70852;0.924855;0.694323;0.824742;0.864706;0.748744;0.760204;0.809783;0.803279;0.737624;0.757576;0.724638;0.714976;0.732673;0.732673; 0.26086956521739135;4.8538719643;0.32608695652173914;1.0
CNC(=O)C1=CC2=C(C=C1)N(C(=O)N2)C1=NC2=CC=CC=C2N1 38-48 0.247807;0.25;0.244706;0.237875;0.241135;0.243243;0.233831;0.241379;0.241611;0.230088;0.232301;0.215938;0.225641;0.222785;0.21374;0.21374;0.21;0.212121;0.201995;0.208543;0.194737;0.218329;0.214458;0.210918;0.188776;0.197701;0.233115;0.218045;0.201774;0.732218;0.79386;0.70852;1;0.747664;0.906667;0.688034;0.696682;0.627615;0.615063;0.654867;0.65625;0.613169;0.620833;0.62449;0.603239;0.615702;0.615702; 0.19565217391304346;4.3010299957;0.30434782608695654;1.0
CC1=CC=C2NC(=NC2=C1)N1C(=O)NC2=C1C=CC=C2 30-34 0.203233;0.203837;0.208543;0.20197;0.207595;0.208633;0.197861;0.205882;0.204276;0.195294;0.197647;0.177285;0.181319;0.178862;0.175342;0.175342;0.172043;0.177112;0.166667;0.17027;0.16;0.184751;0.175258;0.167109;0.154696;0.162162;0.199074;0.190217;0.170616;0.776699;0.79602;0.924855;0.747664;1;0.723982;0.88587;0.90184;0.766839;0.769634;0.831461;0.835227;0.755102;0.766839;0.741294;0.731343;0.75;0.75; 0.3695652173913043;5.1079053973;0.28260869565217395;1.0
CNC(=O)C1=CC2=C(NC(=O)N2C2=NC3=CC=CC=C3N2)C=C1 33-47 0.249458;0.251685;0.246512;0.239726;0.242991;0.244989;0.232843;0.240363;0.243363;0.229258;0.231441;0.212121;0.221662;0.221945;0.21;0.21;0.206388;0.205446;0.204433;0.210918;0.188144;0.217507;0.2109;0.20438;0.185464;0.197279;0.234914;0.217284;0.203947;0.783898;0.726141;0.694323;0.906667;0.723982;1;0.675;0.674312;0.609756;0.604082;0.649351;0.665198;0.596;0.603239;0.600791;0.580392;0.592;0.592; 0.30434782608695654;4.9586073148;0.26086956521739135;1.0
FC(F)(F)C1=CC=C2NC(=NC2=C1)N1C(=O)NC2=C1C=CC=C2 40-36 0.212528;0.213457;0.215496;0.209026;0.214634;0.215278;0.205656;0.218527;0.21659;0.207763;0.212815;0.183024;0.186842;0.184416;0.181102;0.181102;0.177835;0.214477;0.178756;0.179221;0.166667;0.190476;0.183623;0.173028;0.164456;0.167849;0.203125;0.192208;0.175799;0.712389;0.720721;0.824742;0.688034;0.88587;0.675;1;0.798913;0.691589;0.701422;0.752525;0.755102;0.682028;0.699531;0.686364;0.677273;0.700935;0.700935; 0.15217391304347827;4.15490196;0.23913043478260865;1.0
O=C1NC2=CC=CC=C2N1C1=NC2=CC=CC=C2N1 29-5 0.174419;0.173913;0.177215;0.171216;0.17602;0.178744;0.173913;0.178218;0.177458;0.168646;0.171021;0.155367;0.159664;0.157459;0.153631;0.153631;0.150685;0.155556;0.145205;0.14876;0.143695;0.165165;0.154856;0.145946;0.13881;0.1425;0.167442;0.162534;0.146283;0.724138;0.742424;0.864706;0.696682;0.90184;0.674312;0.798913;1;0.825843;0.84;0.90184;0.91875;0.812155;0.825843;0.786096;0.794595;0.816667;0.816667; 0.3913043478260869;5.15490196;0.21739130434782605;1.0
ClC1=C(Cl)C=C2N=C(NC2=C1)N1C(=O)NC2=C1C=CC=C2 45-37 0.199105;0.196759;0.203883;0.194774;0.2;0.204176;0.196382;0.201422;0.2;0.191344;0.193622;0.179625;0.183511;0.184211;0.177719;0.177719;0.174479;0.17942;0.172324;0.175853;0.166205;0.186969;0.1775;0.169666;0.160858;0.167464;0.195067;0.185864;0.17552;0.635193;0.649123;0.748744;0.627615;0.766839;0.609756;0.691589;0.825843;1;0.738916;0.757732;0.769634;0.909574;0.924324;0.682028;0.688372;0.704762;0.704762; 0.04347826086956519;2.0;0.19565217391304346;1.0
BrC1=CC=C2NC(=NC2=C1)N1C(=O)NC2=C1C=CC=C2 31-35 0.192394;0.189815;0.193705;0.187648;0.192683;0.194444;0.18863;0.194313;0.193103;0.189931;0.19222;0.171582;0.178667;0.176316;0.169761;0.169761;0.166667;0.174603;0.161458;0.164921;0.161111;0.17847;0.17;0.161954;0.178082;0.160287;0.188341;0.17801;0.163218;0.643478;0.650442;0.760204;0.615063;0.769634;0.604082;0.701422;0.84;0.738916;1;0.778947;0.791444;0.728155;0.738916;0.699531;0.698113;0.706731;0.706731; 0.34782608695652173;5.0457574906;0.17391304347826086;1.0
CN1C(=NC2=CC=CC=C12)N1C(=O)NC2=CC=CC=C12 44-51 0.181406;0.181176;0.184729;0.178744;0.183623;0.185882;0.175853;0.182692;0.184579;0.17321;0.17552;0.158038;0.162162;0.163102;0.159459;0.159459;0.153439;0.15508;0.148148;0.148541;0.143662;0.16763;0.15736;0.151832;0.138965;0.148058;0.171946;0.161804;0.154206;0.694444;0.694836;0.809783;0.654867;0.831461;0.649351;0.752525;0.90184;0.757732;0.778947;1;0.877907;0.746193;0.757732;0.741294;0.74;0.75;0.75; 0.06521739130434778;2.0;0.15217391304347827;1.0
CN1C(=O)N(C2=NC3=CC=CC=C3N2)C2=CC=CC=C12 47-52 0.177273;0.176887;0.180247;0.174334;0.179104;0.181604;0.174142;0.178313;0.17757;0.168981;0.171296;0.153005;0.157182;0.158177;0.151351;0.151351;0.148541;0.153226;0.146277;0.149733;0.141643;0.162319;0.152672;0.146982;0.14011;0.143552;0.170455;0.163102;0.149883;0.712264;0.696682;0.803279;0.65625;0.835227;0.665198;0.755102;0.91875;0.769634;0.791444;0.877907;1;0.757732;0.769634;0.743719;0.742424;0.761658;0.761658; 0.0;2.0;0.13043478260869568;1.0
ClC1=CC2=C(NC(=O)N2C2=NC3=CC=CC=C3N2)C=C1 37-39 0.195122;0.195402;0.199519;0.193396;0.198547;0.202765;0.191816;0.20283;0.201373;0.192744;0.195011;0.175066;0.178947;0.179688;0.173228;0.173228;0.170103;0.17801;0.170984;0.171429;0.161644;0.182073;0.173267;0.168367;0.156499;0.163507;0.18847;0.178295;0.16895;0.627119;0.640693;0.737624;0.613169;0.755102;0.596;0.682028;0.812155;0.909574;0.728155;0.746193;0.757732;1;0.951087;0.665158;0.671233;0.686916;0.686916; 0.21739130434782605;4.638272164;0.10869565217391308;1.0
ClC1=CC2=C(C=C1)N(C(=O)N2)C1=NC2=CC=CC=C2N1 42-41 0.191111;0.191244;0.195181;0.189125;0.194175;0.198614;0.190231;0.204276;0.202765;0.194064;0.196347;0.173333;0.177249;0.181102;0.171504;0.171504;0.168394;0.173228;0.166234;0.169713;0.15978;0.180282;0.174564;0.166667;0.154667;0.164678;0.189732;0.182768;0.172811;0.635193;0.649123;0.757576;0.620833;0.766839;0.603239;0.699531;0.825843;0.924324;0.738916;0.757732;0.769634;0.951087;1;0.674312;0.680556;0.696682;0.696682; 0.10869565217391308;3.6989700043;0.08695652173913049;1.0
OC1=CC=CC2=C1N(C(=O)N2)C1=NC2=CC=CC=C2N1 46-38 0.197802;0.200913;0.193853;0.196262;0.195704;0.197279;0.188917;0.194444;0.195946;0.184855;0.187082;0.172324;0.176166;0.176923;0.173575;0.173575;0.167513;0.178295;0.168367;0.171795;0.162162;0.179063;0.176471;0.162907;0.157068;0.158508;0.17316;0.160804;0.158837;0.631799;0.652361;0.724638;0.62449;0.741294;0.600791;0.686364;0.786096;0.682028;0.699531;0.741294;0.743719;0.665158;0.674312;1;0.917526;0.862944;0.853535; 0.021739130434782594;2.0;0.06521739130434778;1.0
OC1=CC=CC2=C1NC(=O)N2C1=NC2=CC=CC=C2N1 36-42 0.193407;0.199085;0.191943;0.194379;0.19378;0.195455;0.186869;0.192575;0.194131;0.185682;0.187919;0.170157;0.174026;0.171795;0.171429;0.171429;0.165394;0.176166;0.163265;0.166667;0.159892;0.176796;0.174447;0.160804;0.154856;0.156542;0.171367;0.15869;0.154362;0.623431;0.643777;0.714976;0.603239;0.731343;0.580392;0.677273;0.794595;0.688372;0.698113;0.74;0.742424;0.671233;0.680556;0.917526;1;0.862245;0.901042; 0.23913043478260865;4.6777807053;0.04347826086956519;1.0
OC1=CC=C2N(C(=O)NC2=C1)C1=NC2=CC=CC=C2N1 24-6 0.187638;0.190367;0.185714;0.188235;0.1875;0.19222;0.180203;0.189252;0.188209;0.179775;0.182022;0.163158;0.167102;0.164948;0.164491;0.164491;0.158568;0.172324;0.159383;0.159794;0.152589;0.172702;0.167901;0.156962;0.147757;0.150235;0.175824;0.163683;0.15873;0.643777;0.665198;0.732673;0.615702;0.75;0.592;0.700935;0.816667;0.704762;0.706731;0.75;0.761658;0.686916;0.696682;0.862944;0.862245;1;0.956522; 0.5;5.638272164;0.021739130434782594;1.0
OC1=CC2=C(NC(=O)N2C2=NC3=CC=CC=C3N2)C=C1 34-40 0.187638;0.190367;0.185714;0.188235;0.1875;0.189498;0.180203;0.189252;0.188209;0.182432;0.184685;0.163158;0.167102;0.164948;0.164491;0.164491;0.158568;0.172324;0.159383;0.159794;0.152589;0.172702;0.167901;0.156962;0.147757;0.150235;0.175824;0.163683;0.156109;0.636752;0.657895;0.732673;0.615702;0.75;0.592;0.700935;0.816667;0.704762;0.706731;0.75;0.761658;0.686916;0.696682;0.853535;0.901042;0.956522;1; 0.28260869565217395;4.920818754;0.0;1.0
