5000
1827.9838000000968;-39.99220000000064;64.04599999999971;-21.84600000000088;182.55220000000185;178.75539999998662;3.150199999999341;114.43240000000205;-114.43240000000203;-10.4100000000004;0.0;0.0;0.0;-20.280000000000406;5.7065999999998915;-280.9025999999957;17.5700000000013;12.986000000001999;0.0;0.0;0.0;0.0;0.0;0.0;0.0;0.0;0.0;0.0;0.0;0.0;0.0;0.0;0.0;0.0;
-39.99220000000064;397.5518000000126;15.125999999999625;-131.92600000000644;-27.191800000008485;-46.25260000000185;-83.55380000000089;-22.615599999998704;22.61559999999869;-4.210000000000893;0.0;0.0;0.0;-10.679999999999763;-79.52540000000101;28.249400000000577;-72.82999999999953;-17.733999999999916;0.0;0.0;0.0;0.0;0.0;0.0;0.0;0.0;0.0;0.0;0.0;0.0;0.0;0.0;0.0;0.0;
64.04599999999971;15.125999999999625;1319.8200000000245;1004.1799999999471;-125.92600000000192;-172.18200000000414;-648.2660000000227;-73.09200000000003;73.09200000000003;-12.699999999999397;0.0;0.0;0.0;73.4000000000011;-11.277999999998743;-791.0419999999767;9.900000000001281;-14.380000000001186;0.0;0.0;0.0;0.0;0.0;0.0;0.0;0.0;0.0;0.0;0.0;0.0;0.0;0.0;0.0;0.0;
-21.84600000000088;-131.92600000000644;1004.1799999999471;1275.8200000000475;7.726000000002717;-352.2179999999714;-928.9339999999842;-60.308000000001115;60.30800000000094;30.700000000000173;0.0;0.0;0.0;89.60000000000072;48.678000000004225;-535.357999999999;77.1000000000066;-12.620000000007062;0.0;0.0;0.0;0.0;0.0;0.0;0.0;0.0;0.0;0.0;0.0;0.0;0.0;0.0;0.0;0.0;
182.55220000000185;-27.191800000008485;-125.92600000000192;7.726000000002717;6276.831799999965;-4868.267400000092;-336.2062000000102;51.495600000001794;-51.49560000000173;57.21000000000141;0.0;0.0;0.0;-0.3200000000033146;-365.55459999998243;522.6306000000055;-348.17000000001303;277.93400000000236;0.0;0.0;0.0;0.0;0.0;0.0;0.0;0.0;0.0;0.0;0.0;0.0;0.0;0.0;0.0;0.0;
178.75539999998662;-46.25260000000185;-172.18200000000414;-352.2179999999714;-4868.267400000092;6110.998199999963;-82.63339999999643;119.6891999999948;-119.68919999999474;-37.030000000000506;0.0;0.0;0.0;-132.24000000000063;170.34780000000072;-564.615800000002;142.3099999999861;-376.16200000000134;0.0;0.0;0.0;0.0;0.0;0.0;0.0;0.0;0.0;0.0;0.0;0.0;0.0;0.0;0.0;0.0;
3.150199999999341;-83.55380000000089;-648.2660000000227;-928.9339999999842;-336.2062000000102;-82.63339999999643;2156.335800000064;43.299599999999366;-43.29959999999936;-3.8899999999999078;0.0;0.0;0.0;146.87999999999957;-323.16859999999264;493.0845999999982;-380.46999999999866;-44.00599999999802;0.0;0.0;0.0;0.0;0.0;0.0;0.0;0.0;0.0;0.0;0.0;0.0;0.0;0.0;0.0;0.0;
114.43240000000205;-22.615599999998704;-73.09200000000003;-60.308000000001115;51.495600000001794;119.6891999999948;43.299599999999366;464.3352000000059;-464.3352000000059;-5.179999999999882;0.0;0.0;0.0;-24.440000000000143;19.386799999998978;18.00520000000099;10.860000000002337;-4.972000000000883;0.0;0.0;0.0;0.0;0.0;0.0;0.0;0.0;0.0;0.0;0.0;0.0;0.0;0.0;0.0;0.0;
-114.43240000000203;22.61559999999869;73.09200000000003;60.30800000000094;-51.49560000000173;-119.68919999999474;-43.29959999999936;-464.3352000000059;464.33520000000595;5.179999999999877;0.0;0.0;0.0;24.440000000000133;-19.386799999998967;-18.005200000001295;-10.860000000002326;4.972000000000899;0.0;0.0;0.0;0.0;0.0;0.0;0.0;0.0;0.0;0.0;0.0;0.0;0.0;0.0;0.0;0.0;
-10.4100000000004;-4.210000000000893;-12.699999999999397;30.700000000000173;57.21000000000141;-37.030000000000506;-3.8899999999999078;-5.179999999999882;5.179999999999877;49.5000000000104;0.0;0.0;0.0;-4.0000000000002665;-10.869999999999395;16.069999999999613;-10.499999999999913;-2.7000000000000335;0.0;0.0;0.0;0.0;0.0;0.0;0.0;0.0;0.0;0.0;0.0;0.0;0.0;0.0;0.0;0.0;
0.0;0.0;0.0;0.0;0.0;0.0;0.0;0.0;0.0;0.0;0.0;0.0;0.0;0.0;0.0;0.0;0.0;0.0;0.0;0.0;0.0;0.0;0.0;0.0;0.0;0.0;0.0;0.0;0.0;0.0;0.0;0.0;0.0;0.0;
0.0;0.0;0.0;0.0;0.0;0.0;0.0;0.0;0.0;0.0;0.0;0.0;0.0;0.0;0.0;0.0;0.0;0.0;0.0;0.0;0.0;0.0;0.0;0.0;0.0;0.0;0.0;0.0;0.0;0.0;0.0;0.0;0.0;0.0;
0.0;0.0;0.0;0.0;0.0;0.0;0.0;0.0;0.0;0.0;0.0;0.0;0.0;0.0;0.0;0.0;0.0;0.0;0.0;0.0;0.0;0.0;0.0;0.0;0.0;0.0;0.0;0.0;0.0;0.0;0.0;0.0;0.0;0.0;
-20.280000000000406;-10.679999999999763;73.4000000000011;89.60000000000072;-0.3200000000033146;-132.24000000000063;146.87999999999957;-24.440000000000143;24.440000000000133;-4.0000000000002665;0.0;0.0;0.0;368.00000000000756;-86.95999999999759;348.5600000000185;-91.99999999999986;-10.600000000000655;0.0;0.0;0.0;0.0;0.0;0.0;0.0;0.0;0.0;0.0;0.0;0.0;0.0;0.0;0.0;0.0;
5.7065999999998915;-79.52540000000101;-11.277999999998743;48.678000000004225;-365.55459999998243;170.34780000000072;-323.16859999999264;19.386799999998978;-19.386799999998967;-10.869999999999395;0.0;0.0;0.0;-86.95999999999759;850.6861999999721;-145.45819999999972;-250.0099999999976;-32.69800000000282;0.0;0.0;0.0;0.0;0.0;0.0;0.0;0.0;0.0;0.0;0.0;0.0;0.0;0.0;0.0;0.0;
-280.9025999999957;28.249400000000577;-791.0419999999767;-535.357999999999;522.6306000000055;-564.615800000002;493.0845999999982;18.00520000000099;-18.005200000001295;16.069999999999613;0.0;0.0;0.0;348.5600000000185;-145.45819999999972;1804.550199999948;-163.39000000000271;32.57800000000274;0.0;0.0;0.0;0.0;0.0;0.0;0.0;0.0;0.0;0.0;0.0;0.0;0.0;0.0;0.0;0.0;
17.5700000000013;-72.82999999999953;9.900000000001281;77.1000000000066;-348.17000000001303;142.3099999999861;-380.46999999999866;10.860000000002337;-10.860000000002326;-10.499999999999913;0.0;0.0;0.0;-91.99999999999986;-250.0099999999976;-163.39000000000271;885.5000000000239;-33.10000000000304;0.0;0.0;0.0;0.0;0.0;0.0;0.0;0.0;0.0;0.0;0.0;0.0;0.0;0.0;0.0;0.0;
12.986000000001999;-17.733999999999916;-14.380000000001186;-12.620000000007062;277.93400000000236;-376.16200000000134;-44.00599999999802;-4.972000000000883;4.972000000000899;-2.7000000000000335;0.0;0.0;0.0;-10.600000000000655;-32.69800000000282;32.57800000000274;-33.10000000000304;255.41999999999464;0.0;0.0;0.0;0.0;0.0;0.0;0.0;0.0;0.0;0.0;0.0;0.0;0.0;0.0;0.0;0.0;
0.0;0.0;0.0;0.0;0.0;0.0;0.0;0.0;0.0;0.0;0.0;0.0;0.0;0.0;0.0;0.0;0.0;0.0;0.0;0.0;0.0;0.0;0.0;0.0;0.0;0.0;0.0;0.0;0.0;0.0;0.0;0.0;0.0;0.0;
0.0;0.0;0.0;0.0;0.0;0.0;0.0;0.0;0.0;0.0;0.0;0.0;0.0;0.0;0.0;0.0;0.0;0.0;0.0;0.0;0.0;0.0;0.0;0.0;0.0;0.0;0.0;0.0;0.0;0.0;0.0;0.0;0.0;0.0;
0.0;0.0;0.0;0.0;0.0;0.0;0.0;0.0;0.0;0.0;0.0;0.0;0.0;0.0;0.0;0.0;0.0;0.0;0.0;0.0;0.0;0.0;0.0;0.0;0.0;0.0;0.0;0.0;0.0;0.0;0.0;0.0;0.0;0.0;
0.0;0.0;0.0;0.0;0.0;0.0;0.0;0.0;0.0;0.0;0.0;0.0;0.0;0.0;0.0;0.0;0.0;0.0;0.0;0.0;0.0;0.0;0.0;0.0;0.0;0.0;0.0;0.0;0.0;0.0;0.0;0.0;0.0;0.0;
0.0;0.0;0.0;0.0;0.0;0.0;0.0;0.0;0.0;0.0;0.0;0.0;0.0;0.0;0.0;0.0;0.0;0.0;0.0;0.0;0.0;0.0;0.0;0.0;0.0;0.0;0.0;0.0;0.0;0.0;0.0;0.0;0.0;0.0;
0.0;0.0;0.0;0.0;0.0;0.0;0.0;0.0;0.0;0.0;0.0;0.0;0.0;0.0;0.0;0.0;0.0;0.0;0.0;0.0;0.0;0.0;0.0;0.0;0.0;0.0;0.0;0.0;0.0;0.0;0.0;0.0;0.0;0.0;
0.0;0.0;0.0;0.0;0.0;0.0;0.0;0.0;0.0;0.0;0.0;0.0;0.0;0.0;0.0;0.0;0.0;0.0;0.0;0.0;0.0;0.0;0.0;0.0;0.0;0.0;0.0;0.0;0.0;0.0;0.0;0.0;0.0;0.0;
0.0;0.0;0.0;0.0;0.0;0.0;0.0;0.0;0.0;0.0;0.0;0.0;0.0;0.0;0.0;0.0;0.0;0.0;0.0;0.0;0.0;0.0;0.0;0.0;0.0;0.0;0.0;0.0;0.0;0.0;0.0;0.0;0.0;0.0;
0.0;0.0;0.0;0.0;0.0;0.0;0.0;0.0;0.0;0.0;0.0;0.0;0.0;0.0;0.0;0.0;0.0;0.0;0.0;0.0;0.0;0.0;0.0;0.0;0.0;0.0;0.0;0.0;0.0;0.0;0.0;0.0;0.0;0.0;
0.0;0.0;0.0;0.0;0.0;0.0;0.0;0.0;0.0;0.0;0.0;0.0;0.0;0.0;0.0;0.0;0.0;0.0;0.0;0.0;0.0;0.0;0.0;0.0;0.0;0.0;0.0;0.0;0.0;0.0;0.0;0.0;0.0;0.0;
0.0;0.0;0.0;0.0;0.0;0.0;0.0;0.0;0.0;0.0;0.0;0.0;0.0;0.0;0.0;0.0;0.0;0.0;0.0;0.0;0.0;0.0;0.0;0.0;0.0;0.0;0.0;0.0;0.0;0.0;0.0;0.0;0.0;0.0;
0.0;0.0;0.0;0.0;0.0;0.0;0.0;0.0;0.0;0.0;0.0;0.0;0.0;0.0;0.0;0.0;0.0;0.0;0.0;0.0;0.0;0.0;0.0;0.0;0.0;0.0;0.0;0.0;0.0;0.0;0.0;0.0;0.0;0.0;
0.0;0.0;0.0;0.0;0.0;0.0;0.0;0.0;0.0;0.0;0.0;0.0;0.0;0.0;0.0;0.0;0.0;0.0;0.0;0.0;0.0;0.0;0.0;0.0;0.0;0.0;0.0;0.0;0.0;0.0;0.0;0.0;0.0;0.0;
0.0;0.0;0.0;0.0;0.0;0.0;0.0;0.0;0.0;0.0;0.0;0.0;0.0;0.0;0.0;0.0;0.0;0.0;0.0;0.0;0.0;0.0;0.0;0.0;0.0;0.0;0.0;0.0;0.0;0.0;0.0;0.0;0.0;0.0;
0.0;0.0;0.0;0.0;0.0;0.0;0.0;0.0;0.0;0.0;0.0;0.0;0.0;0.0;0.0;0.0;0.0;0.0;0.0;0.0;0.0;0.0;0.0;0.0;0.0;0.0;0.0;0.0;0.0;0.0;0.0;0.0;0.0;0.0;
0.0;0.0;0.0;0.0;0.0;0.0;0.0;0.0;0.0;0.0;0.0;0.0;0.0;0.0;0.0;0.0;0.0;0.0;0.0;0.0;0.0;0.0;0.0;0.0;0.0;0.0;0.0;0.0;0.0;0.0;0.0;0.0;0.0;0.0;
