1503
0.0;0.0;0.0;0.0;0.0;0.0;0.0;0.0;0.0;0.0;0.0;0.0;0.0;0.0;0.0;0.0;0.0;0.0;0.0;0.0;0.0;
0.0;6890.580172987369;15826.968063872187;11770.463739188335;16510.339986693278;11704.11976047901;3567.997338656017;-9662.44311377246;-17428.69461077845;-17686.67465069858;-15064.054557551559;-15438.299401197613;-17291.265469061884;-21057.681969394547;-19234.705256154335;-16567.93945442446;-13780.529607451706;-10805.297405189569;-8563.365934797162;-7195.741184298063;-6098.8449767132;
0.0;15826.968063872187;75324.20359281456;83227.00199600786;109079.54091816375;76707.73652694612;34996.183632734545;-9050.425149700579;-31477.07185628741;-49558.44910179638;-59091.235528942176;-67552.3413173653;-81158.68263473049;-97009.94411177645;-92225.3373253493;-83117.17764471055;-69640.45708582821;-58766.47904191618;-53159.750499000955;-45030.85828343283;-37199.696606786296;
0.0;11770.463739188335;83227.00199600786;229126.4085163002;251157.04125083116;204083.74251497013;130816.25016633394;71918.6526946107;64359.29341317358;26377.41716566872;-66.87159015305014;6777.143712574848;-9479.045908183594;-36877.8948769127;-46642.70592149034;-51512.69128409833;-50864.21689953437;-49287.04391217563;-47677.60212907462;-40902.328675981305;-36015.57218895534;
0.0;16510.339986693278;109079.54091816375;251157.04125083116;409844.51230871613;399256.2215568856;311393.46174318023;223838.88023952083;200687.51497005962;158762.05189620756;127214.46573519637;121032.94610778439;74733.5588822356;16515.82168995332;-180.63805721881909;-24944.00465735189;-37744.113107118785;-43835.90019960072;-45559.51031270761;-39144.40452428477;-34330.396540253;
0.0;11704.11976047901;76707.73652694612;204083.74251497013;399256.2215568856;527149.9880239525;513770.31137724477;438802.84431137744;400691.2694610782;361381.93413173564;327086.383233533;304039.0299401196;226896.0598802393;154048.79041916155;116131.51497005988;70379.91616766466;43394.96407185625;26785.796407185644;14574.814371257551;7665.7185628743055;606.8622754490573;
0.0;3567.997338656017;34996.183632734545;130816.25016633394;311393.46174318023;513770.31137724477;666404.3486360612;665662.0479041927;605996.9940119755;529080.3792415165;471467.14703925507;429120.2215568867;336493.7764471054;254761.33799068548;200566.3885562208;142643.06852960755;106581.37857618097;80096.9600798404;60325.93745841646;44522.095143047234;31707.691949434444;
0.0;-9662.44311377246;-9050.425149700579;71918.6526946107;223838.88023952083;438802.84431137744;665662.0479041927;832639.9760479038;845490.5029940108;759452.1437125751;684061.9820359277;637197.389221557;544351.7784431145;464313.2754491024;393285.694610778;308728.9101796412;240565.53293413177;183369.35329341312;139499.58682634696;107917.34131736544;81474.20958083843;
0.0;-17428.69461077845;-31477.07185628741;64359.29341317358;200687.51497005962;400691.2694610782;605996.9940119755;845490.5029940108;1035099.4371257485;1016145.9820359288;949773.377245509;903527.8263473054;798238.6526946112;690737.215568862;593224.4131736533;468928.8862275449;369053.80838323507;287254.58083832345;222530.67664670644;176955.8323353295;136545.59880239514;
0.0;-17686.67465069858;-49558.44910179638;26377.41716566872;158762.05189620756;361381.93413173564;529080.3792415165;759452.1437125751;1016145.9820359288;1188305.1377245556;1224581.7744510998;1191476.6646706597;1085887.3293413187;954010.6806387233;815805.4990019955;644206.8722554902;507908.4690618755;404317.8802395224;321326.1457085845;258443.61876247558;201809.40918163653;
0.0;-15064.054557551559;-59091.235528942176;-66.87159015305014;127214.46573519637;327086.383233533;471467.14703925507;684061.9820359277;949773.377245509;1224581.7744510998;1399247.5143047206;1417228.0419161667;1329105.4171656717;1179546.9288090472;1007335.9654025292;797661.9048569514;632076.2608117089;506995.18163672753;408274.7178975388;327069.4504324683;255388.18496340743;
0.0;-15438.299401197613;-67552.3413173653;6777.143712574848;121032.94610778439;304039.0299401196;429120.2215568867;637197.389221557;903527.8263473054;1191476.6646706597;1417228.0419161667;1556279.4251496978;1523009.8502993989;1376833.0239520925;1190547.7125748477;955372.2095808411;746642.0898203639;587149.508982037;469032.9640718558;375115.2035928157;291701.8443113777;
0.0;-17291.265469061884;-81158.68263473049;-9479.045908183594;74733.5588822356;226896.0598802393;336493.7764471054;544351.7784431145;798238.6526946112;1085887.3293413187;1329105.4171656717;1523009.8502993989;1600211.7005988024;1491134.7145708676;1306375.7584830255;1063176.0858283406;829179.5129740643;648190.017964068;517787.2614770425;413102.7405189657;321535.0219560856;
0.0;-21057.681969394547;-97009.94411177645;-36877.8948769127;16515.82168995332;154048.79041916155;254761.33799068548;464313.2754491024;690737.215568862;954010.6806387233;1179546.9288090472;1376833.0239520925;1491134.7145708676;1494999.6101131053;1339738.567531605;1102390.3107119168;872293.2601463855;688429.7704590881;551368.4737192253;441454.13040585927;343032.3120425771;
0.0;-19234.705256154335;-92225.3373253493;-46642.70592149034;-180.63805721881909;116131.51497005988;200566.3885562208;393285.694610778;593224.4131736533;815805.4990019955;1007335.9654025292;1190547.7125748477;1306375.7584830255;1339738.567531605;1275330.9673985273;1076131.1603459727;859305.3226879655;684890.4211576786;548890.4264803713;440722.21290751104;344129.36660013883;
0.0;-16567.93945442446;-83117.17764471055;-51512.69128409833;-24944.00465735189;70379.91616766466;142643.06852960755;308728.9101796412;468928.8862275449;644206.8722554902;797661.9048569514;955372.2095808411;1063176.0858283406;1102390.3107119168;1076131.1603459727;972097.1909514114;808931.637391894;655556.9081836356;526631.9228210237;421316.58549566363;327568.25815036654;
0.0;-13780.529607451706;-69640.45708582821;-50864.21689953437;-37744.113107118785;43394.96407185625;106581.37857618097;240565.53293413177;369053.80838323507;507908.4690618755;632076.2608117089;746642.0898203639;829179.5129740643;872293.2601463855;859305.3226879655;808931.637391894;730722.3366600221;617864.0558882162;499619.55422489933;400678.933466402;310985.6979374559;
0.0;-10805.297405189569;-58766.47904191618;-49287.04391217563;-43835.90019960072;26785.796407185644;80096.9600798404;183369.35329341312;287254.58083832345;404317.8802395224;506995.18163672753;587149.508982037;648190.017964068;688429.7704590881;684890.4211576786;655556.9081836356;617864.0558882162;561752.5389221446;469311.510978047;381671.88223551447;298237.3253493012;
0.0;-8563.365934797162;-53159.750499000955;-47677.60212907462;-45559.51031270761;14574.814371257551;60325.93745841646;139499.58682634696;222530.67664670644;321326.1457085845;408274.7178975388;469032.9640718558;517787.2614770425;551368.4737192253;548890.4264803713;526631.9228210237;499619.55422489933;469311.510978047;420344.400532271;350809.5821690062;278817.14304724097;
0.0;-7195.741184298063;-45030.85828343283;-40902.328675981305;-39144.40452428477;7665.7185628743055;44522.095143047234;107917.34131736544;176955.8323353295;258443.61876247558;327069.4504324683;375115.2035928157;413102.7405189657;441454.13040585927;440722.21290751104;421316.58549566363;400678.933466402;381671.88223551447;350809.5821690062;307503.9973386459;250544.70791749773;
0.0;-6098.8449767132;-37199.696606786296;-36015.57218895534;-34330.396540253;606.8622754490573;31707.691949434444;81474.20958083843;136545.59880239514;201809.40918163653;255388.18496340743;291701.8443113777;321535.0219560856;343032.3120425771;344129.36660013883;327568.25815036654;310985.6979374559;298237.3253493012;278817.14304724097;250544.70791749773;215965.693945452;
