47
47.8723404255319;48.808510638297875;-9.74468085106383;-5.425531914893619;-39.127659574468076;-0.21276595744680846;0.0;17.957446808510632;-1.7021276595744683;0.0;0.0;0.0;0.0;-62.31914893617022;-76.70212765957443;0.0;-18.170212765957448;-1.2765957446808511;3.1489361702127656;-0.42553191489361736;0.0;34.851063829787236;-14.787234042553193;0.0;11.042553191489361;-17.5531914893617;-52.40425531914893;2.8085106382978737;-1.638297872340427;-8.744680851063832;15.425531914893618;-0.21276595744680846;72.46808510638296;0.7872340425531915;0.0851063829787227;26.319148936170187;16.27659574468084;0.0;-57.191489361702125;-31.680851063829795;0.0;36.340425531914896;
48.808510638297875;56.21276595744678;-7.617021276595748;-3.6382978723404227;-33.19148936170212;0.6808510638297877;0.0;15.936170212765958;-2.5531914893617036;0.0;0.0;0.0;0.0;-53.97872340425531;-70.55319148936174;0.0;-16.255319148936174;-1.914893617021277;2.7234042553191493;-0.6382978723404253;0.0;30.276595744680844;-7.680851063829783;0.0;10.063829787234038;-11.829787234042554;-44.10638297872341;3.212765957446811;-1.9574468085106396;-15.617021276595736;15.638297872340427;0.6808510638297877;65.70212765957447;2.680851063829786;-0.8723404255319164;21.97872340425531;11.914893617021287;0.0;-44.78723404255319;-29.021276595744673;0.0;32.51063829787235;
-9.74468085106383;-7.617021276595748;103.48936170212777;144.85106382978728;119.25531914893612;0.4255319148936169;0.0;-13.914893617021272;16.404255319148927;0.0;0.0;0.0;0.0;277.63829787234033;200.40425531914883;0.0;18.340425531914892;-6.446808510638293;-6.297872340425532;-2.1489361702127656;0.0;-10.702127659574472;43.5744680851064;0.0;40.914893617021235;57.10638297872342;96.80851063829786;23.382978723404253;-2.7234042553191458;58.48936170212771;44.1489361702128;0.4255319148936169;-72.93617021276596;0.42553191489361697;21.829787234042524;25.361702127659605;41.446808510638334;0.0;157.3829787234042;56.36170212765962;0.0;-36.680851063829785;
-5.425531914893619;-3.6382978723404227;144.85106382978728;225.91489361702133;167.5744680851065;-0.04255319148936107;0.0;-16.808510638297868;18.6595744680851;0.0;0.0;0.0;0.0;377.93617021276606;257.6595744680852;0.0;20.76595744680851;-9.255319148936167;-8.170212765957444;-3.0851063829787218;0.0;-14.829787234042549;57.042553191489304;0.0;77.80851063829789;92.48936170212765;131.31914893617014;47.361702127659555;-4.127659574468083;53.85106382978721;57.0851063829787;-0.04255319148936107;-83.10638297872336;0.9574468085106381;36.6170212765957;23.06382978723404;46.25531914893614;0.0;225.3617021276596;85.06382978723398;0.0;-41.53191489361702;
-39.127659574468076;-33.19148936170212;119.25531914893612;167.5744680851065;201.87234042553186;-0.21276595744680923;0.0;-33.04255319148937;20.29787234042553;0.0;0.0;0.0;0.0;405.6808510638297;324.2978723404255;0.0;35.829787234042534;-4.276595744680857;-8.851063829787234;-3.4255319148936176;0.0;-52.14893617021279;69.21276595744682;0.0;45.042553191489375;87.44680851063826;190.59574468085123;29.808510638297882;-1.6382978723404285;64.25531914893618;35.42553191489358;-0.21276595744680923;-143.53191489361706;2.787234042553189;21.085106382978733;2.3191489361702002;25.27659574468086;0.0;267.8085106382979;97.31914893617021;0.0;-71.65957446808507;
-0.21276595744680846;0.6808510638297877;0.4255319148936169;-0.04255319148936107;-0.21276595744680923;0.9787234042553195;0.0;-0.4042553191489361;-0.17021276595744705;0.0;0.0;0.0;0.0;0.4680851063829792;0.8297872340425532;0.0;0.382978723404255;-0.12765957446808515;-0.08510638297872336;-0.04255319148936171;0.0;-0.9148936170212763;1.0212765957446808;0.0;-0.5957446808510636;0.7446808510638294;-0.34042553191489344;-0.3191489361702123;-0.06382978723404265;-0.5744680851063834;0.0425531914893617;0.9787234042553195;-0.5531914893617018;-0.02127659574468089;-0.19148936170212766;1.5319148936170188;-0.8723404255319145;0.0;0.680851063829787;-0.4680851063829786;0.0;-0.76595744680851;
0.0;0.0;0.0;0.0;0.0;0.0;0.0;0.0;0.0;0.0;0.0;0.0;0.0;0.0;0.0;0.0;0.0;0.0;0.0;0.0;0.0;0.0;0.0;0.0;0.0;0.0;0.0;0.0;0.0;0.0;0.0;0.0;0.0;0.0;0.0;0.0;0.0;0.0;0.0;0.0;0.0;0.0;
17.957446808510632;15.936170212765958;-13.914893617021272;-16.808510638297868;-33.04255319148937;-0.4042553191489361;0.0;11.319148936170205;-2.2340425531914896;0.0;0.0;0.0;0.0;-58.1063829787234;-57.23404255319144;0.0;-10.723404255319146;0.5744680851063835;2.382978723404256;0.19148936170212796;0.0;22.61702127659575;-14.595744680851068;0.0;-1.3191489361702118;-16.85106382978723;-38.468085106382986;-2.0638297872340425;-0.2127659574468086;-3.9148936170212774;3.8085106382978724;-0.4042553191489361;42.48936170212768;-0.40425531914893603;-0.638297872340426;14.106382978723406;6.4255319148936225;0.0;-48.06382978723404;-21.893617021276583;0.0;21.44680851063829;
-1.7021276595744683;-2.5531914893617036;16.404255319148927;18.6595744680851;20.29787234042553;-0.17021276595744705;0.0;-2.2340425531914896;6.6382978723404245;0.0;0.0;0.0;0.0;58.74468085106384;48.63829787234044;0.0;3.063829787234039;-1.0212765957446823;-0.680851063829788;-0.34042553191489416;0.0;-0.31914893617021073;7.170212765957453;0.0;2.234042553191489;3.957446808510637;14.276595744680861;0.44680851063829785;-0.5106382978723412;27.40425531914892;13.340425531914885;-0.17021276595744705;-12.425531914893611;-0.17021276595744705;2.468085106382981;18.255319148936184;16.021276595744684;0.0;22.446808510638284;6.255319148936173;0.0;-6.127659574468078;
0.0;0.0;0.0;0.0;0.0;0.0;0.0;0.0;0.0;0.0;0.0;0.0;0.0;0.0;0.0;0.0;0.0;0.0;0.0;0.0;0.0;0.0;0.0;0.0;0.0;0.0;0.0;0.0;0.0;0.0;0.0;0.0;0.0;0.0;0.0;0.0;0.0;0.0;0.0;0.0;0.0;0.0;
0.0;0.0;0.0;0.0;0.0;0.0;0.0;0.0;0.0;0.0;0.0;0.0;0.0;0.0;0.0;0.0;0.0;0.0;0.0;0.0;0.0;0.0;0.0;0.0;0.0;0.0;0.0;0.0;0.0;0.0;0.0;0.0;0.0;0.0;0.0;0.0;0.0;0.0;0.0;0.0;0.0;0.0;
0.0;0.0;0.0;0.0;0.0;0.0;0.0;0.0;0.0;0.0;0.0;0.0;0.0;0.0;0.0;0.0;0.0;0.0;0.0;0.0;0.0;0.0;0.0;0.0;0.0;0.0;0.0;0.0;0.0;0.0;0.0;0.0;0.0;0.0;0.0;0.0;0.0;0.0;0.0;0.0;0.0;0.0;
0.0;0.0;0.0;0.0;0.0;0.0;0.0;0.0;0.0;0.0;0.0;0.0;0.0;0.0;0.0;0.0;0.0;0.0;0.0;0.0;0.0;0.0;0.0;0.0;0.0;0.0;0.0;0.0;0.0;0.0;0.0;0.0;0.0;0.0;0.0;0.0;0.0;0.0;0.0;0.0;0.0;0.0;
-62.31914893617022;-53.97872340425531;277.63829787234033;377.93617021276606;405.6808510638297;0.4680851063829792;0.0;-58.1063829787234;58.74468085106384;0.0;0.0;0.0;0.0;935.7021276595748;727.7446808510634;0.0;68.57446808510639;-3.1914893617021214;-16.127659574468083;-7.063829787234041;0.0;-72.87234042553192;147.53191489361714;0.0;91.1063829787234;185.61702127659578;353.4893617021279;60.02127659574466;-0.5957446808510607;208.63829787234042;128.06382978723408;0.4680851063829792;-273.8297872340426;4.468085106382979;50.212765957446805;85.29787234042561;115.1914893617021;0.0;547.0212765957449;189.2978723404255;0.0;-137.14893617021278;
-76.70212765957443;-70.55319148936174;200.40425531914883;257.6595744680852;324.2978723404255;0.8297872340425532;0.0;-57.23404255319144;48.63829787234044;0.0;0.0;0.0;0.0;727.7446808510634;614.6382978723403;0.0;64.06382978723404;-13.021276595744673;-16.680851063829788;-6.340425531914891;0.0;-84.31914893617024;120.17021276595752;0.0;49.23404255319149;130.9574468085106;301.27659574468083;34.446808510638306;-2.5106382978723385;178.4042553191489;84.34042553191487;0.8297872340425532;-255.42553191489364;2.829787234042555;30.46808510638298;58.255319148936216;78.02127659574477;0.0;428.44680851063856;155.25531914893628;0.0;-128.12765957446808;
0.0;0.0;0.0;0.0;0.0;0.0;0.0;0.0;0.0;0.0;0.0;0.0;0.0;0.0;0.0;0.0;0.0;0.0;0.0;0.0;0.0;0.0;0.0;0.0;0.0;0.0;0.0;0.0;0.0;0.0;0.0;0.0;0.0;0.0;0.0;0.0;0.0;0.0;0.0;0.0;0.0;0.0;
-18.170212765957448;-16.255319148936174;18.340425531914892;20.76595744680851;35.829787234042534;0.382978723404255;0.0;-10.723404255319146;3.063829787234039;0.0;0.0;0.0;0.0;68.57446808510639;64.06382978723404;0.0;11.106382978723408;-0.7021276595744688;-2.468085106382979;-0.23404255319148953;0.0;-19.531914893617017;15.617021276595755;0.0;0.7234042553191473;16.595744680851055;40.12765957446808;1.7446808510638303;0.14893617021276578;10.34042553191488;-0.7659574468085077;0.382978723404255;-44.04255319148934;0.382978723404255;1.4468085106382977;-9.574468085106378;-2.2978723404255326;0.0;50.744680851063855;22.42553191489363;0.0;-22.212765957446816;
-1.2765957446808511;-1.914893617021277;-6.446808510638293;-9.255319148936167;-4.276595744680857;-0.12765957446808515;0.0;0.5744680851063835;-1.0212765957446823;0.0;0.0;0.0;0.0;-3.1914893617021214;-13.021276595744673;0.0;-0.7021276595744688;17.234042553191504;-0.5106382978723406;-0.2553191489361702;0.0;0.5106382978723405;-2.8723404255319185;0.0;-3.574468085106386;7.46808510638298;-8.042553191489365;-1.9148936170212785;5.617021276595745;-3.4468085106382933;-2.7446808510638316;-0.12765957446808515;2.6808510638297918;-0.12765957446808512;-1.1489361702127656;-2.8085106382978764;-2.2340425531914905;0.0;4.085106382978727;-2.808510638297874;0.0;1.4042553191489375;
3.1489361702127656;2.7234042553191493;-6.297872340425532;-8.170212765957444;-8.851063829787234;-0.08510638297872336;0.0;2.382978723404256;-0.680851063829788;0.0;0.0;0.0;0.0;-16.127659574468083;-16.680851063829788;0.0;-2.468085106382979;-0.5106382978723406;5.659574468085108;-0.17021276595744672;0.0;4.340425531914893;-3.9148936170212774;0.0;-2.382978723404255;-3.0212765957446814;-9.361702127659573;-1.2765957446808507;-0.25531914893617025;-4.297872340425533;2.1702127659574466;-0.08510638297872336;9.787234042553193;-0.08510638297872336;-0.7659574468085104;2.127659574468085;0.5106382978723408;0.0;-11.276595744680854;-5.872340425531914;0.0;4.936170212765958;
-0.42553191489361736;-0.6382978723404253;-2.1489361702127656;-3.0851063829787218;-3.4255319148936176;-0.04255319148936171;0.0;0.19148936170212796;-0.34042553191489416;0.0;0.0;0.0;0.0;-7.063829787234041;-6.340425531914891;0.0;-0.23404255319148953;-0.2553191489361702;-0.17021276595744672;1.9148936170212778;0.0;0.17021276595744667;-0.9574468085106387;0.0;-1.1914893617021276;-1.5106382978723407;-2.680851063829786;-0.6382978723404255;-0.1276595744680851;-1.1489361702127665;-0.9148936170212774;-0.04255319148936171;0.8936170212765966;-0.042553191489361715;-0.38297872340425526;-0.9361702127659572;-0.7446808510638304;0.0;-4.638297872340427;-0.936170212765957;0.0;0.46808510638297907;
0.0;0.0;0.0;0.0;0.0;0.0;0.0;0.0;0.0;0.0;0.0;0.0;0.0;0.0;0.0;0.0;0.0;0.0;0.0;0.0;0.0;0.0;0.0;0.0;0.0;0.0;0.0;0.0;0.0;0.0;0.0;0.0;0.0;0.0;0.0;0.0;0.0;0.0;0.0;0.0;0.0;0.0;
34.851063829787236;30.276595744680844;-10.702127659574472;-14.829787234042549;-52.14893617021279;-0.9148936170212763;0.0;22.61702127659575;-0.31914893617021073;0.0;0.0;0.0;0.0;-72.87234042553192;-84.31914893617024;0.0;-19.531914893617017;0.5106382978723405;4.340425531914893;0.17021276595744667;0.0;51.659574468085054;-24.085106382978715;0.0;-1.6170212765957421;-30.97872340425532;-68.63829787234042;-3.723404255319149;-0.7446808510638302;13.297872340425537;18.829787234042545;-0.9148936170212763;77.2127659574468;-0.9148936170212763;1.76595744680851;41.87234042553188;27.48936170212763;0.0;-80.72340425531918;-40.12765957446809;0.0;39.063829787234035;
-14.787234042553193;-7.680851063829783;43.5744680851064;57.042553191489304;69.21276595744682;1.0212765957446808;0.0;-14.595744680851068;7.170212765957453;0.0;0.0;0.0;0.0;147.53191489361714;120.17021276595752;0.0;15.617021276595755;-2.8723404255319185;-3.9148936170212774;-0.9574468085106387;0.0;-24.085106382978715;32.978723404255355;0.0;10.595744680851057;35.25531914893617;69.34042553191492;9.319148936170208;-0.936170212765959;20.574468085106385;12.957446808510628;1.0212765957446808;-61.44680851063829;2.0212765957446797;5.191489361702125;-3.53191489361702;7.872340425531924;0.0;99.3191489361702;37.46808510638299;0.0;-31.23404255319151;
0.0;0.0;0.0;0.0;0.0;0.0;0.0;0.0;0.0;0.0;0.0;0.0;0.0;0.0;0.0;0.0;0.0;0.0;0.0;0.0;0.0;0.0;0.0;0.0;0.0;0.0;0.0;0.0;0.0;0.0;0.0;0.0;0.0;0.0;0.0;0.0;0.0;0.0;0.0;0.0;0.0;0.0;
11.042553191489361;10.063829787234038;40.914893617021235;77.80851063829789;45.042553191489375;-0.5957446808510636;0.0;-1.3191489361702118;2.234042553191489;0.0;0.0;0.0;0.0;91.1063829787234;49.23404255319149;0.0;0.7234042553191473;-3.574468085106386;-2.382978723404255;-1.1914893617021276;0.0;-1.6170212765957421;10.595744680851057;0.0;39.319148936170215;30.85106382978723;31.46808510638296;22.06382978723408;-1.7872340425531934;-5.085106382978719;14.191489361702128;-0.5957446808510636;-3.489361702127659;0.40425531914893637;13.63829787234042;-0.10638297872340008;6.574468085106379;0.0;61.063829787234056;23.893617021276558;0.0;-1.4468085106382946;
-17.5531914893617;-11.829787234042554;57.10638297872342;92.48936170212765;87.44680851063826;0.7446808510638294;0.0;-16.85106382978723;3.957446808510637;0.0;0.0;0.0;0.0;185.61702127659578;130.9574468085106;0.0;16.595744680851055;7.46808510638298;-3.0212765957446814;-1.5106382978723407;0.0;-30.97872340425532;35.25531914893617;0.0;30.85106382978723;72.93617021276602;77.91489361702126;23.170212765957448;4.23404255319149;-8.893617021276585;15.510638297872353;0.7446808510638294;-65.63829787234042;1.74468085106383;12.70212765957447;-23.617021276595757;-1.4680851063829798;0.0;146.17021276595744;52.38297872340424;0.0;-33.19148936170211;
-52.40425531914893;-44.10638297872341;96.80851063829786;131.31914893617014;190.59574468085123;-0.34042553191489344;0.0;-38.468085106382986;14.276595744680861;0.0;0.0;0.0;0.0;353.4893617021279;301.27659574468083;0.0;40.12765957446808;-8.042553191489365;-9.361702127659573;-2.680851063829786;0.0;-68.63829787234042;69.34042553191492;0.0;31.46808510638296;77.91489361702126;202.55319148936184;22.893617021276608;-3.0212765957446783;40.8085106382979;12.680851063829774;-0.34042553191489344;-160.85106382978717;3.6595744680851086;12.936170212765951;-28.489361702127674;1.0425531914893602;0.0;254.89361702127653;101.51063829787235;0.0;-80.25531914893617;
2.8085106382978737;3.212765957446811;23.382978723404253;47.361702127659555;29.808510638297882;-0.3191489361702123;0.0;-2.0638297872340425;0.44680851063829785;0.0;0.0;0.0;0.0;60.02127659574466;34.446808510638306;0.0;1.7446808510638303;-1.9148936170212785;-1.2765957446808507;-0.6382978723404255;0.0;-3.723404255319149;9.319148936170208;0.0;22.06382978723408;23.170212765957448;22.893617021276608;16.212765957446816;-0.9574468085106392;-6.617021276595739;5.638297872340421;-0.3191489361702123;-7.29787234042553;0.6808510638297863;8.127659574468085;-5.021276595744681;-0.08510638297872286;0.0;44.21276595744678;18.978723404255323;0.0;-3.4893617021276606;
-1.638297872340427;-1.9574468085106396;-2.7234042553191458;-4.127659574468083;-1.6382978723404285;-0.06382978723404265;0.0;-0.2127659574468086;-0.5106382978723412;0.0;0.0;0.0;0.0;-0.5957446808510607;-2.5106382978723385;0.0;0.14893617021276578;5.617021276595745;-0.25531914893617025;-0.1276595744680851;0.0;-0.7446808510638302;-0.936170212765959;0.0;-1.7872340425531934;4.23404255319149;-3.0212765957446783;-0.9574468085106392;2.808510638297873;-1.7234042553191462;-1.8723404255319163;-0.06382978723404265;-0.6595744680851058;-0.06382978723404262;-0.5744680851063827;-2.404255319148939;-1.6170212765957452;0.0;3.0425531914893633;-0.40425531914893653;0.0;-0.29787234042553157;
-8.744680851063832;-15.617021276595736;58.48936170212771;53.85106382978721;64.25531914893618;-0.5744680851063834;0.0;-3.9148936170212774;27.40425531914892;0.0;0.0;0.0;0.0;208.63829787234042;178.4042553191489;0.0;10.34042553191488;-3.4468085106382933;-4.297872340425533;-1.1489361702127665;0.0;13.297872340425537;20.574468085106385;0.0;-5.085106382978719;-8.893617021276585;40.8085106382979;-6.617021276595739;-1.7234042553191462;137.48936170212772;48.148936170212785;-0.5744680851063834;-41.93617021276595;-1.5744680851063806;7.829787234042563;92.36170212765965;71.44680851063826;0.0;53.38297872340422;14.361702127659573;0.0;-20.68085106382976;
15.425531914893618;15.638297872340427;44.1489361702128;57.0851063829787;35.42553191489358;0.0425531914893617;0.0;3.8085106382978724;13.340425531914885;0.0;0.0;0.0;0.0;128.06382978723408;84.34042553191487;0.0;-0.7659574468085077;-2.7446808510638316;2.1702127659574466;-0.9148936170212774;0.0;18.829787234042545;12.957446808510628;0.0;14.191489361702128;15.510638297872353;12.680851063829774;5.638297872340421;-1.8723404255319163;48.148936170212785;47.91489361702121;0.0425531914893617;3.1063829787234023;0.04255319148936176;9.382978723404255;50.93617021276596;46.74468085106375;0.0;44.63829787234041;2.936170212765956;0.0;1.5319148936170155;
-0.21276595744680846;0.6808510638297877;0.4255319148936169;-0.04255319148936107;-0.21276595744680923;0.9787234042553195;0.0;-0.4042553191489361;-0.17021276595744705;0.0;0.0;0.0;0.0;0.4680851063829792;0.8297872340425532;0.0;0.382978723404255;-0.12765957446808515;-0.08510638297872336;-0.04255319148936171;0.0;-0.9148936170212763;1.0212765957446808;0.0;-0.5957446808510636;0.7446808510638294;-0.34042553191489344;-0.3191489361702123;-0.06382978723404265;-0.5744680851063834;0.0425531914893617;0.9787234042553195;-0.5531914893617018;-0.02127659574468089;-0.19148936170212766;1.5319148936170188;-0.8723404255319145;0.0;0.680851063829787;-0.4680851063829786;0.0;-0.76595744680851;
72.46808510638296;65.70212765957447;-72.93617021276596;-83.10638297872336;-143.53191489361706;-0.5531914893617018;0.0;42.48936170212768;-12.425531914893611;0.0;0.0;0.0;0.0;-273.8297872340426;-255.42553191489364;0.0;-44.04255319148934;2.6808510638297918;9.787234042553193;0.8936170212765966;0.0;77.2127659574468;-61.44680851063829;0.0;-3.489361702127659;-65.63829787234042;-160.85106382978717;-7.29787234042553;-0.6595744680851058;-41.93617021276595;3.1063829787234023;-0.5531914893617018;175.61702127659572;-1.5531914893617025;-5.978723404255312;39.82978723404253;8.3191489361702;0.0;-202.29787234042556;-90.17021276595742;0.0;88.08510638297868;
0.7872340425531915;2.680851063829786;0.42553191489361697;0.9574468085106381;2.787234042553189;-0.02127659574468089;0.0;-0.40425531914893603;-0.17021276595744705;0.0;0.0;0.0;0.0;4.468085106382979;2.829787234042555;0.0;0.382978723404255;-0.12765957446808512;-0.08510638297872336;-0.042553191489361715;0.0;-0.9148936170212763;2.0212765957446797;0.0;0.40425531914893637;1.74468085106383;3.6595744680851086;0.6808510638297863;-0.06382978723404262;-1.5744680851063806;0.04255319148936176;-0.02127659574468089;-1.5531914893617025;0.9787234042553196;-0.19148936170212766;-1.4680851063829812;-0.872340425531914;0.0;4.680851063829789;1.5319148936170197;0.0;-0.76595744680851;
0.0851063829787227;-0.8723404255319164;21.829787234042524;36.6170212765957;21.085106382978733;-0.19148936170212766;0.0;-0.638297872340426;2.468085106382981;0.0;0.0;0.0;0.0;50.212765957446805;30.46808510638298;0.0;1.4468085106382977;-1.1489361702127656;-0.7659574468085104;-0.38297872340425526;0.0;1.76595744680851;5.191489361702125;0.0;13.63829787234042;12.70212765957447;12.936170212765951;8.127659574468085;-0.5744680851063827;7.829787234042563;9.382978723404255;-0.19148936170212766;-5.978723404255312;-0.19148936170212766;7.276595744680857;5.787234042553185;8.148936170212759;0.0;27.127659574468087;10.787234042553187;0.0;-2.8936170212765955;
26.319148936170187;21.97872340425531;25.361702127659605;23.06382978723404;2.3191489361702002;1.5319148936170188;0.0;14.106382978723406;18.255319148936184;0.0;0.0;0.0;0.0;85.29787234042561;58.255319148936216;0.0;-9.574468085106378;-2.8085106382978764;2.127659574468085;-0.9361702127659572;0.0;41.87234042553188;-3.53191489361702;0.0;-0.10638297872340008;-23.617021276595757;-28.489361702127674;-5.021276595744681;-2.404255319148939;92.36170212765965;50.93617021276596;1.5319148936170188;39.82978723404253;-1.4680851063829812;5.787234042553185;105.7021276595743;59.808510638297804;0.0;-22.021276595744688;-24.29787234042552;0.0;19.148936170212757;
16.27659574468084;11.914893617021287;41.446808510638334;46.25531914893614;25.27659574468086;-0.8723404255319145;0.0;6.4255319148936225;16.021276595744684;0.0;0.0;0.0;0.0;115.1914893617021;78.02127659574477;0.0;-2.2978723404255326;-2.2340425531914905;0.5106382978723408;-0.7446808510638304;0.0;27.48936170212763;7.872340425531924;0.0;6.574468085106379;-1.4680851063829798;1.0425531914893602;-0.08510638297872286;-1.6170212765957452;71.44680851063826;46.74468085106375;-0.8723404255319145;8.3191489361702;-0.872340425531914;8.148936170212759;59.808510638297804;61.23404255319144;0.0;19.91489361702128;-4.191489361702128;0.0;4.595744680851065;
0.0;0.0;0.0;0.0;0.0;0.0;0.0;0.0;0.0;0.0;0.0;0.0;0.0;0.0;0.0;0.0;0.0;0.0;0.0;0.0;0.0;0.0;0.0;0.0;0.0;0.0;0.0;0.0;0.0;0.0;0.0;0.0;0.0;0.0;0.0;0.0;0.0;0.0;0.0;0.0;0.0;0.0;
-57.191489361702125;-44.78723404255319;157.3829787234042;225.3617021276596;267.8085106382979;0.680851063829787;0.0;-48.06382978723404;22.446808510638284;0.0;0.0;0.0;0.0;547.0212765957449;428.44680851063856;0.0;50.744680851063855;4.085106382978727;-11.276595744680854;-4.638297872340427;0.0;-80.72340425531918;99.3191489361702;0.0;61.063829787234056;146.17021276595744;254.89361702127653;44.21276595744678;3.0425531914893633;53.38297872340422;44.63829787234041;0.680851063829787;-202.29787234042556;4.680851063829789;27.127659574468087;-22.021276595744688;19.91489361702128;0.0;386.21276595744666;137.97872340425533;0.0;-101.48936170212771;
-31.680851063829795;-29.021276595744673;56.36170212765962;85.06382978723398;97.31914893617021;-0.4680851063829786;0.0;-21.893617021276583;6.255319148936173;0.0;0.0;0.0;0.0;189.2978723404255;155.25531914893628;0.0;22.42553191489363;-2.808510638297874;-5.872340425531914;-0.936170212765957;0.0;-40.12765957446809;37.46808510638299;0.0;23.893617021276558;52.38297872340424;101.51063829787235;18.978723404255323;-0.40425531914893653;14.361702127659573;2.936170212765956;-0.4680851063829786;-90.17021276595742;1.5319148936170197;10.787234042553187;-24.29787234042552;-4.191489361702128;0.0;137.97872340425533;63.702127659574444;0.0;-44.85106382978726;
0.0;0.0;0.0;0.0;0.0;0.0;0.0;0.0;0.0;0.0;0.0;0.0;0.0;0.0;0.0;0.0;0.0;0.0;0.0;0.0;0.0;0.0;0.0;0.0;0.0;0.0;0.0;0.0;0.0;0.0;0.0;0.0;0.0;0.0;0.0;0.0;0.0;0.0;0.0;0.0;0.0;0.0;
36.340425531914896;32.51063829787235;-36.680851063829785;-41.53191489361702;-71.65957446808507;-0.76595744680851;0.0;21.44680851063829;-6.127659574468078;0.0;0.0;0.0;0.0;-137.14893617021278;-128.12765957446808;0.0;-22.212765957446816;1.4042553191489375;4.936170212765958;0.46808510638297907;0.0;39.063829787234035;-31.23404255319151;0.0;-1.4468085106382946;-33.19148936170211;-80.25531914893617;-3.4893617021276606;-0.29787234042553157;-20.68085106382976;1.5319148936170155;-0.76595744680851;88.08510638297868;-0.76595744680851;-2.8936170212765955;19.148936170212757;4.595744680851065;0.0;-101.48936170212771;-44.85106382978726;0.0;44.42553191489363;
