197
584.4873096446704;395.8172588832489;289.81725888324854;107.59898477157358;62.04060913705535;513.2233502538071;-204.2842639593908;-11.832487309644677;-25.76649746192895;-4.649746192893406;11.060913705583738;42.23857868020304;38.15736040609138;7.6345177664974315;2.6294416243654806;-1.269035532994909;15.406091370558405;28.959390862944193;-2.7411167512690344;-22.654822335025386;16.36548223350256;4.92385786802032;0.0;0.0;116.78680203045684;-9.426395939086293;0.0;0.0;0.0;0.0;-4.055837563451772;0.0;0.0;0.0;
395.8172588832489;746.5685279187816;375.56852791878146;-115.97461928933997;-496.0152284263964;299.41624365482267;-355.8934010152283;-64.18781725888329;-63.83756345177666;-7.75634517766497;-59.52284263959392;1.0355329949238552;40.06598984771577;47.137055837563395;6.2639593908629445;-26.274111675126917;35.8477157360406;28.015228426395943;-2.4720812182741114;-38.629441624365484;81.86294416243652;-22.09644670050762;0.0;0.0;-97.67005076142132;-5.340101522842638;0.0;0.0;0.0;0.0;2.395939086294417;0.0;0.0;0.0;
289.81725888324854;375.56852791878146;388.5685279187813;-9.974619289340113;-507.0152284263966;237.41624365482232;-312.8934010152284;-35.187817258883264;-16.83756345177665;-4.756345177664967;-47.52284263959392;31.035532994923912;-9.934010152284255;65.13705583756345;4.26395939086295;7.725888324873108;19.8477157360406;18.015228426395936;-5.47208121827411;-79.62944162436548;53.86294416243653;-10.096446700507617;0.0;0.0;28.329949238578717;-1.3401015228426336;0.0;0.0;0.0;0.0;0.3959390862944163;0.0;0.0;0.0;
107.59898477157358;-115.97461928933997;-9.974619289340113;208.5279187817256;227.88324873096445;161.8578680203045;15.817258883248744;12.893401015228415;23.578680203045714;15.86802030456851;31.324873096446687;21.939086294416295;-3.8274111675126776;-24.949238578680266;-1.3096446700507556;6.898477157360434;-6.167512690355341;-11.883248730964484;-0.6192893401015224;4.5076142131979635;-20.050761421319816;27.59390862944164;0.0;0.0;83.86294416243649;-2.274111675126903;0.0;0.0;0.0;0.0;-4.9644670050761395;0.0;0.0;0.0;
62.04060913705535;-496.0152284263964;-507.0152284263966;227.88324873096445;4420.670050761422;166.68527918781712;850.3096446700508;280.26395939086274;49.85279187817258;-30.72081218274112;276.0050761421322;45.43654822335021;300.09644670050784;-229.0304568527917;-5.614213197969548;6.060913705583785;-54.2994923857868;-59.670050761421365;18.771573604060926;286.6954314720812;-212.96954314720824;20.24365482233502;0.0;0.0;28.482233502538094;-20.035532994923848;0.0;0.0;0.0;0.0;-29.42131979695431;0.0;0.0;0.0;
513.2233502538071;299.41624365482267;237.41624365482232;161.8578680203045;166.68527918781712;1959.2690355329955;-67.79695431472086;61.451776649746186;21.69035532994927;-1.9644670050761426;96.52791878172589;16.401015228426402;144.03045685279184;94.8324873096447;-7.878172588832487;193.3350253807107;-25.14720812182742;-10.685279187817255;3.2436548223350243;-44.67512690355331;-87.83248730964463;80.34010152284269;0.0;0.0;76.15228426395942;-8.695431472081216;0.0;0.0;0.0;0.0;-1.81725888324873;0.0;0.0;0.0;
-204.2842639593908;-355.8934010152283;-312.8934010152284;15.817258883248744;850.3096446700508;-67.79695431472086;476.83248730964397;67.15228426395937;24.03045685279188;-9.95431472081218;76.9644670050761;-7.0558375634517745;51.32487309644669;-44.78680203045688;-4.7005076142131985;42.57360406091368;-27.903553299492447;-21.309644670050773;9.598984771573603;90.13197969543144;-83.21319796954326;10.294416243654819;0.0;0.0;8.624365482233518;2.2487309644670064;0.0;0.0;0.0;0.0;-1.0507614213197984;0.0;0.0;0.0;
-11.832487309644677;-64.18781725888329;-35.187817258883264;12.893401015228415;280.26395939086274;61.451776649746186;67.15228426395937;52.5888324873096;4.517766497461929;-4.223350253807105;15.395939086294412;2.0507614213197933;6.522842639593902;2.6243654822335007;0.09137055837563442;20.751269035532985;1.6395939086294347;4.7360406091370555;0.18274111675126903;11.243654822335007;-17.624365482233493;5.005076142131978;0.0;0.0;4.6142131979695495;-1.771573604060915;0.0;0.0;0.0;0.0;-2.8629441624365457;0.0;0.0;0.0;
-25.76649746192895;-63.83756345177666;-16.83756345177665;23.578680203045714;49.85279187817258;21.69035532994927;24.03045685279188;4.517766497461929;70.90355329949232;-3.644670050761414;-12.720812182741108;3.0101522842639827;-35.69543147208136;-2.6751269035533154;1.218274111675122;4.350253807106596;-2.4720812182741123;-1.8527918781725807;-0.563451776649745;2.248730964466996;-10.324873096446696;0.4010152284263955;0.0;0.0;14.522842639593977;1.0456852791878164;0.0;0.0;0.0;0.0;1.8274111675126907;0.0;0.0;0.0;
-4.649746192893406;-7.75634517766497;-4.756345177664967;15.86802030456851;-30.72081218274112;-1.9644670050761426;-9.95431472081218;-4.223350253807105;-3.644670050761414;17.532994923857895;-2.0812182741116776;-1.9847715736040725;-1.543147208121825;-0.5126903553299464;-0.17258883248731025;-4.974619289340104;-1.2081218274111656;-2.279187817258889;-0.34517766497461977;0.8730964467005173;3.5126903553299464;-0.898477157360408;0.0;0.0;-8.715736040609151;-0.43147208121827374;0.0;0.0;0.0;0.0;-0.2588832487309646;0.0;0.0;0.0;
11.060913705583738;-59.52284263959392;-47.52284263959392;31.324873096446687;276.0050761421322;96.52791878172589;76.9644670050761;15.395939086294412;-12.720812182741108;-2.0812182741116776;52.507614213197904;4.654822335025385;33.64467005076139;-19.045685279187826;-1.421319796954318;8.091370558375647;-8.9492385786802;-6.005076142131977;2.157360406091368;17.54314720812179;-24.954314720812167;7.365482233502543;0.0;0.0;23.223350253807066;-0.5532994923857871;0.0;0.0;0.0;0.0;-2.1319796954314754;0.0;0.0;0.0;
42.23857868020304;1.0355329949238552;31.035532994923912;21.939086294416295;45.43654822335021;16.401015228426402;-7.0558375634517745;2.0507614213197933;3.0101522842639827;-1.9847715736040725;4.654822335025385;24.31472081218282;5.441624365482256;-7.928934010152265;-0.23350253807106475;-4.142131979695447;-0.6345177664974603;-2.4365482233502513;-0.4670050761421315;-6.289340101522854;-5.0710659898477255;-0.5685279187817248;0.0;0.0;31.208121827411027;-0.5837563451776674;0.0;0.0;0.0;0.0;-0.3502538071065973;0.0;0.0;0.0;
38.15736040609138;40.06598984771577;-9.934010152284255;-3.8274111675126776;300.09644670050784;144.03045685279184;51.32487309644669;6.522842639593902;-35.69543147208136;-1.543147208121825;33.64467005076139;5.441624365482256;97.2487309644671;-7.8680203045685255;-1.0050761421319836;14.73604060913703;-6.035532994923854;-6.096446700507606;2.989847715736036;16.319796954314718;-18.131979695431518;3.944162436548207;0.0;0.0;0.24365482233503033;-2.5126903553299402;0.0;0.0;0.0;0.0;-1.5076142131979715;0.0;0.0;0.0;
7.6345177664974315;47.137055837563395;65.13705583756345;-24.949238578680266;-229.0304568527917;94.8324873096447;-44.78680203045688;2.6243654822335007;-2.6751269035533154;-0.5126903553299464;-19.045685279187826;-7.928934010152265;-7.8680203045685255;80.27411167512697;0.527918781725888;62.451776649746066;4.6954314720812045;13.030456852791888;0.05583756345177662;-22.258883248730978;22.725888324873026;13.80710659898478;0.0;0.0;-14.340101522842648;0.3197969543147196;0.0;0.0;0.0;0.0;0.791878172588832;0.0;0.0;0.0;
2.6294416243654806;6.2639593908629445;4.26395939086295;-1.3096446700507556;-5.614213197969548;-7.878172588832487;-4.7005076142131985;0.09137055837563442;1.218274111675122;-0.17258883248731025;-1.421319796954318;-0.23350253807106475;-1.0050761421319836;0.527918781725888;3.979695431472091;-1.0558375634517765;1.8578680203045754;1.614213197969545;-0.04060913705583753;-0.7208121827411192;1.472081218274107;-0.22335025380710596;0.0;0.0;-1.025380710659892;-0.05076142131979688;0.0;0.0;0.0;0.0;-0.030456852791878264;0.0;0.0;0.0;
-1.269035532994909;-26.274111675126917;7.725888324873108;6.898477157360434;6.060913705583785;193.3350253807107;42.57360406091368;20.751269035532985;4.350253807106596;-4.974619289340104;8.091370558375647;-4.142131979695447;14.73604060913703;62.451776649746066;-1.0558375634517765;113.09644670050787;-4.39086294416243;7.939086294416242;-0.11167512690355526;-8.48223350253808;-24.45177664974617;28.38578680203045;0.0;0.0;6.680203045685313;1.3604060913705562;0.0;0.0;0.0;0.0;1.4162436548223345;0.0;0.0;0.0;
15.406091370558405;35.8477157360406;19.8477157360406;-6.167512690355341;-54.2994923857868;-25.14720812182742;-27.903553299492447;1.6395939086294347;-2.4720812182741123;-1.2081218274111656;-8.9492385786802;-0.6345177664974603;-6.035532994923854;4.6954314720812045;1.8578680203045754;-4.39086294416243;13.005076142132022;9.29949238578682;-0.2842639593908632;-3.0456852791878255;10.304568527918763;-0.5634517766497448;0.0;0.0;-7.177664974619269;-0.3553299492385791;0.0;0.0;0.0;0.0;-0.21319796954314751;0.0;0.0;0.0;
28.959390862944193;28.015228426395943;18.015228426395936;-11.883248730964484;-59.670050761421365;-10.685279187817255;-21.309644670050773;4.7360406091370555;-1.8527918781725807;-2.279187817258889;-6.005076142131977;-2.4365482233502513;-6.096446700507606;13.030456852791888;1.614213197969545;7.939086294416242;9.29949238578682;40.67005076142127;-0.7715736040609147;-5.695431472081228;4.969543147208124;-2.2436548223350266;0.0;0.0;-1.482233502538071;-0.9644670050761429;0.0;0.0;0.0;0.0;-0.5786802030456858;0.0;0.0;0.0;
-2.7411167512690344;-2.4720812182741114;-5.47208121827411;-0.6192893401015224;18.771573604060926;3.2436548223350243;9.598984771573603;0.18274111675126903;-0.563451776649745;-0.34517766497461977;2.157360406091368;-0.4670050761421315;2.989847715736036;0.05583756345177662;-0.04060913705583753;-0.11167512690355526;-0.2842639593908632;-0.7715736040609147;3.9187817258883246;1.5583756345177646;0.9441624365482241;0.5532994923857871;0.0;0.0;-2.05076142131979;-0.10152284263959381;0.0;0.0;0.0;0.0;-0.0609137055837564;0.0;0.0;0.0;
-22.654822335025386;-38.629441624365484;-79.62944162436548;4.5076142131979635;286.6954314720812;-44.67512690355331;90.13197969543144;11.243654822335007;2.248730964466996;0.8730964467005173;17.54314720812179;-6.289340101522854;16.319796954314718;-22.258883248730978;-0.7208121827411192;-8.48223350253808;-3.0456852791878255;-5.695431472081228;1.5583756345177646;49.411167512690255;-9.741116751269036;2.0710659898477175;0.0;0.0;-30.401015228426434;-1.802030456852794;0.0;0.0;0.0;0.0;-1.0812182741116745;0.0;0.0;0.0;
16.36548223350256;81.86294416243652;53.86294416243653;-20.050761421319816;-212.96954314720824;-87.83248730964463;-83.21319796954326;-17.624365482233493;-10.324873096446696;3.5126903553299464;-24.954314720812167;-5.0710659898477255;-18.131979695431518;22.725888324873026;1.472081218274107;-24.45177664974617;10.304568527918763;4.969543147208124;0.9441624365482241;-9.741116751269036;46.27411167512697;-4.807106598984773;0.0;0.0;-26.65989847715738;-1.3197969543147212;0.0;0.0;0.0;0.0;-0.7918781725888328;0.0;0.0;0.0;
4.92385786802032;-22.09644670050762;-10.096446700507617;27.59390862944164;20.24365482233502;80.34010152284269;10.294416243654819;5.005076142131978;0.4010152284263955;-0.898477157360408;7.365482233502543;-0.5685279187817248;3.944162436548207;13.80710659898478;-0.22335025380710596;28.38578680203045;-0.5634517766497448;-2.2436548223350266;0.5532994923857871;2.0710659898477175;-4.807106598984773;19.543147208121855;0.0;0.0;2.7208121827411142;-0.5583756345177666;0.0;0.0;0.0;0.0;-0.33502538071065935;0.0;0.0;0.0;
0.0;0.0;0.0;0.0;0.0;0.0;0.0;0.0;0.0;0.0;0.0;0.0;0.0;0.0;0.0;0.0;0.0;0.0;0.0;0.0;0.0;0.0;0.0;0.0;0.0;0.0;0.0;0.0;0.0;0.0;0.0;0.0;0.0;0.0;
0.0;0.0;0.0;0.0;0.0;0.0;0.0;0.0;0.0;0.0;0.0;0.0;0.0;0.0;0.0;0.0;0.0;0.0;0.0;0.0;0.0;0.0;0.0;0.0;0.0;0.0;0.0;0.0;0.0;0.0;0.0;0.0;0.0;0.0;
116.78680203045684;-97.67005076142132;28.329949238578717;83.86294416243649;28.482233502538094;76.15228426395942;8.624365482233518;4.6142131979695495;14.522842639593977;-8.715736040609151;23.223350253807066;31.208121827411027;0.24365482233503033;-14.340101522842648;-1.025380710659892;6.680203045685313;-7.177664974619269;-1.482233502538071;-2.05076142131979;-30.401015228426434;-26.65989847715738;2.7208121827411142;0.0;0.0;213.21827411167408;-2.5634517766497478;0.0;0.0;0.0;0.0;-0.5380710659898463;0.0;0.0;0.0;
-9.426395939086293;-5.340101522842638;-1.3401015228426336;-2.274111675126903;-20.035532994923848;-8.695431472081216;2.2487309644670064;-1.771573604060915;1.0456852791878164;-0.43147208121827374;-0.5532994923857871;-0.5837563451776674;-2.5126903553299402;0.3197969543147196;-0.05076142131979688;1.3604060913705562;-0.3553299492385791;-0.9644670050761429;-0.10152284263959381;-1.802030456852794;-1.3197969543147212;-0.5583756345177666;0.0;0.0;-2.5634517766497478;4.873096446700502;0.0;0.0;0.0;0.0;-0.07614213197969537;0.0;0.0;0.0;
0.0;0.0;0.0;0.0;0.0;0.0;0.0;0.0;0.0;0.0;0.0;0.0;0.0;0.0;0.0;0.0;0.0;0.0;0.0;0.0;0.0;0.0;0.0;0.0;0.0;0.0;0.0;0.0;0.0;0.0;0.0;0.0;0.0;0.0;
0.0;0.0;0.0;0.0;0.0;0.0;0.0;0.0;0.0;0.0;0.0;0.0;0.0;0.0;0.0;0.0;0.0;0.0;0.0;0.0;0.0;0.0;0.0;0.0;0.0;0.0;0.0;0.0;0.0;0.0;0.0;0.0;0.0;0.0;
0.0;0.0;0.0;0.0;0.0;0.0;0.0;0.0;0.0;0.0;0.0;0.0;0.0;0.0;0.0;0.0;0.0;0.0;0.0;0.0;0.0;0.0;0.0;0.0;0.0;0.0;0.0;0.0;0.0;0.0;0.0;0.0;0.0;0.0;
0.0;0.0;0.0;0.0;0.0;0.0;0.0;0.0;0.0;0.0;0.0;0.0;0.0;0.0;0.0;0.0;0.0;0.0;0.0;0.0;0.0;0.0;0.0;0.0;0.0;0.0;0.0;0.0;0.0;0.0;0.0;0.0;0.0;0.0;
-4.055837563451772;2.395939086294417;0.3959390862944163;-4.9644670050761395;-29.42131979695431;-1.81725888324873;-1.0507614213197984;-2.8629441624365457;1.8274111675126907;-0.2588832487309646;-2.1319796954314754;-0.3502538071065973;-1.5076142131979715;0.791878172588832;-0.030456852791878264;1.4162436548223345;-0.21319796954314751;-0.5786802030456858;-0.0609137055837564;-1.0812182741116745;-0.7918781725888328;-0.33502538071065935;0.0;0.0;-0.5380710659898463;-0.07614213197969537;0.0;0.0;0.0;0.0;2.9543147208121865;0.0;0.0;0.0;
0.0;0.0;0.0;0.0;0.0;0.0;0.0;0.0;0.0;0.0;0.0;0.0;0.0;0.0;0.0;0.0;0.0;0.0;0.0;0.0;0.0;0.0;0.0;0.0;0.0;0.0;0.0;0.0;0.0;0.0;0.0;0.0;0.0;0.0;
0.0;0.0;0.0;0.0;0.0;0.0;0.0;0.0;0.0;0.0;0.0;0.0;0.0;0.0;0.0;0.0;0.0;0.0;0.0;0.0;0.0;0.0;0.0;0.0;0.0;0.0;0.0;0.0;0.0;0.0;0.0;0.0;0.0;0.0;
0.0;0.0;0.0;0.0;0.0;0.0;0.0;0.0;0.0;0.0;0.0;0.0;0.0;0.0;0.0;0.0;0.0;0.0;0.0;0.0;0.0;0.0;0.0;0.0;0.0;0.0;0.0;0.0;0.0;0.0;0.0;0.0;0.0;0.0;
