1503
4.019841186227547;1.08145027976048;1.6833391262275585;1.6858023850299437;2.206279518622752;0.7195735387425136;0.9327197690419161;1.0400609862275436;0.6607868850898198;0.8473914067664653;1.283741106407183;1.4199894753892255;0.7027565773652696;0.842123489640719;0.8189090664670644;0.27440767017964246;0.9107974110179629;0.8955932983233538;0.5372774041317365;0.6114247100598804;0.8163988615568883;0.3314983626946112;0.2254058629341309;0.49928384826347316;0.2510195583832329;0.7374760207185613;0.38432946994012007;0.18201901209580762;0.5836040409580837;0.5499593086826344;-0.025375828023950345;0.09933727077844354;0.7338007414371254;0.07483964910179722;0.3208455944311375;-0.014983468383234605;0.2037324862275461;0.22319541592814368;0.145830356047902;0.14444797856287447;0.3403243931137726;0.24023882197604746;-0.5750457835928136;-0.02660031574850015;0.5230995719760485;-0.1210816368263463;-0.02805376952095881;-0.09330508706586786;0.3012344168862274;-0.014441347485029447;-0.9054835558682609;
1.08145027976048;4.194095281889556;0.6482999964271455;1.71526344920825;0.21406263419827187;1.7885036588090428;2.7725871031137745;2.5138830742049194;3.0096425998469725;2.106153947731199;1.8720350983433147;1.8117579008183655;3.1734930841184306;4.253928829500987;2.226629417870928;1.8320515752495048;3.0373476197471763;2.4928968421157673;2.0571262418496357;1.8745197195276107;1.3008499554956696;2.0937994398536204;2.4828096546307408;1.516065739254823;1.7933311471989353;1.1133148032202251;1.2268357571390582;0.7854889290219553;0.9159190446640049;1.3927192770592154;1.9129996555222912;0.7444085627478385;1.021446050884897;1.9907926581969377;1.870478102821028;1.4682901816899525;1.5258848042049216;1.0709822465668646;1.4587843933998703;1.5118962724484364;1.710602198769126;1.1389765710778461;-0.48886262499001903;0.07498035979374668;1.115046598855623;0.09089531385229566;1.097026378443114;0.7404363924085178;1.150664665675316;0.8978285323819021;0.17495724407185567;
1.6833391262275585;0.6482999964271455;1.5615199662275365;0.9832951183632739;1.1381505419560847;0.6444461220758487;0.6049868590419161;1.1548491628942132;0.23038551842315422;0.41966047009980034;0.794514316407186;0.9521100553892222;0.6258124306986029;0.7450087796407181;0.5934988698003993;0.5778252601796413;0.5786075143512972;0.5748072383233537;0.8324392707984036;0.2871791733932135;0.875610484890219;0.5711356793612768;-0.14908040706586942;0.5807732749301401;0.4758242750499003;0.882725214051895;0.6807389166067871;0.5152944520958083;0.9143385476247514;0.5817649653493012;0.48582803864271423;0.4450977774451095;0.8153237447704595;-0.10504620423153682;0.4880592677644713;0.34680788828343384;0.4912108928942115;0.3008006259281435;0.4629591593812376;0.5510856852295412;0.11543284644710623;0.26903941197604786;-0.5569259735928147;0.14575120091816332;0.4841978886427145;0.11341532317365227;-0.11777814952095783;0.10166644960079807;-0.16520106978043944;-0.038971484151695726;-0.3442677758682643;
1.6858023850299437;1.71526344920825;0.9832951183632739;3.205847511071176;1.4309105896141052;1.3052832127877576;1.8244230546107798;1.4990897272521633;1.7064265643246825;1.267847535422486;1.9287669381237587;1.6388518194810338;1.9965421479574152;1.780068757145706;1.2113922058216924;1.1900315464271454;1.7284456797538261;1.5266509289021963;1.4946195833799054;0.9742371776979375;1.0303616890352643;1.4633471319627394;1.6858380960878288;1.219856404537591;1.3097370943779119;0.5792606468196944;0.5978569056353961;0.5401387972055891;0.5311534242781109;1.026696513978713;1.603066939587494;0.8610769445176324;0.8050540358616107;1.4369501200864967;1.620593878536259;1.165970140066533;1.1913478372521622;1.453180328762475;1.0823224930472402;1.065054250805056;1.0548180969594145;1.0178475073652677;-0.8154932585429135;0.11693392322022635;0.8111297362541591;0.10708932243513002;0.561763052694612;0.20275979497671326;0.7459342652628075;0.5903790044244832;0.03677225449101742;
2.206279518622752;0.21406263419827187;1.1381505419560847;1.4309105896141052;3.5575598133067587;0.358414227318696;0.6265676579041918;0.4979621175116439;-0.1564045967132373;0.3381666461210916;0.9244154129740529;2.0382227972055813;0.6407110328476378;0.32962886463073887;0.4002245644244847;0.058079797684630285;0.5133641702129074;0.7032379371656687;0.07148739896872827;0.045198931450430815;0.4228681132667997;0.4272609874916825;-0.27604715337325325;0.16155078904857056;0.3551154797272122;0.33551161518296735;0.21317043188290158;-0.02557932812375227;0.13614383765136354;0.6071294014238191;0.4679174700864929;0.3907346266334002;0.3093306192548235;-0.3402262295342655;0.6975323428875574;0.30996718805056633;0.21081907751164397;0.2580116302594815;0.09037913871589998;0.14949368741184238;0.24763184208915406;0.5006222911976047;-0.2184794536926146;0.46425861964737175;0.599540666753159;0.5795629546506984;-0.2796209739520948;-0.23164971781769791;-0.0016278932002659202;0.19303778536260827;-0.6132544065868241;
0.7195735387425136;1.7885036588090428;0.6444461220758487;1.3052832127877576;0.358414227318696;2.0622644140252815;2.072030046347306;1.8956622276314008;1.9479824128077152;1.5199504333666027;1.1310905921357266;1.659409958463078;2.3748740235662025;1.886858946546907;1.3922504599334655;1.3125870767265468;2.083034918117103;1.7791135494411152;1.7860091369328;1.1687784877977405;1.5767894882967373;1.5484788331204278;1.5911462276447057;1.3530207549767097;1.362463538349967;0.9101195613506335;0.8654362755355948;1.0318670040319349;0.7217572092082507;1.1448996217830982;1.585015259547573;0.8382113091483705;1.2006725115901524;1.260548145256155;1.2793734725881578;1.2582081694278089;1.5390952576314016;0.8410582386427129;1.4736443097937453;1.1612869550765146;1.1000144921490351;0.8517238806586808;-0.1674608845309383;0.14546996030605472;1.1555305362142336;0.10176728105788424;0.9573896468263483;0.2210198032002673;0.6391194367398545;0.5643905919494356;-0.03219616862275455;
0.9327197690419161;2.7725871031137745;0.6049868590419161;1.8244230546107798;0.6265676579041918;2.072030046347306;5.161293212455113;2.811464969041918;4.037319973832345;3.2371019320359333;1.5950541067065858;2.8317546299401153;5.077071664251488;2.701713064670659;2.3462069359281488;1.8729492876646712;3.918133706766473;4.008292101796414;2.2308909362874245;2.977870799221551;1.2840249897604787;2.6000670149700595;3.610841041856288;2.44623635257485;2.233192571017958;1.1922289706586808;0.6821921007784431;1.0160420827544892;0.5195669575449099;1.9515748771257457;2.4407615343113775;1.2164837598802378;1.0213260413173653;2.8514349416766414;2.221914622395203;2.0484418989820394;2.9608400190419113;1.3800243429341301;2.808324791377241;1.434837908682636;2.863391689520958;1.540166894311374;0.5113511867065902;0.5142310647305379;1.5373095443113733;0.6056145187425142;2.1534184037724575;0.5723088418562856;1.4740673104790387;1.2097504273053903;0.12567264628742503;
1.0400609862275436;2.5138830742049194;1.1548491628942132;1.4990897272521633;0.4979621175116439;1.8956622276314008;2.811464969041918;4.202144784005319;2.2740693506453797;1.8700290856553587;1.5024732930738522;2.3818034687225595;3.0212624295874906;2.690052542974048;2.0118355820226244;1.8912041435129732;2.6074870832401866;2.4827379649900134;2.430699905242848;1.3836242589487704;1.9559131537791135;2.4331666871390567;1.500957609600797;1.497679022707917;2.0362944161610166;1.5821979329407856;1.5008852277178975;1.1740264254291402;1.2022790220691946;1.8510661297937467;2.0397290597538262;1.011090021889555;1.7296757736593544;1.269105500212908;1.7766770133200298;1.5869036493945408;1.6152445940053202;0.9448599092614752;1.570637148270129;1.6289969696739899;1.182620358669331;1.0283832719760453;-0.6224293602594809;0.05279248869594218;1.5438397330871612;-0.018279890159681483;0.6634800804790422;0.7765029707119049;0.3954885091084498;0.3958688147371926;0.27939638413173407;
0.6607868850898198;3.0096425998469725;0.23038551842315422;1.7064265643246825;-0.1564045967132373;1.9479824128077152;4.037319973832345;2.2740693506453797;8.457875250751778;3.6990915407119096;1.8407293577045905;1.5696592651097812;3.789057034983366;2.697627268103791;2.5014863452428497;2.4793410859481058;3.7130870003726066;3.02003221003992;2.1396833556952743;5.062722257538253;0.6870335082168999;2.0949035281104433;8.323782581596813;2.0465258458349944;1.8312050320226205;1.3210194015701933;1.1443313957950751;0.7449205982834356;0.4645800683898869;1.0815343474916814;1.5984792676513673;0.5022979591084495;0.9687488286959416;7.089615955815026;1.3495499200532277;1.704404399088487;2.2199191606453703;1.2746950529540957;2.07957678025283;1.3399609079707229;5.324677618656033;1.0171883620958087;-0.9010130489620769;-0.6828932781170983;0.5518357943180299;-0.34182619936127906;2.1085412480838333;0.6672847138190294;4.60691093689954;1.5024926843845634;0.3068140334730548;
0.8473914067664653;2.106153947731199;0.41966047009980034;1.267847535422486;0.3381666461210916;1.5199504333666027;3.2371019320359333;1.8700290856553587;3.6990915407119096;2.9894888588157;1.255154435968065;1.8506453427145784;3.344960911709918;2.07363929493014;1.8494271390352601;1.3896192625349273;3.222342287697946;2.770217541896204;1.620470480525612;2.6052376930671977;0.8282503253027288;1.6626679402461708;3.411411705848295;1.8047814921623424;1.5168623060745168;0.9514370345841648;0.7286133002661357;0.7901785584630755;0.4990479535196274;1.1733157658549564;1.3929994434397899;0.5404201376513633;0.7156178180572174;2.687667536214238;1.2758254125282769;1.2271355617032609;1.9246680456553573;0.8902060803193618;1.8282890220093122;0.964822398609452;2.568545876161013;0.9103709845508969;-0.24506354069860206;-0.00314011556220899;0.8429876601064554;0.1141997803393214;1.4506344989820372;0.5924358914038598;1.6700591327278795;0.932725293266802;0.003730994970061279;
1.283741106407183;1.8720350983433147;0.794514316407186;1.9287669381237587;0.9244154129740529;1.1310905921357266;1.5950541067065858;1.5024732930738522;1.8407293577045905;1.255154435968065;2.037995665149714;1.3175213722754522;1.8032577117764463;2.048126162514966;1.3842940480638708;1.182200948742515;1.7511394962075832;1.4363713517365286;1.459054637744511;1.1720417129141723;0.8673412424351291;1.2074470178043906;1.4411050594610786;1.0772011588223547;1.1398347779840332;0.7185636183033932;1.035476597085828;0.6129948053293411;0.7189443099600803;0.8477855058882252;1.2173197128343298;0.5574824412175653;0.673706053273453;1.186472202954093;1.2052400923153677;0.8736708453493031;1.010060423073854;0.9371842185029942;0.9356038609980056;1.0322897167265461;1.1741724015369268;0.7196268361676671;-0.7752522648502992;-0.11333622309381292;0.5639325728343325;0.020442517784430285;0.40347801664670735;0.28760258612774425;0.8222235751297405;0.6400087857285436;0.057026191077843826;
1.4199894753892255;1.8117579008183655;0.9521100553892222;1.6388518194810338;2.0382227972055813;1.659409958463078;2.8317546299401153;2.3818034687225595;1.5696592651097812;1.8506453427145784;1.3175213722754522;3.9525288265868097;3.1115620990020036;2.0139023962275444;1.6931213045708604;1.048779726886227;2.5120812923552873;2.7281927023952077;1.611640901716566;1.1783526022954118;1.8518806330139792;1.89848052662675;1.1963052958083842;1.3223076800998008;1.6565727213572852;0.7439052242115759;0.3264767577045907;0.6979507070059892;0.21391650339321377;1.6489705895009954;1.8683159390818356;0.912447526506985;1.6416266617564883;0.8448588989021947;1.8011857231936113;1.4052661753093791;1.619000388722553;0.8886149672455103;1.5088517851696575;1.2301989982435129;1.060011239361279;1.1559910557485034;0.1842341822754492;0.4623304829740521;2.035470839081835;0.3144088583233534;0.6547649650299393;0.27023955914171705;0.20892108397205603;0.47582620307385015;-0.19599284161676625;
0.7027565773652696;3.1734930841184306;0.6258124306986029;1.9965421479574152;0.6407110328476378;2.3748740235662025;5.077071664251488;3.0212624295874906;3.789057034983366;3.344960911709918;1.8032577117764463;3.1115620990020036;5.8256037019693565;3.2299745545109873;2.4945940332468384;2.0227778977445108;4.827830283885567;4.235084073273449;2.466905993679309;2.8625228914703973;1.502738167119099;2.8502878817232307;3.3496227109381236;2.9189913751363967;2.465985092521615;1.3106977520891536;0.8743613418629409;1.2924918992415162;0.6971041246373926;2.1876982909846987;2.9240260140785095;1.424540643559549;1.0534554464005321;2.6041721434996634;2.5286737676979407;2.3119835819228234;3.4252605195874977;1.5349614622355283;3.2874860740651934;1.6709044902661307;2.7350087931270775;1.7683428218562842;0.4174074551097824;0.575760501064537;1.703003600745178;0.6689394423752513;2.259678872874253;0.6697972598270122;1.2188740190951426;1.4718801228675928;0.1854061347904169;
0.842123489640719;4.253928829500987;0.7450087796407181;1.780068757145706;0.32962886463073887;1.886858946546907;2.701713064670659;2.690052542974048;2.697627268103791;2.07363929493014;2.048126162514966;2.0139023962275444;3.2299745545109873;4.892032414251484;2.2744760101397166;1.8253915828742482;3.0758362129540817;2.505850803173648;2.3896049994411186;1.6484042676247512;1.4501227815768414;2.1082716264471024;2.0660227369461075;1.706073085548897;1.8719290074650683;1.2768225181636739;1.324358432375249;1.013531523532936;1.1143334086626753;1.4706808822554858;2.1765158649500966;0.9237757757884252;1.071548069660679;1.633282378962073;1.9744368075648642;1.4897574292016011;1.6938371629740516;1.0627396048503008;1.648590043433131;1.6202073803393242;1.5133171864870245;1.1493626516167679;-0.8560092474850296;-0.02075833864271393;1.2267806949501012;0.002809680778443258;0.8312024076646725;0.8122954502794433;0.8854883668463053;0.8553473169061879;0.33144949610778496;
0.8189090664670644;2.226629417870928;0.5934988698003993;1.2113922058216924;0.4002245644244847;1.3922504599334655;2.3462069359281488;2.0118355820226244;2.5014863452428497;1.8494271390352601;1.3842940480638708;1.6931213045708604;2.4945940332468384;2.2744760101397166;2.871968208596143;1.3318311649301384;2.235048601270795;2.1815436162075783;1.747484372282106;1.5940081305322669;1.0407451060612114;1.6981782028409844;1.9233730383033916;1.4563124390086486;1.6298593511842985;0.923515437498339;1.1615809828010664;0.9519967430738533;0.77313497629408;1.0965084016234192;1.3419871164537585;0.5177495880306061;0.8539132605522286;1.5695149209048598;1.3937982416101142;1.1623367599268113;1.4818038720226208;0.7363927893612777;1.3981380326480355;1.0913306261144382;1.5479046243446484;0.8872421708982011;-0.4031555886027945;0.956389314457752;0.8457976531204261;0.7062450693213583;0.8852166520359288;0.3553976805256133;0.8838202312109098;0.6027279801330677;-0.20345438994011894;
0.27440767017964246;1.8320515752495048;0.5778252601796413;1.1900315464271454;0.058079797684630285;1.3125870767265468;1.8729492876646712;1.8912041435129732;2.4793410859481058;1.3896192625349273;1.182200948742515;1.048779726886227;2.0227778977445108;1.8253915828742482;1.3318311649301384;3.0134886585628475;1.7347181885229548;1.4228573134131761;1.6731946302794394;1.4128194561876255;0.9528994842115783;1.7235566417764485;2.2926421165269497;1.4832491672255466;1.5102489862674662;1.1336929709181638;1.5530806238123753;1.1062692732335326;1.0938978456686619;1.034859853872256;1.802258937524952;1.1074275771057875;0.9426086051696618;2.1364910605189653;1.4927032312175632;1.7502876403992065;1.6575705435129762;1.2218229425748504;1.5538834482834327;1.8093648248303378;1.474311641756487;0.913515694191614;-0.7220262412574846;0.004304449321357548;0.6702156675249505;0.18921347461077873;0.6499901661676651;0.9005815698602788;1.0453158515768461;0.6080249565469052;0.7007819669461062;
0.9107974110179629;3.0373476197471763;0.5786075143512972;1.7284456797538261;0.5133641702129074;2.083034918117103;3.918133706766473;2.6074870832401866;3.7130870003726066;3.222342287697946;1.7511394962075832;2.5120812923552873;4.827830283885567;3.0758362129540817;2.235048601270795;1.7347181885229548;5.1347416049634464;3.5957286026746504;2.135966931583503;2.6181128750632094;1.3299943905322689;2.2160853433998673;3.334337636986034;2.4912368909447777;1.9358377955156378;1.282230025202929;0.9704225382701274;1.0114881049900204;0.8078352121224219;1.6629672819427814;2.1415724626413843;0.8271444302661346;0.9020997926280769;2.4993598996074495;1.8184328435662007;1.6790266589288148;2.5953745032401936;1.1051664679241529;2.502573836939453;1.4389777940385888;2.571799009953423;1.2608268104191653;-0.20982679045908031;-0.052840563845641966;1.3050232393080519;0.10717755279441135;1.8036536516167654;0.555600025874917;1.6555518022687967;1.548416223765799;0.1826421626946102;
0.8955932983233538;2.4928968421157673;0.5748072383233537;1.5266509289021963;0.7032379371656687;1.7791135494411152;4.008292101796414;2.4827379649900134;3.02003221003992;2.770217541896204;1.4363713517365286;2.7281927023952077;4.235084073273449;2.505850803173648;2.1815436162075783;1.4228573134131761;3.5957286026746504;4.113163948143687;1.869425215169663;2.2615331044710576;1.2111933129141699;2.311469097864264;2.7129558957485025;1.944295613672654;2.09566056594811;0.9600893469860278;0.5706284355289423;0.9437407098203593;0.40069063487025947;1.7744954816367224;2.218632474211575;1.1059153214570854;0.9080524706387232;1.982760059600797;1.9288425875249453;1.679843347385232;2.3187313949900243;1.1230071426347297;2.2177046482435108;1.2810434293612754;2.117681342495012;1.2998997175449085;0.5952930417365245;0.6695039974451086;1.5205684142115756;0.6316270002994004;1.595008889101793;0.3013703224151688;0.9982070041716584;0.9831996411177664;-0.07974952149700779;
0.5372774041317365;2.0571262418496357;0.8324392707984036;1.4946195833799054;0.07148739896872827;1.7860091369328;2.2308909362874245;2.430699905242848;2.1396833556952743;1.620470480525612;1.459054637744511;1.611640901716566;2.466905993679309;2.3896049994411186;1.747484372282106;1.6731946302794394;2.135966931583503;1.869425215169663;3.1392538842049382;1.2320461445375894;1.590723062421825;1.9031579119693933;1.53739177678643;1.6640207572987356;1.6670308485961383;1.2326216566733208;1.4083646921290747;1.4156918877045905;1.1236877781570178;1.3375714668396521;1.9240257275182986;1.018220621210913;1.3428050044577526;1.3061043197139097;1.4517726202262131;1.3885931536260787;1.7917472052428474;0.9278890925548895;1.7509872260745127;1.5971341088755806;1.1516207892880876;0.9489261964071872;-0.3604242155888216;-0.0552856844976716;0.9391834808516284;-0.030232567285428835;0.8140416518562861;0.4801232912308715;0.5296961118230215;0.500363806134398;0.07610049976047911;
0.6114247100598804;1.8745197195276107;0.2871791733932135;0.9742371776979375;0.045198931450430815;1.1687784877977405;2.977870799221551;1.3836242589487704;5.062722257538253;2.6052376930671977;1.1720417129141723;1.1783526022954118;2.8625228914703973;1.6484042676247512;1.5940081305322669;1.4128194561876255;2.6181128750632094;2.2615331044710576;1.2320461445375894;4.551651337618101;0.24757125362608134;1.284072165036596;4.883366118842307;1.7060227701862989;1.1095520632002651;0.8099109891949443;1.0626887957152367;0.5499472777445096;0.3790791663339985;0.7764551057351975;1.1164586136194279;0.5912930368130401;0.4713962572787761;4.051985247950763;0.8683546992947448;1.073524074577509;1.9029871989487692;0.7826264508582845;1.7792763916500332;0.7500303993878904;4.373510922807717;0.7094582447305383;-0.3147869037524954;-0.2075027424484364;0.311477680286095;0.2449312015369261;1.6097596953892186;0.43192083439787093;2.674606496081169;1.241732454404524;-0.0026264610179654747;
0.8163988615568883;1.3008499554956696;0.875610484890219;1.0303616890352643;0.4228681132667997;1.5767894882967373;1.2840249897604787;1.9559131537791135;0.6870335082168999;0.8282503253027288;0.8673412424351291;1.8518806330139792;1.502738167119099;1.4501227815768414;1.0407451060612114;0.9528994842115783;1.3299943905322689;1.2111933129141699;1.590723062421825;0.24757125362608134;2.616506323166987;1.1901055987292084;0.2665519665668662;0.7008459826214246;0.99758817431803;0.7169299879574191;0.6676297297072518;0.7943157346906186;0.7261620991284097;1.0371016735595446;1.1707124152162336;0.47692213158349916;2.3200234881370645;0.3082500811643381;0.9419918172188964;0.7448901201264144;0.7918720837791092;0.4075096456487027;0.760995171789755;1.1276937885296061;0.15515243522288752;0.47517172299401167;-0.21621011423153738;0.0598380341184301;1.8582123318829025;-0.13435134337325333;0.23249971011976028;0.005829975455755085;-0.07397502300066532;0.13226496340652047;-0.27813360646706564;
0.3314983626946112;2.0937994398536204;0.5711356793612768;1.4633471319627394;0.4272609874916825;1.5484788331204278;2.6000670149700595;2.4331666871390567;2.0949035281104433;1.6626679402461708;1.2074470178043906;1.89848052662675;2.8502878817232307;2.1082716264471024;1.6981782028409844;1.7235566417764485;2.2160853433998673;2.311469097864264;1.9031579119693933;1.284072165036596;1.1901055987292084;2.9744356677578265;1.8108276945708575;1.324938579494349;2.6660821084564206;0.9867423393280098;1.1879543316300734;0.916063101836328;0.6974969528077165;1.697072705861609;2.339493797318694;1.316416894364603;0.9540945031004661;1.5429356755622112;2.0559163404856857;1.8854644404324692;1.6373213171390557;1.266772591956091;1.6133917098070525;1.54851868023287;1.1845368752361922;1.285952262874256;0.05961704447105784;0.835208110931472;1.183832130652031;0.7154336758283433;0.9747673025149722;0.8176772223486364;0.4643221992082495;0.5939776937591479;0.26882449419161897;
0.2254058629341309;2.4828096546307408;-0.14908040706586942;1.6858380960878288;-0.27604715337325325;1.5911462276447057;3.610841041856288;1.500957609600797;8.323782581596813;3.411411705848295;1.4411050594610786;1.1963052958083842;3.3496227109381236;2.0660227369461075;1.9233730383033916;2.2926421165269497;3.334337636986034;2.7129558957485025;1.53739177678643;4.883366118842307;0.2665519665668662;1.8108276945708575;9.319428009940122;1.8401464569061867;1.600189347924146;0.6641347794411181;0.49282235115768536;0.4956854528143713;-0.075237295189621;0.8422623654690604;1.637645248463076;0.5889310582834333;0.5649822655489022;7.94731384403194;1.244743820998005;1.6762249454091847;2.1039964696007942;1.310260795389222;1.9378659497405133;1.139095804451097;5.445613309800401;1.0078046817964084;-0.4251863805389214;-0.4641598921956089;0.4623415684630732;-0.1521555280239519;2.0095350840718567;0.39939994660678635;4.780631326866272;1.6244776247105734;0.33910229011976234;
0.49928384826347316;1.516065739254823;0.5807732749301401;1.219856404537591;0.16155078904857056;1.3530207549767097;2.44623635257485;1.497679022707917;2.0465258458349944;1.8047814921623424;1.0772011588223547;1.3223076800998008;2.9189913751363967;1.706073085548897;1.4563124390086486;1.4832491672255466;2.4912368909447777;1.944295613672654;1.6640207572987356;1.7060227701862989;0.7008459826214246;1.324938579494349;1.8401464569061867;4.018866450153005;1.247416759414503;0.8522928111244186;1.4083318064803725;1.7108164520758478;0.9777713152029288;1.0012436825681954;1.743165527258814;1.1699141213107136;0.43179373669328003;1.4586033683166995;1.2293087815635393;1.5106510694743824;4.107637252707912;0.9045372817764478;4.007933539926806;1.1720532666400567;1.7756459030206213;0.8830998728143694;-0.32023887451097816;0.1914972465602135;0.524092950592148;0.3811678287624749;1.1664658137125756;0.4819874346839651;0.6286128214238168;0.9024217600465753;-0.0793299704790413;
0.2510195583832329;1.7933311471989353;0.4758242750499003;1.3097370943779119;0.3551154797272122;1.362463538349967;2.233192571017958;2.0362944161610166;1.8312050320226205;1.5168623060745168;1.1398347779840332;1.6565727213572852;2.465985092521615;1.8719290074650683;1.6298593511842985;1.5102489862674662;1.9358377955156378;2.09566056594811;1.6670308485961383;1.1095520632002651;0.99758817431803;2.6660821084564206;1.600189347924146;1.247416759414503;2.755158681370567;0.774782993958749;1.2821924834663987;1.0522637442315375;0.7770490800931469;1.4953390262608106;2.2352700800532257;1.3151746371590147;0.7243307856952764;1.3558560064404512;1.8682452979308026;1.703324944184963;1.519832056161009;1.2143950601596805;1.502303867671327;1.3996777076380564;1.0588560597471746;1.1713488222754482;-0.010574315349300445;0.9120631505522291;0.9933835233865579;0.8166074951696627;0.7500919244910188;0.6593923490352614;0.4566210780306046;0.6210102833000664;0.25829854748503084;
0.7374760207185613;1.1133148032202251;0.882725214051895;0.5792606468196944;0.33551161518296735;0.9101195613506335;1.1922289706586808;1.5821979329407856;1.3210194015701933;0.9514370345841648;0.7185636183033932;0.7439052242115759;1.3106977520891536;1.2768225181636739;0.923515437498339;1.1336929709181638;1.282230025202929;0.9600893469860278;1.2326216566733208;0.8099109891949443;0.7169299879574191;0.9867423393280098;0.6641347794411181;0.8522928111244186;0.774782993958749;2.888348654783745;1.1689831841383893;0.8163381596007984;1.3320196282302086;0.6024517610445769;0.7236856789886887;0.38314268397870904;0.8553399417897543;0.6648706676314033;0.6119309793147039;0.7064658704856956;0.7806235029407872;0.2529339869660675;0.7950550142448449;0.7101180948769131;0.8214927048037243;0.31133664676646716;-1.2841578383632757;-0.47426285049234973;0.329876655655356;-0.33774919822355326;0.22245352467065851;0.4269744683300075;0.31512787741849646;0.14055930729873592;-0.1433059322155689;
0.38432946994012007;1.2268357571390582;0.6807389166067871;0.5978569056353961;0.21317043188290158;0.8654362755355948;0.6821921007784431;1.5008852277178975;1.1443313957950751;0.7286133002661357;1.035476597085828;0.3264767577045907;0.8743613418629409;1.324358432375249;1.1615809828010664;1.5530806238123753;0.9704225382701274;0.5706284355289423;1.4083646921290747;1.0626887957152367;0.6676297297072518;1.1879543316300734;0.49282235115768536;1.4083318064803725;1.2821924834663987;1.1689831841383893;5.171389570951418;1.9579880722554888;2.577790710332672;0.6471908609314713;1.3679724130472417;1.0254936798536267;0.7197197960545578;0.46809149871590156;0.7181154940385903;1.0262621020891558;1.2017029877178975;0.5206776591417167;1.2737589216832992;1.1778935972787776;1.516575320525617;0.42660760526946173;-1.171505606247505;-0.09392861088489643;0.003846676380572206;0.7836100684630737;-0.008929285389221612;0.8283623822687949;0.6710387972521622;0.9336452189288091;-0.23864728898203674;
0.18201901209580762;0.7854889290219553;0.5152944520958083;0.5401387972055891;-0.02557932812375227;1.0318670040319349;1.0160420827544892;1.1740264254291402;0.7449205982834356;0.7901785584630755;0.6129948053293411;0.6979507070059892;1.2924918992415162;1.013531523532936;0.9519967430738533;1.1062692732335326;1.0114881049900204;0.9437407098203593;1.4156918877045905;0.5499472777445096;0.7943157346906186;0.916063101836328;0.4956854528143713;1.7108164520758478;1.0522637442315375;0.8163381596007984;1.9579880722554888;2.551465937724554;1.46385369057884;0.7640109096207589;1.4778060989021953;1.1029184673453098;0.5483284225349297;0.5167986471656691;0.7203258064271457;0.9547725624351284;1.8656090754291408;0.39095963670658707;1.8133369255289464;0.9505867274650694;0.5960163127145703;0.6077521755688623;-0.41291901467065883;0.43959969986027914;0.38740160890219605;0.44645335712574835;0.250240448622755;0.15044508614770483;0.03799534061876269;0.4121242819361275;-0.28208722562874256;
0.5836040409580837;0.9159190446640049;0.9143385476247514;0.5311534242781109;0.13614383765136354;0.7217572092082507;0.5195669575449099;1.2022790220691946;0.4645800683898869;0.4990479535196274;0.7189443099600803;0.21391650339321377;0.6971041246373926;1.1143334086626753;0.77313497629408;1.0938978456686619;0.8078352121224219;0.40069063487025947;1.1236877781570178;0.3790791663339985;0.7261620991284097;0.6974969528077165;-0.075237295189621;0.9777713152029288;0.7770490800931469;1.3320196282302086;2.577790710332672;1.46385369057884;2.8143997768995592;0.5115738873186967;0.8796125967997345;0.6463433345642043;0.6442375475715233;0.0671877227677977;0.47205299316034666;0.6509377621290764;0.794763372069194;0.35630655039920145;0.7983446775116427;0.758540445761809;0.4574586527012636;0.26669428568862275;-1.0677555333732551;-0.21824997695276058;0.07424830013306727;0.15594223792415168;-0.0793063837724548;0.2956546292548234;0.12286752840984692;0.3061600015834997;-0.09498389628742497;
0.5499593086826344;1.3927192770592154;0.5817649653493012;1.026696513978713;0.6071294014238191;1.1448996217830982;1.9515748771257457;1.8510661297937467;1.0815343474916814;1.1733157658549564;0.8477855058882252;1.6489705895009954;2.1876982909846987;1.4706808822554858;1.0965084016234192;1.034859853872256;1.6629672819427814;1.7744954816367224;1.3375714668396521;0.7764551057351975;1.0371016735595446;1.697072705861609;0.8422623654690604;1.0012436825681954;1.4953390262608106;0.6024517610445769;0.6471908609314713;0.7640109096207589;0.5115738873186967;1.6873358604923658;1.7350053370392566;1.0732186367797745;0.7801395932002662;0.6999220017498324;1.3627079988489688;1.2002378859614091;1.2831421397937441;0.6914655611177635;1.2272228070326014;1.0053444301330683;0.6399749115635408;0.9444651059281446;0.49908653255488916;0.5809137205322685;1.0841331103725875;0.4955010561876244;0.6728319114371258;0.29149606991350585;0.060454859547571876;0.37625536643380025;-0.08429825760479084;
-0.025375828023950345;1.9129996555222912;0.48582803864271423;1.603066939587494;0.4679174700864929;1.585015259547573;2.4407615343113775;2.0397290597538262;1.5984792676513673;1.3929994434397899;1.2173197128343298;1.8683159390818356;2.9240260140785095;2.1765158649500966;1.3419871164537585;1.802258937524952;2.1415724626413843;2.218632474211575;1.9240257275182986;1.1164586136194279;1.1707124152162336;2.339493797318694;1.637645248463076;1.743165527258814;2.2352700800532257;0.7236856789886887;1.3679724130472417;1.4778060989021953;0.8796125967997345;1.7350053370392566;3.9859769238855716;2.91257737260812;0.7200635157551561;1.4503057701530264;2.2645264389487623;2.228702935502321;2.2086843797538216;1.3783615716566893;2.079665560006664;1.8926215975781762;1.1261318215435796;1.498416166107785;0.0040405895009966355;0.878564620312708;1.282489207218896;0.9552047573852314;0.8260558978443119;0.4179121095741863;0.32493785623419824;0.9492645009048564;0.533439416407182;
0.09933727077844354;0.7444085627478385;0.4450977774451095;0.8610769445176324;0.3907346266334002;0.8382113091483705;1.2164837598802378;1.011090021889555;0.5022979591084495;0.5404201376513633;0.5574824412175653;0.912447526506985;1.424540643559549;0.9237757757884252;0.5177495880306061;1.1074275771057875;0.8271444302661346;1.1059153214570854;1.018220621210913;0.5912930368130401;0.47692213158349916;1.316416894364603;0.5889310582834333;1.1699141213107136;1.3151746371590147;0.38314268397870904;1.0254936798536267;1.1029184673453098;0.6463433345642043;1.0732186367797745;2.91257737260812;2.8151414507917307;0.1560492690685293;0.5196786555821681;1.3826646286094466;1.5303708050632097;1.5257323018895554;0.8761986578243515;1.423440175894875;1.2377721642648052;0.48360658761144504;0.9766366214970053;0.03223644788423175;0.6911389170592154;0.6098540959414496;0.7929617433133734;0.4064098900598815;0.22405450272787866;-0.058559806500332344;0.46338275170326026;0.4207706167664672;
0.7338007414371254;1.021446050884897;0.8153237447704595;0.8050540358616107;0.3093306192548235;1.2006725115901524;1.0213260413173653;1.7296757736593544;0.9687488286959416;0.7156178180572174;0.673706053273453;1.6416266617564883;1.0534554464005321;1.071548069660679;0.8539132605522286;0.9426086051696618;0.9020997926280769;0.9080524706387232;1.3428050044577526;0.4713962572787761;2.3200234881370645;0.9540945031004661;0.5649822655489022;0.43179373669328003;0.7243307856952764;0.8553399417897543;0.7197197960545578;0.5483284225349297;0.6442375475715233;0.7801395932002662;0.7200635157551561;0.1560492690685293;2.9072468058017336;0.6728016663739184;0.6173958275182964;0.5553815587491685;0.465716623659348;0.23863909726546922;0.4162105007119093;0.9432415608649348;0.4699072051630077;0.2478144635329341;-0.6215708333932145;-0.09522991654025306;1.6633749124218256;-0.22076753978043975;0.08251747934131695;0.08548941443779123;0.198187987059215;0.010648986819694109;-0.30494905443113773;
0.07483964910179722;1.9907926581969377;-0.10504620423153682;1.4369501200864967;-0.3402262295342655;1.260548145256155;2.8514349416766414;1.269105500212908;7.089615955815026;2.687667536214238;1.186472202954093;0.8448588989021947;2.6041721434996634;1.633282378962073;1.5695149209048598;2.1364910605189653;2.4993598996074495;1.982760059600797;1.3061043197139097;4.051985247950763;0.3082500811643381;1.5429356755622112;7.94731384403194;1.4586033683166995;1.3558560064404512;0.6648706676314033;0.46809149871590156;0.5167986471656691;0.0671877227677977;0.6999220017498324;1.4503057701530264;0.5196786555821681;0.6728016663739184;7.3611901885163205;1.0395832628010628;1.4305730957817704;1.6621410802129073;1.0887979704590796;1.513296390805056;0.9748822069594155;4.597698846773125;0.828398409041916;-0.6668170503792413;-0.28095831216234063;0.4095733334863598;-0.09386297638722636;1.5588945491616748;0.3894104584763803;4.054859074338;1.3067535594876927;0.3036950452694609;
0.3208455944311375;1.870478102821028;0.4880592677644713;1.620593878536259;0.6975323428875574;1.2793734725881578;2.221914622395203;1.7766770133200298;1.3495499200532277;1.2758254125282769;1.2052400923153677;1.8011857231936113;2.5286737676979407;1.9744368075648642;1.3937982416101142;1.4927032312175632;1.8184328435662007;1.9288425875249453;1.4517726202262131;0.8683546992947448;0.9419918172188964;2.0559163404856857;1.244743820998005;1.2293087815635393;1.8682452979308026;0.6119309793147039;0.7181154940385903;0.7203258064271457;0.47205299316034666;1.3627079988489688;2.2645264389487623;1.3826646286094466;0.6173958275182964;1.0395832628010628;2.5314415233666097;1.8333395898469844;1.531964883320029;1.4293067468463052;1.4013603709913538;1.4357549891483743;0.7951768399933467;1.4003914600598792;-0.23562848435129716;0.6457998065934811;1.1298362356154348;0.6393936903992025;0.5634636888023966;0.6473852665535592;0.22035213889554256;0.6013796648236869;0.7036795446706587;
-0.014983468383234605;1.4682901816899525;0.34680788828343384;1.165970140066533;0.30996718805056633;1.2582081694278089;2.0484418989820394;1.5869036493945408;1.704404399088487;1.2271355617032609;0.8736708453493031;1.4052661753093791;2.3119835819228234;1.4897574292016011;1.1623367599268113;1.7502876403992065;1.6790266589288148;1.679843347385232;1.3885931536260787;1.073524074577509;0.7448901201264144;1.8854644404324692;1.6762249454091847;1.5106510694743824;1.703324944184963;0.7064658704856956;1.0262621020891558;0.9547725624351284;0.6509377621290764;1.2002378859614091;2.228702935502321;1.5303708050632097;0.5553815587491685;1.4305730957817704;1.8333395898469844;2.176329361370588;1.8721751193945428;1.3721237065069865;1.75230696677312;1.4295588745841616;1.0783971613639387;1.1931939977245494;-0.11193955798403242;0.6009523483366594;0.818105468835663;0.6934121381636729;0.8284769855089811;0.6745311665202933;0.5028355364138392;0.6315673011443785;0.85151019251497;
0.2037324862275461;1.5258848042049216;0.4912108928942115;1.1913478372521622;0.21081907751164397;1.5390952576314016;2.9608400190419113;1.6152445940053202;2.2199191606453703;1.9246680456553573;1.010060423073854;1.619000388722553;3.4252605195874977;1.6938371629740516;1.4818038720226208;1.6575705435129762;2.5953745032401936;2.3187313949900243;1.7917472052428474;1.9029871989487692;0.7918720837791092;1.6373213171390557;2.1039964696007942;4.107637252707912;1.519832056161009;0.7806235029407872;1.2017029877178975;1.8656090754291408;0.794763372069194;1.2831421397937441;2.2086843797538216;1.5257323018895554;0.465716623659348;1.6621410802129073;1.531964883320029;1.8721751193945428;4.880121664005327;1.059558519261477;4.60558443827011;1.3457704296739879;1.9578511586693301;1.1460700019760501;0.10348986974051949;0.5241784786959416;0.7703862530871582;0.695467949840322;1.5198784204790396;0.40955861071191024;0.5961731091084492;0.9953890947371927;-0.09362443586826312;
0.22319541592814368;1.0709822465668646;0.3008006259281435;1.453180328762475;0.2580116302594815;0.8410582386427129;1.3800243429341301;0.9448599092614752;1.2746950529540957;0.8902060803193618;0.9371842185029942;0.8886149672455103;1.5349614622355283;1.0627396048503008;0.7363927893612777;1.2218229425748504;1.1051664679241529;1.1230071426347297;0.9278890925548895;0.7826264508582845;0.4075096456487027;1.266772591956091;1.310260795389222;0.9045372817764478;1.2143950601596805;0.2529339869660675;0.5206776591417167;0.39095963670658707;0.35630655039920145;0.6914655611177635;1.3783615716566893;0.8761986578243515;0.23863909726546922;1.0887979704590796;1.4293067468463052;1.3721237065069865;1.059558519261477;2.4722896149700726;0.9643883800199606;0.9608989727345307;0.7233919246307375;0.9284851383233544;-0.40101280149700624;0.06124192093812385;0.40808407165668614;0.19087065215568844;0.369069223532935;0.538186098722554;0.4589447687025943;0.43743894271457084;1.2158808692215566;
0.145830356047902;1.4587843933998703;0.4629591593812376;1.0823224930472402;0.09037913871589998;1.4736443097937453;2.808324791377241;1.570637148270129;2.07957678025283;1.8282890220093122;0.9356038609980056;1.5088517851696575;3.2874860740651934;1.648590043433131;1.3981380326480355;1.5538834482834327;2.502573836939453;2.2177046482435108;1.7509872260745127;1.7792763916500332;0.760995171789755;1.6133917098070525;1.9378659497405133;4.007933539926806;1.502303867671327;0.7950550142448449;1.2737589216832992;1.8133369255289464;0.7983446775116427;1.2272228070326014;2.079665560006664;1.423440175894875;0.4162105007119093;1.513296390805056;1.4013603709913538;1.75230696677312;4.60558443827011;0.9643883800199606;4.550237942208899;1.2611643759547564;1.8361160224683943;1.0437715577844306;0.26290350433133935;0.39444293381902884;0.7221802366733202;0.5735028618962075;1.5267943643113797;0.5006042086294076;0.522908639753827;0.9649180704125104;-0.18902609281436927;
0.14444797856287447;1.5118962724484364;0.5510856852295412;1.065054250805056;0.14949368741184238;1.1612869550765146;1.434837908682636;1.6289969696739899;1.3399609079707229;0.964822398609452;1.0322897167265461;1.2301989982435129;1.6709044902661307;1.6202073803393242;1.0913306261144382;1.8093648248303378;1.4389777940385888;1.2810434293612754;1.5971341088755806;0.7500303993878904;1.1276937885296061;1.54851868023287;1.139095804451097;1.1720532666400567;1.3996777076380564;0.7101180948769131;1.1778935972787776;0.9505867274650694;0.758540445761809;1.0053444301330683;1.8926215975781762;1.2377721642648052;0.9432415608649348;0.9748822069594155;1.4357549891483743;1.4295588745841616;1.3457704296739879;0.9608989727345307;1.2611643759547564;2.0776058524683862;0.7179483915036602;0.8327692564670648;-0.3253532066067868;-0.010992790126413958;0.8711555909115101;0.11423512978043916;0.3465440106586827;0.5115930388955419;0.3385126196074508;0.4122123598469731;0.5781581744311376;
0.3403243931137726;1.710602198769126;0.11543284644710623;1.0548180969594145;0.24763184208915406;1.1000144921490351;2.863391689520958;1.182620358669331;5.324677618656033;2.568545876161013;1.1741724015369268;1.060011239361279;2.7350087931270775;1.5133171864870245;1.5479046243446484;1.474311641756487;2.571799009953423;2.117681342495012;1.1516207892880876;4.373510922807717;0.15515243522288752;1.1845368752361922;5.445613309800401;1.7756459030206213;1.0588560597471746;0.8214927048037243;1.516575320525617;0.5960163127145703;0.4574586527012636;0.6399749115635408;1.1261318215435796;0.48360658761144504;0.4699072051630077;4.597698846773125;0.7951768399933467;1.0783971613639387;1.9578511586693301;0.7233919246307375;1.8361160224683943;0.7179483915036602;4.9181324126679975;0.6371647659880251;-0.5528534251297401;-0.28752288398536135;0.20582756821024598;0.44669406992015986;1.5968272802395236;0.27214479202261993;3.0817012328875593;1.6204147457019284;-0.08398176293413254;
