47
0.906369616170213;0.8874969619148937;0.9190285282978724;0.7956673842553191;0.6453056812765958;0.6760517172340426;0.688002440851064;0.6689695189361704;0.4630182506382978;0.6442497304255317;0.5408077665957447;0.5296800887234042;0.5555279993617022;0.46833724510638297;0.4780181055319148;0.47897291723404256;0.46833724510638297;0.4859573893617021;0.47957547276595736;0.44466595574468093;0.42453142893617013;0.460781054893617;0.42453142893617013;0.3693526170212765;0.3839150674468085;0.2719204327659574;0.31853950468085096;0.23846746978723404;0.37107548148936165;-0.6550068099999999;-0.6550068099999999;-0.6690949738297877;-0.6690949738297877;-0.7845762465957444;-0.7951788546808509;-0.9393041048936172;-0.9393041048936172;-0.9393041048936172;-0.9393041048936172;-0.9152950212765955;-0.9152950212765955;-0.9362674840425532;-0.7493751540425533;-0.9362674840425532;-0.9056962325531913;-0.9061493389361701;-0.8875684306382978;
0.8874969619148937;0.8774738740425531;0.8993011008510634;0.8082445878723405;0.670925339361702;0.7013949263829788;0.6560351895744679;0.6353029755319151;0.473424454680851;0.6107948997872341;0.5725714717021276;0.5617856406382978;0.578360715319149;0.5024064874468085;0.5025809972340426;0.5097696863829786;0.5024064874468085;0.5211811653191489;0.5060424636170214;0.43301277212765965;0.46156873553191485;0.4910749525531914;0.46156873553191485;0.4047726114893617;0.4092886812765958;0.3046882536170213;0.3512607176595744;0.271450445106383;0.38970661425531916;-0.6451872200000002;-0.6451872200000002;-0.6647378080851063;-0.6647378080851063;-0.7742095817021272;-0.7852409976595748;-0.9325033225531916;-0.9325033225531916;-0.9325033225531916;-0.9325033225531916;-0.9065047993617021;-0.9065047993617021;-0.9281077729787236;-0.7402617729787232;-0.9281077729787236;-0.8978616387234042;-0.8982310855319147;-0.8801451946808512;
0.9190285282978724;0.8993011008510634;0.9563673370212764;0.8513948174468088;0.6774459872340426;0.7304608076595743;0.7294942614893619;0.7097680106382978;0.480753133617021;0.6839867057446807;0.6027753840425532;0.5928015327659575;0.6172803763829786;0.5296686789361701;0.5360852046808511;0.5357060776595746;0.5296686789361701;0.5475506263829788;0.5341847323404254;0.48368757255319145;0.48431510063829775;0.5214093110638297;0.48431510063829775;0.424797639787234;0.4330812155319149;0.3193819223404254;0.3691994731914894;0.2842281121276595;0.42180565510638307;-0.7076256200000001;-0.7076256200000001;-0.7272685417021278;-0.7272685417021278;-0.8351119640425531;-0.8498001131914893;-1.0072321210638298;-1.0072321210638298;-1.0072321210638298;-1.0072321210638298;-0.9746226172340426;-0.9746226172340426;-1.0011030395744678;-0.7982602295744683;-1.0011030395744678;-0.9636983244680851;-0.9640252606382981;-0.9440207736170212;
0.7956673842553191;0.8082445878723405;0.8513948174468088;0.9526830863829787;0.8380011519148937;0.909402200851064;0.6470125912765959;0.6179646334042553;0.49835798595744696;0.5914059206382978;0.889062404893617;0.8852339180851067;0.8592374340425535;0.8313743776595746;0.7841344482978725;0.808510210851064;0.8313743776595746;0.8543615040425528;0.7803383691489363;0.5328518336170214;0.7995560234042554;0.8060559623404256;0.7995560234042554;0.7249288855319147;0.6620087661702129;0.5910288991489361;0.6449401170212764;0.5558015846808511;0.6282499172340422;-0.7393954899999999;-0.7393954899999999;-0.8127193857446809;-0.8127193857446809;-0.8449725948936171;-0.8736078570212764;-1.0699386123404253;-1.0699386123404253;-1.0699386123404253;-1.0699386123404253;-1.0040275819148934;-1.0040275819148934;-1.0493741010638293;-0.8148600010638296;-1.0493741010638293;-0.9952766538297873;-0.9949003134042552;-0.9755030459574467;
0.6453056812765958;0.670925339361702;0.6774459872340426;0.8380011519148937;0.8397776395744679;0.8830448542553188;0.49462953638297874;0.4645029070212765;0.46085423978723417;0.44103327319148933;0.9211488744680852;0.8982427504255319;0.829219800212766;0.8570600082978727;0.7684510614893618;0.8457748142553194;0.8570600082978727;0.8987669702127659;0.7893724857446807;0.44049872808510643;0.8561189270212763;0.8155464617021279;0.8561189270212763;0.7862398376595746;0.6806612908510639;0.6580932057446809;0.7041905951063827;0.6292600934042551;0.6201259061702126;-0.6411190999999997;-0.6411190999999997;-0.7264359387234042;-0.7264359387234042;-0.7052769044680851;-0.738648745106383;-0.9448024917021274;-0.9448024917021274;-0.9448024917021274;-0.9448024917021274;-0.854913739574468;-0.854913739574468;-0.9133178753191489;-0.6906119853191488;-0.9133178753191489;-0.8517947291489362;-0.8508250270212766;-0.835373109787234;
0.6760517172340426;0.7013949263829788;0.7304608076595743;0.909402200851064;0.8830448542553188;0.9506972974468082;0.5475707561702129;0.516350559787234;0.48687249212765965;0.49141397808510623;0.9931215853191487;0.9714525657446812;0.9015045278723407;0.9275459970212766;0.8358843451063825;0.9113306474468083;0.9275459970212766;0.9695336578723406;0.8528505525531918;0.487339289148936;0.9241570497872342;0.8850760729787235;0.9241570497872342;0.848927543404255;0.7373917814893615;0.7112230325531912;0.7614047789361702;0.6800422359574471;0.6781959982978722;-0.7054375800000002;-0.7054375800000002;-0.7953883327659572;-0.7953883327659572;-0.771173785319149;-0.8086377789361703;-1.0294449929787233;-1.0294449929787233;-1.0294449929787233;-1.0294449929787233;-0.9317814142553188;-0.9317814142553188;-0.9952027068085108;-0.7536452768085105;-0.9952027068085108;-0.9269895985106382;-0.9258846197872339;-0.9086349521276595;
0.688002440851064;0.6560351895744679;0.7294942614893619;0.6470125912765959;0.49462953638297874;0.5475707561702129;1.1657043642553189;1.1649407146808513;0.2256214831914894;1.1375435721276594;0.8978435829787234;0.9310589936170208;0.9829655868085106;0.8791419855319149;0.9064913176595748;0.8124591461702126;0.8791419855319149;0.8682140568085105;0.8128985338297874;0.7880018987234042;0.816451994680851;0.906822494468085;0.816451994680851;0.738005765106383;0.6892368972340427;0.5982030438297873;0.6597469734042553;0.5593208389361702;0.8006716674468086;-0.9336602899999995;-0.9336602899999995;-0.9632332191489362;-0.9632332191489362;-1.0100060829787232;-1.0666174234042556;-1.2727716144680856;-1.2727716144680856;-1.2727716144680856;-1.2727716144680856;-1.1738629163829786;-1.1738629163829786;-1.2527613802127657;-0.965962460212766;-1.2527613802127657;-1.1584947027659576;-1.158012234680851;-1.1341306731914895;
0.6689695189361704;0.6353029755319151;0.7097680106382978;0.6179646334042553;0.4645029070212765;0.516350559787234;1.1649407146808513;1.1714381391489357;0.20988222851063826;1.147517682340426;0.8597502512765957;0.8922877629787236;0.949467171489362;0.8409854080851064;0.8742660704255323;0.7766137597872339;0.8409854080851064;0.8289307614893617;0.779464360212766;0.7721778565957448;0.7778007091489361;0.8720058819148936;0.7778007091489361;0.7017939636170213;0.6586946559574467;0.566282910212766;0.627902595744681;0.5279820438297871;0.7870574631914895;-0.92274304;-0.92274304;-0.9485662710638298;-0.9485662710638298;-0.9974704312765955;-1.052745415744681;-1.2530936019148935;-1.2530936019148935;-1.2530936019148935;-1.2530936019148935;-1.1572675670212766;-1.1572675670212766;-1.2339561672340427;-0.953614757234043;-1.2339561672340427;-1.1415988240425534;-1.1411929091489366;-1.1174605585106383;
0.4630182506382978;0.473424454680851;0.480753133617021;0.49835798595744696;0.46085423978723417;0.48687249212765965;0.2256214831914894;0.20988222851063826;0.4610132948936169;0.1973625265957447;0.3200593072340425;0.28710241021276595;0.27900039510638297;0.2495581291489362;0.22146796574468086;0.28503299212765965;0.2495581291489362;0.286351385106383;0.26203284787234044;0.16095614404255315;0.2480139485106383;0.23018368085106375;0.2480139485106383;0.21665355382978724;0.22101851042553194;0.16006179787234043;0.1851490625531915;0.1416254817021277;0.15957239808510643;-0.3344124399999999;-0.3344124399999999;-0.36417759936170213;-0.36417759936170213;-0.40100654723404255;-0.4034315925531915;-0.5098310308510638;-0.5098310308510638;-0.5098310308510638;-0.5098310308510638;-0.48177580978723383;-0.48177580978723383;-0.4987510676595745;-0.3901462276595744;-0.4987510676595745;-0.4817584195744678;-0.4820395685106381;-0.47332689489361707;
0.6442497304255317;0.6107948997872341;0.6839867057446807;0.5914059206382978;0.44103327319148933;0.49141397808510623;1.1375435721276594;1.147517682340426;0.1973625265957447;1.1292077310638295;0.8253015514893616;0.8575768668085106;0.9158545534042553;0.8081954927659575;0.8433527638297872;0.7447722580851062;0.8081954927659575;0.7950399634042554;0.7487959219148936;0.7484677993617019;0.7457936523404254;0.8405162472340426;0.7457936523404254;0.6722915925531915;0.6316763436170213;0.5412833919148937;0.6025300517021276;0.503952434468085;0.7722856187234046;-0.9005237899999999;-0.9005237899999999;-0.9244704395744684;-0.9244704395744684;-0.9729125814893618;-1.0265490517021276;-1.2206173572340429;-1.2206173572340429;-1.2206173572340429;-1.2206173572340429;-1.1278305431914892;-1.1278305431914892;-1.2021049051063828;-0.929972665106383;-1.2021049051063828;-1.1123281463829786;-1.1119669123404257;-1.0887724865957447;
0.5408077665957447;0.5725714717021276;0.6027753840425532;0.889062404893617;0.9211488744680852;0.9931215853191487;0.8978435829787234;0.8597502512765957;0.3200593072340425;0.8253015514893616;1.6516301480851059;1.6849009155319152;1.5619840327659564;1.663619167872341;1.507396149361702;1.5346756253191478;1.663619167872341;1.681244262765957;1.4467199946808504;0.8415644351063828;1.6584263312765957;1.61301478212766;1.6584263312765957;1.5442836795744674;1.2901202510638297;1.3358095146808513;1.4025980863829783;1.2991097742553188;1.2706232902127663;-1.0084771900000005;-1.0084771900000005;-1.1420729034042552;-1.1420729034042552;-1.0156066680851064;-1.111883426382979;-1.4371530321276593;-1.4371530321276593;-1.4371530321276593;-1.4371530321276593;-1.2348938244680854;-1.2348938244680854;-1.3761985191489363;-0.9949177091489361;-1.3761985191489363;-1.22902207893617;-1.2258519512765955;-1.2047894772340428;
0.5296800887234042;0.5617856406382978;0.5928015327659575;0.8852339180851067;0.8982427504255319;0.9714525657446812;0.9310589936170208;0.8922877629787236;0.28710241021276595;0.8575768668085106;1.6849009155319152;1.7613018995744676;1.6445561497872336;1.752153631702128;1.601125508510638;1.5594988557446814;1.752153631702128;1.7348955597872349;1.4894361042553192;0.8769801519148935;1.7242383229787233;1.7099878382978726;1.7242383229787233;1.6048287623404256;1.3295349091489364;1.3869540042553188;1.4572165948936169;1.3490595765957454;1.3541986538297868;-1.0318220900000001;-1.0318220900000001;-1.1680530512765956;-1.1680530512765956;-1.0372151655319146;-1.1378081548936168;-1.467719688297872;-1.467719688297872;-1.467719688297872;-1.467719688297872;-1.260418650425532;-1.260418650425532;-1.4060858646808512;-1.015875824680851;-1.4060858646808512;-1.2541571908510634;-1.2510648929787234;-1.229340340212766;
0.5555279993617022;0.578360715319149;0.6172803763829786;0.8592374340425535;0.829219800212766;0.9015045278723407;0.9829655868085106;0.949467171489362;0.27900039510638297;0.9158545534042553;1.5619840327659564;1.6445561497872336;1.5779340948936167;1.6263684408510637;1.5188944742553192;1.4395602678723405;1.6263684408510637;1.6033291948936166;1.3870297221276597;0.8947876559574474;1.5838442914893618;1.609378129148937;1.5838442914893618;1.468772236170213;1.2471357495744675;1.2611567921276596;1.3329994474468083;1.2217143682978726;1.2941039019148937;-1.0389348100000002;-1.0389348100000002;-1.1610095606382982;-1.1610095606382982;-1.0538947927659574;-1.149096327446808;-1.4629620191489363;-1.4629620191489363;-1.4629620191489363;-1.4629620191489363;-1.269558290212766;-1.269558290212766;-1.4068824023404252;-1.0256228123404254;-1.4068824023404252;-1.2609040304255317;-1.2584408814893613;-1.235361895106383;
0.46833724510638297;0.5024064874468085;0.5296686789361701;0.8313743776595746;0.8570600082978727;0.9275459970212766;0.8791419855319149;0.8409854080851064;0.2495581291489362;0.8081954927659575;1.663619167872341;1.752153631702128;1.6263684408510637;1.76709197319149;1.612485155957447;1.536834477021277;1.76709197319149;1.7279204708510647;1.4645571329787237;0.8430290023404254;1.7414080380851051;1.7245161768085109;1.7414080380851051;1.626156810638299;1.3151664334042557;1.4133931829787234;1.4805223304255326;1.379075973617022;1.367223194680851;-0.9882822600000001;-0.9882822600000001;-1.126676434893617;-1.126676434893617;-0.9874093078723404;-1.088656470425532;-1.4121608068085103;-1.4121608068085103;-1.4121608068085103;-1.4121608068085103;-1.2052917982978721;-1.2052917982978721;-1.3509674312765958;-0.9718423612765956;-1.3509674312765958;-1.2007062265957447;-1.1970834180851062;-1.177337249148936;
0.4780181055319148;0.5025809972340426;0.5360852046808511;0.7841344482978725;0.7684510614893618;0.8358843451063825;0.9064913176595748;0.8742660704255323;0.22146796574468086;0.8433527638297872;1.507396149361702;1.601125508510638;1.5188944742553192;1.612485155957447;1.5110251897872344;1.3876176951063826;1.612485155957447;1.561678774255319;1.3344794848936172;0.8408537217021276;1.571530530425531;1.5962336940425526;1.571530530425531;1.4622459231914895;1.188753587021276;1.2624778748936172;1.3293579321276596;1.2271785580851065;1.2841147034042555;-0.9472892500000002;-0.9472892500000002;-1.0701271644680852;-1.0701271644680852;-0.9822289993617018;-1.0709095721276598;-1.3531948440425525;-1.3531948440425525;-1.3531948440425525;-1.3531948440425525;-1.1858758414893613;-1.1858758414893613;-1.3067176663829783;-0.958231986382979;-1.3067176663829783;-1.1791610729787232;-1.1762550304255317;-1.1565885557446807;
0.47897291723404256;0.5097696863829786;0.5357060776595746;0.808510210851064;0.8457748142553194;0.9113306474468083;0.8124591461702126;0.7766137597872339;0.28503299212765965;0.7447722580851062;1.5346756253191478;1.5594988557446814;1.4395602678723405;1.536834477021277;1.3876176951063826;1.4357208774468087;1.536834477021277;1.5575835778723395;1.3565380825531912;0.769278889148936;1.5334478397872344;1.4874264929787233;1.5334478397872344;1.427768643404255;1.1909072414893613;1.2347034325531911;1.2954633489361702;1.2010768959574467;1.1675428782978727;-0.9154824299999998;-0.9154824299999998;-1.0413343927659573;-1.0413343927659573;-0.917859755319149;-1.0075299389361703;-1.3092875329787232;-1.3092875329787232;-1.3092875329787232;-1.3092875329787232;-1.1188701842553193;-1.1188701842553193;-1.2527621668085107;-0.9006898168085106;-1.2527621668085107;-1.1147342585106381;-1.1119132797872338;-1.0931791421276595;
0.46833724510638297;0.5024064874468085;0.5296686789361701;0.8313743776595746;0.8570600082978727;0.9275459970212766;0.8791419855319149;0.8409854080851064;0.2495581291489362;0.8081954927659575;1.663619167872341;1.752153631702128;1.6263684408510637;1.76709197319149;1.612485155957447;1.536834477021277;1.76709197319149;1.7279204708510647;1.4645571329787237;0.8430290023404254;1.7414080380851051;1.7245161768085109;1.7414080380851051;1.626156810638299;1.3151664334042557;1.4133931829787234;1.4805223304255326;1.379075973617022;1.367223194680851;-0.9882822600000001;-0.9882822600000001;-1.126676434893617;-1.126676434893617;-0.9874093078723404;-1.088656470425532;-1.4121608068085103;-1.4121608068085103;-1.4121608068085103;-1.4121608068085103;-1.2052917982978721;-1.2052917982978721;-1.3509674312765958;-0.9718423612765956;-1.3509674312765958;-1.2007062265957447;-1.1970834180851062;-1.177337249148936;
0.4859573893617021;0.5211811653191489;0.5475506263829788;0.8543615040425528;0.8987669702127659;0.9695336578723406;0.8682140568085105;0.8289307614893617;0.286351385106383;0.7950399634042554;1.681244262765957;1.7348955597872349;1.6033291948936166;1.7279204708510647;1.561678774255319;1.5575835778723395;1.7279204708510647;1.7322585948936169;1.4650314421276593;0.8319362559574466;1.7239167714893617;1.6756282191489364;1.7239167714893617;1.6094718361702123;1.3327273495744683;1.4004572821276595;1.4658063574468092;1.365868998297873;1.3172801119148934;-0.9900682599999999;-0.9900682599999999;-1.1290956206382978;-1.1290956206382978;-0.9901332827659575;-1.0898606674468088;-1.416188959148936;-1.416188959148936;-1.416188959148936;-1.416188959148936;-1.209063910212766;-1.209063910212766;-1.353557882340425;-0.9717477423404259;-1.353557882340425;-1.2045312804255317;-1.2009261314893618;-1.1810946151063828;
0.47957547276595736;0.5060424636170214;0.5341847323404254;0.7803383691489363;0.7893724857446807;0.8528505525531918;0.8128985338297874;0.779464360212766;0.26203284787234044;0.7487959219148936;1.4467199946808504;1.4894361042553192;1.3870297221276597;1.4645571329787237;1.3344794848936172;1.3565380825531912;1.4645571329787237;1.4650314421276593;1.3108981574468084;0.7593188508510641;1.4388734002127663;1.4255977370212771;1.4388734002127663;1.3359784665957448;1.1151051485106382;1.1469288974468086;1.20766026106383;1.112970314042553;1.1262771517021282;-0.9059065999999998;-0.9059065999999998;-1.0222923472340428;-1.0222923472340428;-0.8820553946808513;-0.97411865106383;-1.2819787270212766;-1.2819787270212766;-1.2819787270212766;-1.2819787270212766;-1.0753025357446806;-1.0753025357446806;-1.2264476331914893;-0.8699911631914893;-1.2264476331914893;-1.0717616914893615;-1.0695846702127663;-1.0515177978723407;
0.44466595574468093;0.43301277212765965;0.48368757255319145;0.5328518336170214;0.44049872808510643;0.487339289148936;0.7880018987234042;0.7721778565957448;0.16095614404255315;0.7484677993617019;0.8415644351063828;0.8769801519148935;0.8947876559574474;0.8430290023404254;0.8408537217021276;0.769278889148936;0.8430290023404254;0.8319362559574466;0.7593188508510641;0.7435904063829784;0.7977208965957443;0.8583873976595746;0.7977208965957443;0.728623374468085;0.6529235138297875;0.6050371508510638;0.6548122729787234;0.5747833553191489;0.7253171627659576;-0.7179458999999999;-0.7179458999999999;-0.7804890742553191;-0.7804890742553191;-0.7804895351063829;-0.8329136529787234;-1.0002553576595743;-1.0002553576595743;-1.0002553576595743;-1.0002553576595743;-0.9092808780851064;-0.9092808780851064;-0.9804386289361703;-0.74161496893617;-0.9804386289361703;-0.8992062761702126;-0.8985446165957449;-0.8811880840425531;
0.42453142893617013;0.46156873553191485;0.48431510063829775;0.7995560234042554;0.8561189270212763;0.9241570497872342;0.816451994680851;0.7778007091489361;0.2480139485106383;0.7457936523404254;1.6584263312765957;1.7242383229787233;1.5838442914893618;1.7414080380851051;1.571530530425531;1.5334478397872344;1.7414080380851051;1.7239167714893617;1.4388734002127663;0.7977208965957443;1.7398940391489368;1.6885425919148933;1.7398940391489368;1.629990803617022;1.3173470459574466;1.4265467202127664;1.4885220257446812;1.3957144538297876;1.3287751031914896;-0.94608714;-0.94608714;-1.0871855910638297;-1.0871855910638297;-0.9396220212765957;-1.0400398757446807;-1.3599679819148935;-1.3599679819148935;-1.3599679819148935;-1.3599679819148935;-1.1531330070212764;-1.1531330070212764;-1.2978345772340423;-0.9272608972340426;-1.2978345772340423;-1.150310924042553;-1.146139009148936;-1.1283737385106387;
0.460781054893617;0.4910749525531914;0.5214093110638297;0.8060559623404256;0.8155464617021279;0.8850760729787235;0.906822494468085;0.8720058819148936;0.23018368085106375;0.8405162472340426;1.61301478212766;1.7099878382978726;1.609378129148937;1.7245161768085109;1.5962336940425526;1.4874264929787233;1.7245161768085109;1.6756282191489364;1.4255977370212771;0.8583873976595746;1.6885425919148933;1.6998661531914896;1.6885425919148933;1.5742333293617023;1.275380236595745;1.3634908170212765;1.4326306695744682;1.328311706382978;1.363933245319149;-0.9906338300000003;-0.9906338300000003;-1.123460865106383;-1.123460865106383;-0.9928367021276598;-1.092514059574468;-1.408078623191489;-1.408078623191489;-1.408078623191489;-1.408078623191489;-1.206773641702127;-1.206773641702127;-1.3493812787234043;-0.9751973687234042;-1.3493812787234043;-1.201091503404255;-1.1978223119148936;-1.1774611908510642;
0.42453142893617013;0.46156873553191485;0.48431510063829775;0.7995560234042554;0.8561189270212763;0.9241570497872342;0.816451994680851;0.7778007091489361;0.2480139485106383;0.7457936523404254;1.6584263312765957;1.7242383229787233;1.5838442914893618;1.7414080380851051;1.571530530425531;1.5334478397872344;1.7414080380851051;1.7239167714893617;1.4388734002127663;0.7977208965957443;1.7398940391489368;1.6885425919148933;1.7398940391489368;1.629990803617022;1.3173470459574466;1.4265467202127664;1.4885220257446812;1.3957144538297876;1.3287751031914896;-0.94608714;-0.94608714;-1.0871855910638297;-1.0871855910638297;-0.9396220212765957;-1.0400398757446807;-1.3599679819148935;-1.3599679819148935;-1.3599679819148935;-1.3599679819148935;-1.1531330070212764;-1.1531330070212764;-1.2978345772340423;-0.9272608972340426;-1.2978345772340423;-1.150310924042553;-1.146139009148936;-1.1283737385106387;
0.3693526170212765;0.4047726114893617;0.424797639787234;0.7249288855319147;0.7862398376595746;0.848927543404255;0.738005765106383;0.7017939636170213;0.21665355382978724;0.6722915925531915;1.5442836795744674;1.6048287623404256;1.468772236170213;1.626156810638299;1.4622459231914895;1.427768643404255;1.626156810638299;1.6094718361702123;1.3359784665957448;0.728623374468085;1.629990803617022;1.5742333293617023;1.629990803617022;1.5376098221276595;1.2279876446808513;1.3433402465957447;1.3962335480851067;1.3255519987234037;1.2350835289361706;-0.8746260399999998;-0.8746260399999998;-1.0089565729787238;-1.0089565729787238;-0.8435529595744682;-0.9398641180851066;-1.242620229361702;-1.242620229361702;-1.242620229361702;-1.242620229361702;-1.0419317176595748;-1.0419317176595748;-1.182153254255319;-0.8464105942553194;-1.182153254255319;-1.039043685319149;-1.035258323617021;-1.0192801638297873;
0.3839150674468085;0.4092886812765958;0.4330812155319149;0.6620087661702129;0.6806612908510639;0.7373917814893615;0.6892368972340427;0.6586946559574467;0.22101851042553194;0.6316763436170213;1.2901202510638297;1.3295349091489364;1.2471357495744675;1.3151664334042557;1.188753587021276;1.1909072414893613;1.3151664334042557;1.3327273495744683;1.1151051485106382;0.6529235138297875;1.3173470459574466;1.275380236595745;1.3173470459574466;1.2279876446808513;1.111235638297873;1.0890512285106384;1.1389487197872334;1.0587712331914898;1.0029158976595742;-0.8025761000000002;-0.8025761000000002;-0.9113283925531916;-0.9113283925531916;-0.7992663810638296;-0.8811204597872335;-1.1449833265957448;-1.1449833265957448;-1.1449833265957448;-1.1449833265957448;-0.9722898708510641;-0.9722898708510641;-1.0949453193617023;-0.754944599361702;-1.0949453193617023;-0.9703028517021275;-0.967026255957447;-0.9520026904255322;
0.2719204327659574;0.3046882536170213;0.3193819223404254;0.5910288991489361;0.6580932057446809;0.7112230325531912;0.5982030438297873;0.566282910212766;0.16006179787234043;0.5412833919148937;1.3358095146808513;1.3869540042553188;1.2611567921276596;1.4133931829787234;1.2624778748936172;1.2347034325531911;1.4133931829787234;1.4004572821276595;1.1469288974468086;0.6050371508510638;1.4265467202127664;1.3634908170212765;1.4265467202127664;1.3433402465957447;1.0890512285106384;1.2247805574468085;1.2461675610638303;1.194325574042553;1.0654188017021278;-0.7249395800000001;-0.7249395800000001;-0.8471127372340423;-0.8471127372340423;-0.7059565246808509;-0.7915364810638297;-1.0546590470212767;-1.0546590470212767;-1.0546590470212767;-1.0546590470212767;-0.8761254657446808;-0.8761254657446808;-1.0029978831914894;-0.7022884831914893;-1.0029978831914894;-0.8769243214893615;-0.8684853002127657;-0.8616311478723404;
0.31853950468085096;0.3512607176595744;0.3691994731914894;0.6449401170212764;0.7041905951063827;0.7614047789361702;0.6597469734042553;0.627902595744681;0.1851490625531915;0.6025300517021276;1.4025980863829783;1.4572165948936169;1.3329994474468083;1.4805223304255326;1.3293579321276596;1.2954633489361702;1.4805223304255326;1.4658063574468092;1.20766026106383;0.6548122729787234;1.4885220257446812;1.4326306695744682;1.4885220257446812;1.3962335480851067;1.1389487197872334;1.2461675610638303;1.316085318723404;1.2191199691489363;1.1421755459574467;-0.7925160300000003;-0.7925160300000003;-0.9165871053191489;-0.9165871053191489;-0.7822520863829784;-0.8696031187234042;-1.144387709574468;-1.144387709574468;-1.144387709574468;-1.144387709574468;-0.963726925106383;-0.963726925106383;-1.090442166170213;-0.7724152861702128;-1.090442166170213;-0.9627405602127658;-0.9583789857446807;-0.9448506125531914;
0.23846746978723404;0.271450445106383;0.2842281121276595;0.5558015846808511;0.6292600934042551;0.6800422359574471;0.5593208389361702;0.5279820438297871;0.1416254817021277;0.503952434468085;1.2991097742553188;1.3490595765957454;1.2217143682978726;1.379075973617022;1.2271785580851065;1.2010768959574467;1.379075973617022;1.365868998297873;1.112970314042553;0.5747833553191489;1.3957144538297876;1.328311706382978;1.3957144538297876;1.3255519987234037;1.0587712331914898;1.194325574042553;1.2191199691489363;1.1818721927659575;1.0342058206382985;-0.6953448000000002;-0.6953448000000002;-0.816760010212766;-0.816760010212766;-0.653157084255319;-0.737915369148936;-0.9967398663829784;-0.9967398663829784;-0.9967398663829784;-0.9967398663829784;-0.8181126434042553;-0.8181126434042553;-0.9441843774468084;-0.6640741974468086;-0.9441843774468084;-0.8189591168085105;-0.8136147338297872;-0.8044991617021277;
0.37107548148936165;0.38970661425531916;0.42180565510638307;0.6282499172340422;0.6201259061702126;0.6781959982978722;0.8006716674468086;0.7870574631914895;0.15957239808510643;0.7722856187234046;1.2706232902127663;1.3541986538297868;1.2941039019148937;1.367223194680851;1.2841147034042555;1.1675428782978727;1.367223194680851;1.3172801119148934;1.1262771517021282;0.7253171627659576;1.3287751031914896;1.363933245319149;1.3287751031914896;1.2350835289361706;1.0029158976595742;1.0654188017021278;1.1421755459574467;1.0342058206382985;1.187556625531915;-0.8601175800000002;-0.8601175800000002;-0.9627666585106383;-0.9627666585106383;-0.8647718002127661;-0.9466586659574471;-1.2061715153191486;-1.2061715153191486;-1.2061715153191486;-1.2061715153191486;-1.0415993861702133;-1.0415993861702133;-1.1583008378723407;-0.8460900478723407;-1.1583008378723407;-1.0347839423404253;-1.0324426231914894;-1.0139904280851066;
-0.6550068099999999;-0.6451872200000002;-0.7076256200000001;-0.7393954899999999;-0.6411190999999997;-0.7054375800000002;-0.9336602899999995;-0.92274304;-0.3344124399999999;-0.9005237899999999;-1.0084771900000005;-1.0318220900000001;-1.0389348100000002;-0.9882822600000001;-0.9472892500000002;-0.9154824299999998;-0.9882822600000001;-0.9900682599999999;-0.9059065999999998;-0.7179458999999999;-0.94608714;-0.9906338300000003;-0.94608714;-0.8746260399999998;-0.8025761000000002;-0.7249395800000001;-0.7925160300000003;-0.6953448000000002;-0.8601175800000002;1.1310999600000005;1.1310999600000005;1.1403610900000005;1.1403610900000005;0.8543685400000005;0.9780632799999998;1.37424784;1.37424784;1.37424784;1.37424784;1.0351174100000002;1.0351174100000002;1.28860929;0.875576;1.28860929;1.0141384999999998;1.0126844999999993;0.9861024300000004;
-0.6550068099999999;-0.6451872200000002;-0.7076256200000001;-0.7393954899999999;-0.6411190999999997;-0.7054375800000002;-0.9336602899999995;-0.92274304;-0.3344124399999999;-0.9005237899999999;-1.0084771900000005;-1.0318220900000001;-1.0389348100000002;-0.9882822600000001;-0.9472892500000002;-0.9154824299999998;-0.9882822600000001;-0.9900682599999999;-0.9059065999999998;-0.7179458999999999;-0.94608714;-0.9906338300000003;-0.94608714;-0.8746260399999998;-0.8025761000000002;-0.7249395800000001;-0.7925160300000003;-0.6953448000000002;-0.8601175800000002;1.1310999600000005;1.1310999600000005;1.1403610900000005;1.1403610900000005;0.8543685400000005;0.9780632799999998;1.37424784;1.37424784;1.37424784;1.37424784;1.0351174100000002;1.0351174100000002;1.28860929;0.875576;1.28860929;1.0141384999999998;1.0126844999999993;0.9861024300000004;
-0.6690949738297877;-0.6647378080851063;-0.7272685417021278;-0.8127193857446809;-0.7264359387234042;-0.7953883327659572;-0.9632332191489362;-0.9485662710638298;-0.36417759936170213;-0.9244704395744684;-1.1420729034042552;-1.1680530512765956;-1.1610095606382982;-1.126676434893617;-1.0701271644680852;-1.0413343927659573;-1.126676434893617;-1.1290956206382978;-1.0222923472340428;-0.7804890742553191;-1.0871855910638297;-1.123460865106383;-1.0871855910638297;-1.0089565729787238;-0.9113283925531916;-0.8471127372340423;-0.9165871053191489;-0.816760010212766;-0.9627666585106383;1.1403610900000005;1.1403610900000005;1.2744422161702127;1.2744422161702127;0.8973864634042554;1.027269405319149;1.4404247451063834;1.4404247451063834;1.4404247451063834;1.4404247451063834;1.090951058723404;1.090951058723404;1.3494473859574472;0.9208591659574469;1.3494473859574472;1.0686144974468086;1.06673339106383;1.0393378493617023;
-0.6690949738297877;-0.6647378080851063;-0.7272685417021278;-0.8127193857446809;-0.7264359387234042;-0.7953883327659572;-0.9632332191489362;-0.9485662710638298;-0.36417759936170213;-0.9244704395744684;-1.1420729034042552;-1.1680530512765956;-1.1610095606382982;-1.126676434893617;-1.0701271644680852;-1.0413343927659573;-1.126676434893617;-1.1290956206382978;-1.0222923472340428;-0.7804890742553191;-1.0871855910638297;-1.123460865106383;-1.0871855910638297;-1.0089565729787238;-0.9113283925531916;-0.8471127372340423;-0.9165871053191489;-0.816760010212766;-0.9627666585106383;1.1403610900000005;1.1403610900000005;1.2744422161702127;1.2744422161702127;0.8973864634042554;1.027269405319149;1.4404247451063834;1.4404247451063834;1.4404247451063834;1.4404247451063834;1.090951058723404;1.090951058723404;1.3494473859574472;0.9208591659574469;1.3494473859574472;1.0686144974468086;1.06673339106383;1.0393378493617023;
-0.7845762465957444;-0.7742095817021272;-0.8351119640425531;-0.8449725948936171;-0.7052769044680851;-0.771173785319149;-1.0100060829787232;-0.9974704312765955;-0.40100654723404255;-0.9729125814893618;-1.0156066680851064;-1.0372151655319146;-1.0538947927659574;-0.9874093078723404;-0.9822289993617018;-0.917859755319149;-0.9874093078723404;-0.9901332827659575;-0.8820553946808513;-0.7804895351063829;-0.9396220212765957;-0.9928367021276598;-0.9396220212765957;-0.8435529595744682;-0.7992663810638296;-0.7059565246808509;-0.7822520863829784;-0.653157084255319;-0.8647718002127661;0.8543685400000005;0.8543685400000005;0.8973864634042554;0.8973864634042554;1.2489208880851064;1.2424742563829785;1.2670911821276594;1.2670911821276594;1.2670911821276594;1.2670911821276594;1.405568704468085;1.405568704468085;1.2655787891489354;1.0869767391489362;1.2655787891489354;1.3688132089361698;1.3674110812765954;1.3273140372340424;
-0.7951788546808509;-0.7852409976595748;-0.8498001131914893;-0.8736078570212764;-0.738648745106383;-0.8086377789361703;-1.0666174234042556;-1.052745415744681;-0.4034315925531915;-1.0265490517021276;-1.111883426382979;-1.1378081548936168;-1.149096327446808;-1.088656470425532;-1.0709095721276598;-1.0075299389361703;-1.088656470425532;-1.0898606674468088;-0.97411865106383;-0.8329136529787234;-1.0400398757446807;-1.092514059574468;-1.0400398757446807;-0.9398641180851066;-0.8811204597872335;-0.7915364810638297;-0.8696031187234042;-0.737915369148936;-0.9466586659574471;0.9780632799999998;0.9780632799999998;1.027269405319149;1.027269405319149;1.2424742563829785;1.2900662587234046;1.4109574295744682;1.4109574295744682;1.4109574295744682;1.4109574295744682;1.4048219651063834;1.4048219651063834;1.3905443161702127;1.0958391661702127;1.3905443161702127;1.3719407002127653;1.370241125744681;1.3334430025531916;
-0.9393041048936172;-0.9325033225531916;-1.0072321210638298;-1.0699386123404253;-0.9448024917021274;-1.0294449929787233;-1.2727716144680856;-1.2530936019148935;-0.5098310308510638;-1.2206173572340429;-1.4371530321276593;-1.467719688297872;-1.4629620191489363;-1.4121608068085103;-1.3531948440425525;-1.3092875329787232;-1.4121608068085103;-1.416188959148936;-1.2819787270212766;-1.0002553576595743;-1.3599679819148935;-1.408078623191489;-1.3599679819148935;-1.242620229361702;-1.1449833265957448;-1.0546590470212767;-1.144387709574468;-0.9967398663829784;-1.2061715153191486;1.37424784;1.37424784;1.4404247451063834;1.4404247451063834;1.2670911821276594;1.4109574295744682;1.9322456531914904;1.9322456531914904;1.9322456531914904;1.9322456531914904;1.521515811702127;1.521515811702127;1.847843528723404;1.2321443687234037;1.847843528723404;1.524426723404255;1.5219915319148938;1.4915279408510638;
-0.9393041048936172;-0.9325033225531916;-1.0072321210638298;-1.0699386123404253;-0.9448024917021274;-1.0294449929787233;-1.2727716144680856;-1.2530936019148935;-0.5098310308510638;-1.2206173572340429;-1.4371530321276593;-1.467719688297872;-1.4629620191489363;-1.4121608068085103;-1.3531948440425525;-1.3092875329787232;-1.4121608068085103;-1.416188959148936;-1.2819787270212766;-1.0002553576595743;-1.3599679819148935;-1.408078623191489;-1.3599679819148935;-1.242620229361702;-1.1449833265957448;-1.0546590470212767;-1.144387709574468;-0.9967398663829784;-1.2061715153191486;1.37424784;1.37424784;1.4404247451063834;1.4404247451063834;1.2670911821276594;1.4109574295744682;1.9322456531914904;1.9322456531914904;1.9322456531914904;1.9322456531914904;1.521515811702127;1.521515811702127;1.847843528723404;1.2321443687234037;1.847843528723404;1.524426723404255;1.5219915319148938;1.4915279408510638;
-0.9393041048936172;-0.9325033225531916;-1.0072321210638298;-1.0699386123404253;-0.9448024917021274;-1.0294449929787233;-1.2727716144680856;-1.2530936019148935;-0.5098310308510638;-1.2206173572340429;-1.4371530321276593;-1.467719688297872;-1.4629620191489363;-1.4121608068085103;-1.3531948440425525;-1.3092875329787232;-1.4121608068085103;-1.416188959148936;-1.2819787270212766;-1.0002553576595743;-1.3599679819148935;-1.408078623191489;-1.3599679819148935;-1.242620229361702;-1.1449833265957448;-1.0546590470212767;-1.144387709574468;-0.9967398663829784;-1.2061715153191486;1.37424784;1.37424784;1.4404247451063834;1.4404247451063834;1.2670911821276594;1.4109574295744682;1.9322456531914904;1.9322456531914904;1.9322456531914904;1.9322456531914904;1.521515811702127;1.521515811702127;1.847843528723404;1.2321443687234037;1.847843528723404;1.524426723404255;1.5219915319148938;1.4915279408510638;
-0.9393041048936172;-0.9325033225531916;-1.0072321210638298;-1.0699386123404253;-0.9448024917021274;-1.0294449929787233;-1.2727716144680856;-1.2530936019148935;-0.5098310308510638;-1.2206173572340429;-1.4371530321276593;-1.467719688297872;-1.4629620191489363;-1.4121608068085103;-1.3531948440425525;-1.3092875329787232;-1.4121608068085103;-1.416188959148936;-1.2819787270212766;-1.0002553576595743;-1.3599679819148935;-1.408078623191489;-1.3599679819148935;-1.242620229361702;-1.1449833265957448;-1.0546590470212767;-1.144387709574468;-0.9967398663829784;-1.2061715153191486;1.37424784;1.37424784;1.4404247451063834;1.4404247451063834;1.2670911821276594;1.4109574295744682;1.9322456531914904;1.9322456531914904;1.9322456531914904;1.9322456531914904;1.521515811702127;1.521515811702127;1.847843528723404;1.2321443687234037;1.847843528723404;1.524426723404255;1.5219915319148938;1.4915279408510638;
-0.9152950212765955;-0.9065047993617021;-0.9746226172340426;-1.0040275819148934;-0.854913739574468;-0.9317814142553188;-1.1738629163829786;-1.1572675670212766;-0.48177580978723383;-1.1278305431914892;-1.2348938244680854;-1.260418650425532;-1.269558290212766;-1.2052917982978721;-1.1858758414893613;-1.1188701842553193;-1.2052917982978721;-1.209063910212766;-1.0753025357446806;-0.9092808780851064;-1.1531330070212764;-1.206773641702127;-1.1531330070212764;-1.0419317176595748;-0.9722898708510641;-0.8761254657446808;-0.963726925106383;-0.8181126434042553;-1.0415993861702133;1.0351174100000002;1.0351174100000002;1.090951058723404;1.090951058723404;1.405568704468085;1.4048219651063834;1.521515811702127;1.521515811702127;1.521515811702127;1.521515811702127;1.6246394395744677;1.6246394395744677;1.5117283653191487;1.2708187653191492;1.5117283653191487;1.5935610591489362;1.591657357021276;1.5485381297872345;
-0.9152950212765955;-0.9065047993617021;-0.9746226172340426;-1.0040275819148934;-0.854913739574468;-0.9317814142553188;-1.1738629163829786;-1.1572675670212766;-0.48177580978723383;-1.1278305431914892;-1.2348938244680854;-1.260418650425532;-1.269558290212766;-1.2052917982978721;-1.1858758414893613;-1.1188701842553193;-1.2052917982978721;-1.209063910212766;-1.0753025357446806;-0.9092808780851064;-1.1531330070212764;-1.206773641702127;-1.1531330070212764;-1.0419317176595748;-0.9722898708510641;-0.8761254657446808;-0.963726925106383;-0.8181126434042553;-1.0415993861702133;1.0351174100000002;1.0351174100000002;1.090951058723404;1.090951058723404;1.405568704468085;1.4048219651063834;1.521515811702127;1.521515811702127;1.521515811702127;1.521515811702127;1.6246394395744677;1.6246394395744677;1.5117283653191487;1.2708187653191492;1.5117283653191487;1.5935610591489362;1.591657357021276;1.5485381297872345;
-0.9362674840425532;-0.9281077729787236;-1.0011030395744678;-1.0493741010638293;-0.9133178753191489;-0.9952027068085108;-1.2527613802127657;-1.2339561672340427;-0.4987510676595745;-1.2021049051063828;-1.3761985191489363;-1.4060858646808512;-1.4068824023404252;-1.3509674312765958;-1.3067176663829783;-1.2527621668085107;-1.3509674312765958;-1.353557882340425;-1.2264476331914893;-0.9804386289361703;-1.2978345772340423;-1.3493812787234043;-1.2978345772340423;-1.182153254255319;-1.0949453193617023;-1.0029978831914894;-1.090442166170213;-0.9441843774468084;-1.1583008378723407;1.28860929;1.28860929;1.3494473859574472;1.3494473859574472;1.2655787891489354;1.3905443161702127;1.847843528723404;1.847843528723404;1.847843528723404;1.847843528723404;1.5117283653191487;1.5117283653191487;1.8069129685106382;1.2161032985106381;1.8069129685106382;1.5159560106382977;1.5137032872340428;1.4986468376595747;
-0.7493751540425533;-0.7402617729787232;-0.7982602295744683;-0.8148600010638296;-0.6906119853191488;-0.7536452768085105;-0.965962460212766;-0.953614757234043;-0.3901462276595744;-0.929972665106383;-0.9949177091489361;-1.015875824680851;-1.0256228123404254;-0.9718423612765956;-0.958231986382979;-0.9006898168085106;-0.9718423612765956;-0.9717477423404259;-0.8699911631914893;-0.74161496893617;-0.9272608972340426;-0.9751973687234042;-0.9272608972340426;-0.8464105942553194;-0.754944599361702;-0.7022884831914893;-0.7724152861702128;-0.6640741974468086;-0.8460900478723407;0.875576;0.875576;0.9208591659574469;0.9208591659574469;1.0869767391489362;1.0958391661702127;1.2321443687234037;1.2321443687234037;1.2321443687234037;1.2321443687234037;1.2708187653191492;1.2708187653191492;1.2161032985106381;1.0790355485106384;1.2161032985106381;1.238662080638298;1.2372253572340426;1.2026045476595748;
-0.9362674840425532;-0.9281077729787236;-1.0011030395744678;-1.0493741010638293;-0.9133178753191489;-0.9952027068085108;-1.2527613802127657;-1.2339561672340427;-0.4987510676595745;-1.2021049051063828;-1.3761985191489363;-1.4060858646808512;-1.4068824023404252;-1.3509674312765958;-1.3067176663829783;-1.2527621668085107;-1.3509674312765958;-1.353557882340425;-1.2264476331914893;-0.9804386289361703;-1.2978345772340423;-1.3493812787234043;-1.2978345772340423;-1.182153254255319;-1.0949453193617023;-1.0029978831914894;-1.090442166170213;-0.9441843774468084;-1.1583008378723407;1.28860929;1.28860929;1.3494473859574472;1.3494473859574472;1.2655787891489354;1.3905443161702127;1.847843528723404;1.847843528723404;1.847843528723404;1.847843528723404;1.5117283653191487;1.5117283653191487;1.8069129685106382;1.2161032985106381;1.8069129685106382;1.5159560106382977;1.5137032872340428;1.4986468376595747;
