1503
5368.814371257483;1755.3712574850317;1577.3473053892199;1945.5409181636671;1719.4990019960067;6325.199600798413;-30.922155688622652;177.42914171656673;239.81437125748536;-6.499001996008016;89.54491017964058;258.73453093812475;119.1317365269462;341.2914171656698;103.6087824351296;250.83832335329294;-123.95808383233584;-24.0399201596806;25.331337325349338;194.82834331337594;168.95608782435167;279.16766467065906;0.9500998003992044;0.0;643.7504990019959;223.32934131736522;0.0;0.0;0.0;0.0;12.375249500998029;0.0;0.0;0.0;
1755.3712574850317;3191.2574850299297;1872.30538922156;442.9181636726547;1537.001996007982;3032.6007984031926;-1670.1556886227552;-108.8582834331338;-219.62874251496928;-12.001996007983902;158.91017964071918;223.53093812375147;170.73652694610865;139.4171656686635;-54.21756487025994;-119.67664670658729;-178.0838323353291;-117.92015968063818;82.33732534930192;-425.6566866267465;288.0878243512992;43.664670658682674;0.0998003992015986;0.0;-23.500998003992095;114.34131736526902;0.0;0.0;0.0;0.0;9.249500998003985;0.0;0.0;0.0;
1577.3473053892199;1872.30538922156;2306.0598802395252;652.1277445109782;-536.0518962075843;3359.3792415169655;-1318.9520958083838;-47.6846307385227;-114.65269461077824;-8.948103792415207;49.33532934131712;313.1956087824354;104.8502994011975;321.1536926147698;-19.343313373253416;178.59281437125793;-197.82035928143665;-85.07584830339324;63.22954091816368;-337.9261477045905;183.71656686626798;56.71856287425119;0.4051896207584789;0.0;-55.97405189620753;37.12574850299352;0.0;0.0;0.0;0.0;8.512974051896212;0.0;0.0;0.0;
1945.5409181636671;442.9181636726547;652.1277445109782;2398.628077178946;280.9115103127085;4814.36460412509;-231.43113772455118;69.38389886892831;293.2075848303395;8.088489687292098;-12.35129740518924;7.795076513639064;92.01397205588832;166.83898868928864;19.97870924817005;268.664670658684;-17.950099800399425;-44.20625415835018;-3.288090485695604;-82.22022621423832;-24.560212907518945;370.8662674650667;-1.0911510312707735;0.0;2.2109115103126133;57.53493013972069;0.0;0.0;0.0;0.0;1.2721224218230152;0.0;0.0;0.0;
1719.4990019960067;1537.001996007982;-536.0518962075843;280.9115103127085;30459.7338656023;-9387.106453759146;-1632.5748502994136;433.7711244178308;1179.1656686626734;-44.73386560212904;289.64271457085766;-75.45841650033199;338.4630738522952;-218.28875582168936;180.34198270126396;-361.1137724550901;32.51097804391148;54.687957418496524;108.68995342647993;1227.2248835662017;74.62341982701088;177.71057884231487;-3.9733865602129166;0.0;556.799733865602;232.1576846307385;0.0;0.0;0.0;0.0;0.06653359946772484;0.0;0.0;0.0;
6325.199600798413;3032.6007984031926;3359.3792415169655;4814.36460412509;-9387.106453759146;29111.9574184963;142.97005988024154;286.1084497671323;764.866267465071;-5.893546240851607;799.4570858283417;362.01663339986703;790.3852295409185;1075.0844976713215;159.93679308050534;1411.7544910179722;-61.19560878243602;-404.9248170326027;274.6759813705924;-87.31004657352034;-111.35063206918505;1229.8842315369247;12.010645375914844;0.0;-437.2801064537612;139.46307385229554;0.0;0.0;0.0;0.0;-15.97338656021292;0.0;0.0;0.0;
-30.922155688622652;-1670.1556886227552;-1318.9520958083838;-231.43113772455118;-1632.5748502994136;142.97005988024154;3522.8383233533027;291.1856287425141;89.07784431137713;-8.42514970059883;198.8682634730542;-13.91017964071846;84.88023952095878;-97.1437125748494;2.6586826347305483;82.87425149700596;251.1437125748503;8.00598802395199;-23.149700598802156;512.125748502995;-178.29341317365487;-151.42514970059835;0.257485029940116;0.0;-85.71257485029925;-62.29940119760487;0.0;0.0;0.0;0.0;-14.856287425149711;0.0;0.0;0.0;
177.42914171656673;-108.8582834331338;-47.6846307385227;69.38389886892831;433.7711244178308;286.1084497671323;291.1856287425141;667.0831669993348;-96.23752495009936;-2.7711244178310497;-86.36726546906287;20.78576180971386;-185.1217564870266;97.83166999334753;51.61410512308667;136.92215568862358;35.27944111776462;7.511643379906857;-44.346640053226636;151.63339986693288;-10.403858948768798;3.4510978043909666;-0.777112441783105;0.0;-44.552228875581896;13.195608782434887;0.0;0.0;0.0;0.0;-1.9427811044577499;0.0;0.0;0.0;
239.81437125748536;-219.62874251496928;-114.65269461077824;293.2075848303395;1179.1656686626734;764.866267465071;89.07784431137713;-96.23752495009936;1306.8143712574918;-6.165668662674576;-471.4550898203581;-18.932135728542935;-301.8682634730537;228.6247504990031;-22.05788423153709;282.8383233532954;-26.958083832335237;-20.37325349301387;-85.00199600798378;414.49500998004453;-66.71057884231602;140.16766467066074;-1.7165668662674816;0.0;-74.5828343313362;-13.670658682634972;0.0;0.0;0.0;0.0;-2.2914171656686615;0.0;0.0;0.0;
-6.499001996008016;-12.001996007983902;-8.948103792415207;8.088489687292098;-44.73386560212904;-5.893546240851607;-8.42514970059883;-2.7711244178310497;-6.165668662674576;19.733865602129413;-3.6427145708582858;-1.5415834996673325;-3.463073852295363;-0.7112441783100497;-1.3419827012641077;0.11377245508982073;1.4890219560879352;1.3120425815036607;-1.6899534264803668;-8.224883566200901;-0.6234198270126368;1.289421157684646;-0.026613439787092755;0.0;1.200266134397861;-1.1576846307385065;0.0;0.0;0.0;0.0;-0.06653359946773149;0.0;0.0;0.0;
89.54491017964058;158.91017964071918;49.33532934131712;-12.35129740518924;289.64271457085766;799.4570858283417;198.8682634730542;-86.36726546906287;-471.4550898203581;-3.6427145708582858;635.0778443113737;28.962075848303392;203.16167664670746;-59.67265469061921;35.944111776447116;-48.880239520957964;64.00598802395311;-11.291417165668747;43.61876247505028;-127.45309381237453;-5.720558882235879;-3.976047904191643;1.1357285429141424;0.0;20.678642714570813;0.9041916167663426;0.0;0.0;0.0;0.0;-2.660678642714575;0.0;0.0;0.0;
258.73453093812475;223.53093812375147;313.1956087824354;7.795076513639064;-75.45841650033199;362.01663339986703;-13.91017964071846;20.78576180971386;-18.932135728542935;-1.5415834996673325;28.962075848303392;174.727877578177;18.177644710579017;77.85761809713955;11.634065202927847;88.73652694610853;-25.079840319361036;0.33000665335993706;14.860944777112204;-40.84763805721896;5.496340652029255;5.013972055888224;-0.25415834996672787;0.0;-28.937458416500185;-9.0558882235529;0.0;0.0;0.0;0.0;1.364604125083168;0.0;0.0;0.0;
119.1317365269462;170.73652694610865;104.8502994011975;92.01397205588832;338.4630738522952;790.3852295409185;84.88023952095878;-185.1217564870266;-301.8682634730537;-3.463073852295363;203.16167664670746;18.177644710579017;468.8742514969984;-115.21756487025911;22.52495009980079;-115.98203592814487;40.55089820359315;-22.477045908183335;79.25948103792368;-112.35129740518906;-2.6247504990017276;3.203592814371092;1.1536926147704918;0.0;8.76846307385293;15.185628742514993;0.0;0.0;0.0;0.0;-2.1157684630738234;0.0;0.0;0.0;
341.2914171656698;139.4171656686635;321.1536926147698;166.83898868928864;-218.28875582168936;1075.0844976713215;-97.1437125748494;97.83166999334753;228.6247504990031;-0.7112441783100497;-59.67265469061921;77.85761809713955;-115.21756487025911;928.3166999334796;39.141051230870374;886.2215568862273;-41.20558882235487;5.116433799068598;27.53359946773149;-5.666001330671685;114.96141051230794;258.51097804391003;0.2288755821689928;0.0;-99.52228875582078;73.95608782435083;0.0;0.0;0.0;0.0;1.5721889554225015;0.0;0.0;0.0;
103.6087824351296;-54.21756487025994;-19.343313373253416;19.97870924817005;180.34198270126396;159.93679308050534;2.6586826347305483;51.61410512308667;-22.05788423153709;-1.3419827012641077;35.944111776447116;11.634065202927847;22.52495009980079;39.141051230870374;163.3905522288738;54.401197604790575;-33.69660678642709;16.345974717232487;18.128409846972307;23.821024617432002;-7.286094477711478;6.546906187625034;-0.2341982701264182;0.0;-27.837658017298196;11.81237524950073;0.0;0.0;0.0;0.0;0.4145043246839579;0.0;0.0;0.0;
250.83832335329294;-119.67664670658729;178.59281437125793;268.664670658684;-361.1137724550901;1411.7544910179722;82.87425149700596;136.92215568862358;282.8383233532954;0.11377245508982073;-48.880239520957964;88.73652694610853;-115.98203592814487;886.2215568862273;54.401197604790575;1111.5688622754465;-23.221556886228022;-2.550898203592973;26.772455089821058;53.43113772454991;-63.00598802395136;335.113772455085;0.3113772455089899;0.0;-103.44311377245504;-4.455089820359116;0.0;0.0;0.0;0.0;-2.221556886227555;0.0;0.0;0.0;
-123.95808383233584;-178.0838323353291;-197.82035928143665;-17.950099800399425;32.51097804391148;-61.19560878243602;251.1437125748503;35.27944111776462;-26.958083832335237;1.4890219560879352;64.00598802395311;-25.079840319361036;40.55089820359315;-41.20558882235487;-33.69660678642709;-23.221556886228022;316.5389221556889;-8.560878243512855;2.3552894211575772;-14.11177644710618;-20.516966067864768;15.15568862275559;-0.45109780439122404;0.0;47.744510978042996;-11.622754491017739;0.0;0.0;0.0;0.0;-1.127744510978046;0.0;0.0;0.0;
-24.0399201596806;-117.92015968063818;-85.07584830339324;-44.20625415835018;54.687957418496524;-404.9248170326027;8.00598802395199;7.511643379906857;-20.37325349301387;1.3120425815036607;-11.291417165668747;0.33000665335993706;-22.477045908183335;5.116433799068598;16.345974717232487;-2.550898203592973;-8.560878243512855;208.85163007318164;-7.0685296074515325;-5.6713240186294325;7.6034597471721055;-7.576846307385251;-0.26879574184963856;0.0;-26.677312042581747;-9.692614770458873;0.0;0.0;0.0;0.0;0.3280106453759205;0.0;0.0;0.0;
25.331337325349338;82.33732534930192;63.22954091816368;-3.288090485695604;108.68995342647993;274.6759813705924;-23.149700598802156;-44.346640053226636;-85.00199600798378;-1.6899534264803668;43.61876247505028;14.860944777112204;79.25948103792368;27.53359946773149;18.128409846972307;26.772455089821058;2.3552894211575772;-7.0685296074515325;118.26879574184585;-55.32801064537611;5.691284098469959;10.087824351297497;1.8310046573519259;0.0;0.8216899534265295;14.648702594810295;0.0;0.0;0.0;0.0;-0.42248835662009215;0.0;0.0;0.0;
194.82834331337594;-425.6566866267465;-337.9261477045905;-82.22022621423832;1227.2248835662017;-87.31004657352034;512.125748502995;151.63339986693288;414.49500998004453;-8.224883566200901;-127.45309381237453;-40.84763805721896;-112.35129740518906;-5.666001330671685;23.821024617432002;53.43113772454991;-14.11177644710618;-5.6713240186294325;-55.32801064537611;780.6799733865538;-58.77178975382622;45.219560878244074;-1.422488356620102;0.0;-91.44577511643344;5.121756487026382;0.0;0.0;0.0;0.0;-3.556220891550225;0.0;0.0;0.0;
168.95608782435167;288.0878243512992;183.71656686626798;-24.560212907518945;74.62341982701088;-111.35063206918505;-178.29341317365487;-10.403858948768798;-66.71057884231602;-0.6234198270126368;-5.720558882235879;5.496340652029255;-2.6247504990017276;114.96141051230794;-7.286094477711478;-63.00598802395136;-20.516966067864768;7.6034597471721055;5.691284098469959;-58.77178975382622;176.09713905522563;-25.73453093812403;-0.1623419827012601;0.0;-4.478376580172907;81.9381237524951;0.0;0.0;0.0;0.0;4.594145043246821;0.0;0.0;0.0;
279.16766467065906;43.664670658682674;56.71856287425119;370.8662674650667;177.71057884231487;1229.8842315369247;-151.42514970059835;3.4510978043909666;140.16766467066074;1.289421157684646;-3.976047904191643;5.013972055888224;3.203592814371092;258.51097804391003;6.546906187625034;335.113772455085;15.15568862275559;-7.576846307385251;10.087824351297497;45.219560878244074;-25.73453093812403;278.62275449102395;0.5289421157684604;0.0;-5.355289421157835;-8.491017964071816;0.0;0.0;0.0;0.0;-0.17764471057883666;0.0;0.0;0.0;
0.9500998003992044;0.0998003992015986;0.4051896207584789;-1.0911510312707735;-3.9733865602129166;12.010645375914844;0.257485029940116;-0.777112441783105;-1.7165668662674816;-0.026613439787092755;1.1357285429141424;-0.25415834996672787;1.1536926147704918;0.2288755821689928;-0.2341982701264182;0.3113772455089899;-0.45109780439122404;-0.26879574184963856;1.8310046573519259;-1.422488356620102;-0.1623419827012601;0.5289421157684604;1.997338656021244;0.0;-0.6799733865602345;-0.11576846307385068;0.0;0.0;0.0;0.0;-0.006653359946773214;0.0;0.0;0.0;
0.0;0.0;0.0;0.0;0.0;0.0;0.0;0.0;0.0;0.0;0.0;0.0;0.0;0.0;0.0;0.0;0.0;0.0;0.0;0.0;0.0;0.0;0.0;0.0;0.0;0.0;0.0;0.0;0.0;0.0;0.0;0.0;0.0;0.0;
643.7504990019959;-23.500998003992095;-55.97405189620753;2.2109115103126133;556.799733865602;-437.2801064537612;-85.71257485029925;-44.552228875581896;-74.5828343313362;1.200266134397861;20.678642714570813;-28.937458416500185;8.76846307385293;-99.52228875582078;-27.837658017298196;-103.44311377245504;47.744510978042996;-26.677312042581747;0.8216899534265295;-91.44577511643344;-4.478376580172907;-5.355289421157835;-0.6799733865602345;0.0;1069.2667997338488;-29.57884231536879;0.0;0.0;0.0;0.0;10.300066533599503;0.0;0.0;0.0;
223.32934131736522;114.34131736526902;37.12574850299352;57.53493013972069;232.1576846307385;139.46307385229554;-62.29940119760487;13.195608782434887;-13.670658682634972;-1.1576846307385065;0.9041916167663426;-9.0558882235529;15.185628742514993;73.95608782435083;11.81237524950073;-4.455089820359116;-11.622754491017739;-9.692614770458873;14.648702594810295;5.121756487026382;81.9381237524951;-8.491017964071816;-0.11576846307385068;0.0;-29.57884231536879;185.96407185628928;0.0;0.0;0.0;0.0;-0.2894211576846301;0.0;0.0;0.0;
0.0;0.0;0.0;0.0;0.0;0.0;0.0;0.0;0.0;0.0;0.0;0.0;0.0;0.0;0.0;0.0;0.0;0.0;0.0;0.0;0.0;0.0;0.0;0.0;0.0;0.0;0.0;0.0;0.0;0.0;0.0;0.0;0.0;0.0;
0.0;0.0;0.0;0.0;0.0;0.0;0.0;0.0;0.0;0.0;0.0;0.0;0.0;0.0;0.0;0.0;0.0;0.0;0.0;0.0;0.0;0.0;0.0;0.0;0.0;0.0;0.0;0.0;0.0;0.0;0.0;0.0;0.0;0.0;
0.0;0.0;0.0;0.0;0.0;0.0;0.0;0.0;0.0;0.0;0.0;0.0;0.0;0.0;0.0;0.0;0.0;0.0;0.0;0.0;0.0;0.0;0.0;0.0;0.0;0.0;0.0;0.0;0.0;0.0;0.0;0.0;0.0;0.0;
0.0;0.0;0.0;0.0;0.0;0.0;0.0;0.0;0.0;0.0;0.0;0.0;0.0;0.0;0.0;0.0;0.0;0.0;0.0;0.0;0.0;0.0;0.0;0.0;0.0;0.0;0.0;0.0;0.0;0.0;0.0;0.0;0.0;0.0;
12.375249500998029;9.249500998003985;8.512974051896212;1.2721224218230152;0.06653359946772484;-15.97338656021292;-14.856287425149711;-1.9427811044577499;-2.2914171656686615;-0.06653359946773149;-2.660678642714575;1.364604125083168;-2.1157684630738234;1.5721889554225015;0.4145043246839579;-2.221556886227555;-1.127744510978046;0.3280106453759205;-0.42248835662009215;-3.556220891550225;4.594145043246821;-0.17764471057883666;-0.006653359946773214;0.0;10.300066533599503;-0.2894211576846301;0.0;0.0;0.0;0.0;4.983366600133065;0.0;0.0;0.0;
0.0;0.0;0.0;0.0;0.0;0.0;0.0;0.0;0.0;0.0;0.0;0.0;0.0;0.0;0.0;0.0;0.0;0.0;0.0;0.0;0.0;0.0;0.0;0.0;0.0;0.0;0.0;0.0;0.0;0.0;0.0;0.0;0.0;0.0;
0.0;0.0;0.0;0.0;0.0;0.0;0.0;0.0;0.0;0.0;0.0;0.0;0.0;0.0;0.0;0.0;0.0;0.0;0.0;0.0;0.0;0.0;0.0;0.0;0.0;0.0;0.0;0.0;0.0;0.0;0.0;0.0;0.0;0.0;
0.0;0.0;0.0;0.0;0.0;0.0;0.0;0.0;0.0;0.0;0.0;0.0;0.0;0.0;0.0;0.0;0.0;0.0;0.0;0.0;0.0;0.0;0.0;0.0;0.0;0.0;0.0;0.0;0.0;0.0;0.0;0.0;0.0;0.0;
