47
3.496794186915702;3.6717470747480427;3.8281165344304466;3.81786096467051;3.869878281688127;3.567480360330128;3.940017950324852;3.629072525918808;3.5025355360298516;3.535729028416426;3.5133183207142555;3.9843040930988294;3.9053642814925316;3.864136120864022;3.9383261448522124;3.9383261448522124;3.875851084349361;3.6740142636154256;3.7361809023781705;3.7243663135713616;3.7754460738100204;3.5570007522720215;3.601479891495;3.638003806011404;3.6280240192054265;3.5129391758624045;1.959749187303042;1.9440553929215534;1.8626996610680855;-2.900575704500362;-2.9845046128027435;-3.4180099248361495;-2.71339378823232;-3.6157277779301262;-2.634891156652426;-3.198214024064021;-3.8839717634028093;-3.312119507642872;-3.2638301747348932;-3.574028233670724;-3.641871642092659;-3.272544572366808;-3.3447689053058087;-3.291150538496617;-3.30275192190449;-3.415492110863021;-3.420875501329425;
3.6717470747480427;3.8865754471228513;4.057578357627937;4.050378036324213;4.110328111553553;3.7831807091095535;4.20187591181702;3.85719589219117;3.718284992343021;3.7536584288545107;3.7296622337141057;4.261424167055595;4.17459125999564;4.128074239178425;4.213153589514255;4.213153589514255;4.144512522411234;3.929353194426511;3.9937439988304044;3.9821024795272337;4.041533678101425;3.807683775107427;3.848859947674;3.889229119184084;3.8810847753425115;3.7491595141480847;2.0000255901718513;2.027941709662064;1.9464108801657016;-3.0684379650472344;-3.1556382925938946;-3.611435089842978;-2.8676509791733826;-3.8190449420695534;-2.78586330102151;-3.377961714635426;-4.100019653148172;-3.498383203268447;-3.4471738401848713;-3.7733634358174686;-3.845266126932191;-3.455916333433171;-3.5323396427431706;-3.4703134099563413;-3.481851526157788;-3.602497753490426;-3.60799296095651;
3.8281165344304466;4.057578357627937;4.275838986751831;4.248581825768233;4.330274550763809;3.9806597506998083;4.465023879765723;4.067724469125788;3.9095544839477228;3.949724340188362;3.924103138334617;4.558146439181255;4.464491888250702;4.412934679970466;4.505611694160681;4.505611694160681;4.430886461782957;4.2023728158363625;4.271280509253744;4.261368879006957;4.330685982017469;4.077354340953468;4.107426765363;4.155862008000893;4.158058200922362;3.998956004432894;2.0585901516409364;2.1427760565351703;2.054113261150872;-3.2761665814349574;-3.3667040434833835;-3.818783369769275;-3.0474216785030213;-4.037740839633808;-2.9624256827413613;-3.572490401343468;-4.326376724557788;-3.686765991093191;-3.6361962356486592;-3.9829389006059155;-4.058877517137511;-3.6424893676837864;-3.7228100758647864;-3.669814246964575;-3.681457440962765;-3.808461691082468;-3.814027614195362;
3.81786096467051;4.050378036324213;4.248581825768233;4.234196680738552;4.305600724935638;3.960240225727639;4.421456620559256;4.0424403901350425;3.8901120700122553;3.9287914548061287;3.9035240845572767;4.499299255059149;4.406989726237658;4.356798199170106;4.448334173613065;4.448334173613065;4.374393673104807;4.147510621882128;4.215616358210851;4.204939964405807;4.271004814328106;4.022845851110106;4.058536445056;4.102839606368022;4.100871847778128;3.952393179848021;2.059918726503213;2.125153592936766;2.0402496501044256;-3.2375003353588085;-3.3277001452217236;-3.7879716957977445;-3.020287237882596;-4.005345757150639;-2.9355938438971267;-3.543647123999106;-4.293509854724042;-3.6617267062683614;-3.6093545840324683;-3.9522474263486167;-4.027647465041297;-3.617325140200042;-3.6971950488430436;-3.6349082364230845;-3.646150507847446;-3.772408266085107;-3.7779535466481278;
3.869878281688127;4.110328111553553;4.330274550763809;4.305600724935638;4.38883905072366;4.032935401286659;4.529753252284063;4.122383349806512;3.9606791800530634;4.001202874872532;3.9750978001083186;4.6283976476267865;4.532300911424915;4.4792061453932766;4.575280567773767;4.575280567773767;4.499112627758702;4.267632816761531;4.337209298535213;4.327379054750702;4.399214640151276;4.141229294015276;4.170313908830001;4.219812455701255;4.223326293346532;4.058130422601254;2.064119829086553;2.158065931141192;2.069277159416106;-3.317425100963702;-3.408658565223681;-3.865096797947936;-3.08682109513215;-4.08658701392166;-3.0012093352995315;-3.6156035672672764;-4.377371569827511;-3.731649377141341;-3.6794066796766165;-4.030156557799404;-4.1070572568675745;-3.686461595127511;-3.7678488925735105;-3.7102167897060214;-3.721696486557361;-3.8506925127082767;-3.856247527690532;
3.567480360330128;3.7831807091095535;3.9806597506998083;3.960240225727639;4.032935401286659;3.72894823388166;4.135621296019065;3.7865807658135093;3.6426337964680644;3.680199648750532;3.6556997028993194;4.202209689237786;4.1172109635889145;4.070801858825277;4.1537106765267655;4.1537106765267655;4.084642921100702;3.8729360229655314;3.9369607234542134;3.927104535851701;3.9882299143712765;3.7562055452082763;3.788483023292999;3.833006301056255;3.8304513261525317;3.6912168234092553;1.928081157078553;1.9952908562231915;1.9161900719211065;-3.038109140199703;-3.1226293017196807;-3.5445519401109364;-2.827428518031149;-3.74800512465766;-2.747863425575531;-3.315805867003277;-4.017545998771511;-3.4227102201473403;-3.376595015202618;-3.6980074545534043;-3.7686126666415736;-3.380736335702511;-3.4555110417985113;-3.4057011688340215;-3.4162862201133617;-3.5334886696932766;-3.539130118230532;
3.940017950324852;4.20187591181702;4.465023879765723;4.421456620559256;4.529753252284063;4.135621296019065;4.806300468938425;4.297030832947405;4.114943993851425;4.159936729019213;4.133227114348127;5.013660187668914;4.907289717988767;4.84510383476551;4.956875618318106;4.956875618318106;4.87657003505268;4.627170441695214;4.702111173573085;4.694306699834681;4.786430299859511;4.496257750447509;4.514443212602;4.567543645834704;4.593445987364212;4.383691843352703;2.066384403082021;2.281468431530276;2.1870630619090425;-3.5454343169496814;-3.637818576406872;-4.108450143019575;-3.2898535954796597;-4.342058998024064;-3.203608974135212;-3.844787902590512;-4.638002582426405;-3.9554981232329363;-3.8999318426064464;-4.275476750859362;-4.355769058864829;-3.909534658261404;-3.993679717232404;-3.9362081407478082;-3.948483810971744;-4.0851153104185105;-4.090751764773212;
3.629072525918808;3.85719589219117;4.067724469125788;4.0424403901350425;4.122383349806512;3.7865807658135093;4.297030832947405;4.004760974059234;3.8605878932494035;3.9031478354937024;3.882343020503021;4.37996529002232;4.287859450908127;4.241343839869085;4.328999809181851;4.328999809181851;4.259277410003447;4.0437662423177025;4.109041719177681;4.095347094224446;4.159925813196085;3.916512348109085;3.954544566549;3.995587317491618;3.9934098208607023;3.862829511745616;1.94835039000517;2.0704669905102127;1.9965457088213407;-3.166177044477447;-3.251584271727978;-3.6834588871665965;-2.9471820222802774;-3.899278888491511;-2.8667223937937028;-3.4461695439490856;-4.175980195401234;-3.558410423196488;-3.5089442348375743;-3.8462651529708918;-3.9199584040996385;-3.5123879182462336;-3.5865445282442336;-3.5439934194924687;-3.5539801354579574;-3.675595809609084;-3.6801091490397013;
3.5025355360298516;3.718284992343021;3.9095544839477228;3.8901120700122553;3.9606791800530634;3.6426337964680644;4.114943993851425;3.8605878932494035;3.7358451263224266;3.7713244742102123;3.752473590569127;4.177622712755914;4.089979985348766;4.047134418875511;4.128938478074106;4.128938478074106;4.063709996174681;3.856689145758213;3.9220789152270847;3.9064844707946813;3.9639418078535105;3.732841867951511;3.7766623402870003;3.815731834708702;3.8056096979512133;3.6924255497727025;1.8963812416380208;1.9950644693132762;1.9263506404070425;-3.031255056476681;-3.114665917864872;-3.537933546286575;-2.827138861805659;-3.746997215216065;-2.7484572962172127;-3.311258504706511;-4.016558286769404;-3.423726223715936;-3.3751919963664463;-3.698160089304362;-3.7696282664958294;-3.378964297513404;-3.449973831224403;-3.4081616239258086;-3.4180112833367446;-3.5352061050215102;-3.5395783725042125;
3.535729028416426;3.7536584288545107;3.949724340188362;3.9287914548061287;4.001202874872532;3.680199648750532;4.159936729019213;3.9031478354937024;3.7713244742102123;3.8193001315111066;3.7958297258870646;4.224602210930958;4.136873499610384;4.093722674789254;4.175410859862555;4.175410859862555;4.10890675440534;3.8999708955371077;3.9647610854290427;3.9491600509323406;4.0082173407572546;3.7747811967362552;3.8190182990729995;3.8572152198278506;3.8485535963271067;3.7354142006338513;1.9228379184125108;2.028063897190638;1.9586220872810216;-3.0735730045343406;-3.157153360661936;-3.583972452601788;-2.8672390003478294;-3.7952798255845317;-2.788387814285107;-3.3540569686492554;-4.066553485625702;-3.4661093788724684;-3.4152693768997233;-3.7451162318196816;-3.8168348909699144;-3.4208508760297027;-3.4925511310457025;-3.451324356391404;-3.4604506829428727;-3.578669246394256;-3.582705332548106;
3.5133183207142555;3.7296622337141057;3.924103138334617;3.9035240845572767;3.9750978001083186;3.6556997028993194;4.133227114348127;3.882343020503021;3.752473590569127;3.7958297258870646;3.7801124582706387;4.195755152832575;4.10875652023983;4.066309275928553;4.1470695642075315;4.1470695642075315;4.081663871612403;3.8741472791290636;3.9375927650734255;3.9222504520554033;3.979949342897553;3.7484926166465544;3.793237693793001;3.8297367559825104;3.8215646987710636;3.7169340908985107;1.9173018185011064;2.023566465393383;1.9576481653042135;-3.0583512634984045;-3.1415551236383616;-3.565979603449872;-2.8532319504502976;-3.7763178522543197;-2.774667876489064;-3.336500800037553;-4.046648481138021;-3.449201825651681;-3.398581535485234;-3.726734271596808;-3.798132200596149;-3.4041464192520214;-3.475289605875022;-3.434808476820043;-3.4439183010517227;-3.5613702665565534;-3.565397215782064;
3.9843040930988294;4.261424167055595;4.558146439181255;4.499299255059149;4.6283976476267865;4.202209689237786;5.013660187668914;4.37996529002232;4.177622712755914;4.224602210930958;4.195755152832575;5.3548042648996175;5.240137694327446;5.168399674574298;5.29550282990298;5.29550282990298;5.212265744186063;4.946197931848957;5.023985523518382;5.019485433219062;5.137358557001298;4.814937743491297;4.8196575553019985;4.87704850374866;4.929241824765959;4.658568670172659;2.0420641461835958;2.3364071018537445;2.2346132635921916;-3.7193542242190643;-3.8118645887464253;-4.296712538872084;-3.444687960839467;-4.538225428674785;-3.359217684255958;-4.0228500919432975;-4.836518299509318;-4.126524430931212;-4.06850358131651;-4.462740463806126;-4.5465024385882336;-4.080764323542319;-4.168208870942319;-4.105567378433638;-4.118913089198852;-4.261985942364299;-4.2679207422279575;
3.9053642814925316;4.17459125999564;4.464491888250702;4.406989726237658;4.532300911424915;4.1172109635889145;4.907289717988767;4.287859450908127;4.089979985348766;4.136873499610384;4.10875652023983;5.240137694327446;5.130773927646978;5.061803486693319;5.181873599625193;5.181873599625193;5.100237977997424;4.838176897710382;4.9144960346035536;4.910136672850424;5.02393297162032;4.71045383004132;4.715792506935001;4.770831406683063;4.8204866842833844;4.561188364633062;2.017015730407638;2.305340821009298;2.2052252881022762;-3.6463060459194256;-3.7371896404541696;-4.214102876742233;-3.374065121802787;-4.450846085312914;-3.289914393456384;-3.9457986745383193;-4.744466978853128;-4.0479535889370855;-3.9902645071954046;-4.3776351783658525;-4.459750479965895;-4.003324090330128;-4.088878436113128;-4.028260110391256;-4.04169855025934;-4.181754029865318;-4.187632226117383;
3.864136120864022;4.128074239178425;4.412934679970466;4.356798199170106;4.4792061453932766;4.070801858825277;4.84510383476551;4.241343839869085;4.047134418875511;4.093722674789254;4.066309275928553;5.168399674574298;5.061803486693319;4.995893512110214;5.110815896269129;5.110815896269129;5.030149263294618;4.771205639845256;4.849621634421701;4.844950086529616;4.9530944152342125;4.644339836711214;4.651372621961;4.705208566161042;4.752540013710255;4.502809251351043;2.0086420943264254;2.2901561857345323;2.1945739464278513;-3.606909537406617;-3.6977127108174472;-4.169150755792489;-3.3386565141201916;-4.404093580381278;-3.254394435658255;-3.9046727489082125;-4.694723290343086;-4.003533830499723;-3.9485421976919355;-4.331106794763235;-4.412310992113595;-3.9590759700840854;-4.043396233523085;-3.986684062560169;-4.000371077532893;-4.138803659348212;-4.1447093434892555;
3.9383261448522124;4.213153589514255;4.505611694160681;4.448334173613065;4.575280567773767;4.1537106765267655;4.956875618318106;4.328999809181851;4.128938478074106;4.175410859862555;4.1470695642075315;5.29550282990298;5.181873599625193;5.110815896269129;5.238625565403276;5.238625565403276;5.15421152851517;4.889806084460554;4.966673932975022;4.962015116259171;5.078545022059128;4.760828775105129;4.765589790760998;4.823074736956425;4.872493359988553;4.608200953523426;2.022342310522255;2.315408458226319;2.2183805226785105;-3.67925661020217;-3.770639058572468;-4.251900618377894;-3.4087851630869146;-4.490766143435766;-3.3243173456095527;-3.981172277825128;-4.785609962304852;-4.083914989053234;-4.026225360276362;-4.415199492025341;-4.498717225430957;-4.038823517057851;-4.12528576068685;-4.060446466571702;-4.073546698612936;-4.215134574097128;-4.221019740965554;
3.9383261448522124;4.213153589514255;4.505611694160681;4.448334173613065;4.575280567773767;4.1537106765267655;4.956875618318106;4.328999809181851;4.128938478074106;4.175410859862555;4.1470695642075315;5.29550282990298;5.181873599625193;5.110815896269129;5.238625565403276;5.238625565403276;5.15421152851517;4.889806084460554;4.966673932975022;4.962015116259171;5.078545022059128;4.760828775105129;4.765589790760998;4.823074736956425;4.872493359988553;4.608200953523426;2.022342310522255;2.315408458226319;2.2183805226785105;-3.67925661020217;-3.770639058572468;-4.251900618377894;-3.4087851630869146;-4.490766143435766;-3.3243173456095527;-3.981172277825128;-4.785609962304852;-4.083914989053234;-4.026225360276362;-4.415199492025341;-4.498717225430957;-4.038823517057851;-4.12528576068685;-4.060446466571702;-4.073546698612936;-4.215134574097128;-4.221019740965554;
3.875851084349361;4.144512522411234;4.430886461782957;4.374393673104807;4.499112627758702;4.084642921100702;4.87657003505268;4.259277410003447;4.063709996174681;4.10890675440534;4.081663871612403;5.212265744186063;5.100237977997424;5.030149263294618;5.15421152851517;5.15421152851517;5.08700234867149;4.810650093418342;4.886355854481935;4.882027880069488;4.995037860234616;4.684681165034617;4.712246247346999;4.743724424857724;4.79222132907034;4.559117965846725;1.9967267253352345;2.2840186905650426;2.187537345149468;-3.6282581616114906;-3.718312033792596;-4.191841424120318;-3.360931420897255;-4.4274487225677035;-3.2775670511093398;-3.925358606578618;-4.718108116338447;-4.0257035400062975;-3.9694409759569145;-4.353522994808979;-4.435331484822128;-3.9812771153424467;-4.066090935849447;-4.005408194079893;-4.018341888112191;-4.157821518578618;-4.163634884573341;
3.6740142636154256;3.929353194426511;4.2023728158363625;4.147510621882128;4.267632816761531;3.8729360229655314;4.627170441695214;4.0437662423177025;3.856689145758213;3.8999708955371077;3.8741472791290636;4.946197931848957;4.838176897710382;4.771205639845256;4.889806084460554;4.889806084460554;4.810650093418342;4.596685582059106;4.648585504635042;4.650892221457339;4.763516974644255;4.443165488826255;4.446110564602001;4.5079308174368515;4.574038521110105;4.294370594042849;1.8723066530105104;2.141753637289638;2.0469313797670208;-3.4433323087853407;-3.5281805966339364;-3.970085786140788;-3.188462632212829;-4.192355862609533;-3.1109273865731075;-3.7056741159152535;-4.468501567619703;-3.813947318204467;-3.7577668386917242;-4.125502202593681;-4.201715997757915;-3.771145757921702;-3.8524202304467017;-3.7881332166064046;-3.800150936272871;-3.931850272344255;-3.9370647895811066;
3.7361809023781705;3.9937439988304044;4.271280509253744;4.215616358210851;4.337209298535213;3.9369607234542134;4.702111173573085;4.109041719177681;3.9220789152270847;3.9647610854290427;3.9375927650734255;5.023985523518382;4.9144960346035536;4.849621634421701;4.966673932975022;4.966673932975022;4.886355854481935;4.648585504635042;4.748474565811616;4.7383247156029356;4.838283671915702;4.511336625077704;4.517507461497999;4.589989161190341;4.643928559769042;4.36741336857534;1.9148307508434046;2.189133482878256;2.0958107927208087;-3.5016280416139356;-3.5906354917925745;-4.046104771048914;-3.2462246824055327;-4.274089247158214;-3.1640755086110426;-3.7872945685967028;-4.55444057343368;-3.8848114088217875;-3.8317701967004894;-4.203668475689872;-4.280840627132767;-3.8410064679276807;-3.923863620867681;-3.863231962453361;-3.87647772619115;-4.010438513799703;-4.016037446597042;
3.7243663135713616;3.9821024795272337;4.261368879006957;4.204939964405807;4.327379054750702;3.927104535851701;4.694306699834681;4.095347094224446;3.9064844707946813;3.9491600509323406;3.9222504520554033;5.019485433219062;4.910136672850424;4.844950086529616;4.962015116259171;4.962015116259171;4.882027880069488;4.650892221457339;4.7383247156029356;4.738526300265488;4.834580912586617;4.507852037637617;4.5129252357470016;4.576140861836724;4.6405326652023415;4.361848042136723;1.9054937023142342;2.1833583870710425;2.0895267298444677;-3.49589546003649;-3.5845573982775965;-4.036925684624318;-3.2364048383452557;-4.263573777855703;-3.15452300113434;-3.777588755846617;-4.542685759330446;-3.8743262248842987;-3.8214574678759146;-4.193595226311979;-4.269881914384128;-3.8312661947604467;-3.913779614161447;-3.8529531784418936;-3.866380174462191;-4.000876872147617;-4.006405968481341;
3.7754460738100204;4.041533678101425;4.330685982017469;4.271004814328106;4.399214640151276;3.9882299143712765;4.786430299859511;4.159925813196085;3.9639418078535105;4.0082173407572546;3.979949342897553;5.137358557001298;5.02393297162032;4.9530944152342125;5.078545022059128;5.078545022059128;4.995037860234616;4.763516974644255;4.838283671915702;4.834580912586617;4.968180232196213;4.615064606316213;4.613617216932001;4.694566287163044;4.774553913968256;4.451040131744045;1.9006250389674255;2.1916679468955316;2.093511780159851;-3.5639215898406174;-3.651550341713447;-4.10698025102649;-3.300487371290191;-4.337423890398276;-3.2207903701612555;-3.844598014480214;-4.615600632589085;-3.9388300361417237;-3.880166459603936;-4.261403298142234;-4.339620089764595;-3.895262082275086;-3.979275249048085;-3.915087960593169;-3.9274431490088935;-4.064926175719213;-4.070357613246255;
3.5570007522720215;3.807683775107427;4.077354340953468;4.022845851110106;4.141229294015276;3.7562055452082763;4.496257750447509;3.916512348109085;3.732841867951511;3.7747811967362552;3.7484926166465544;4.814937743491297;4.71045383004132;4.644339836711214;4.760828775105129;4.760828775105129;4.684681165034617;4.443165488826255;4.511336625077704;4.507852037637617;4.615064606316213;4.353758504890214;4.3292031610990005;4.379587334894042;4.425871092134256;4.179014330197042;1.7983095545884251;2.0674297356045317;1.9753402020158508;-3.3255562903916167;-3.4078871772334467;-3.8401373588924894;-3.0789428625271924;-4.055956713586277;-3.002393730749255;-3.5956235482982124;-4.321948477684085;-3.687994309846724;-3.6366337473559356;-3.988101560588234;-4.063442851898596;-3.647404703154085;-3.7257685021340854;-3.66923742839717;-3.681183434879894;-3.808878940978213;-3.8141922338132557;
3.601479891495;3.848859947674;4.107426765363;4.058536445056;4.170313908830001;3.788483023292999;4.514443212602;3.954544566549;3.7766623402870003;3.8190182990729995;3.793237693793001;4.8196575553019985;4.715792506935001;4.651372621961;4.765589790760998;4.765589790760998;4.712246247346999;4.446110564602001;4.517507461497999;4.5129252357470016;4.613617216932001;4.3292031610990005;4.381930538832002;4.384768953024001;4.426068097858;4.228415088092;1.8664204295499998;2.1237064346550003;2.036120706425;-3.365166298984;-3.4487506931620002;-3.893724908316001;-3.1190745395100006;-4.112639402366;-3.041540498079;-3.6455566579710004;-4.383740230468;-3.741257121794;-3.6889024419239993;-4.045123943043;-4.1211722552;-3.699961965118;-3.778126679893;-3.717666672508;-3.7295422733650008;-3.8591634429179997;-3.8644814716290004;
3.638003806011404;3.889229119184084;4.155862008000893;4.102839606368022;4.219812455701255;3.833006301056255;4.567543645834704;3.995587317491618;3.815731834708702;3.8572152198278506;3.8297367559825104;4.87704850374866;4.770831406683063;4.705208566161042;4.823074736956425;4.823074736956425;4.743724424857724;4.5079308174368515;4.589989161190341;4.576140861836724;4.694566287163044;4.379587334894042;4.384768953024001;4.4820661747448085;4.50649539648285;4.2393337437088086;1.865337329827085;2.1254708117261063;2.03499113381717;-3.399955857192722;-3.484667685323489;-3.931102662494298;-3.1479763451856386;-4.152796712595256;-3.0704808128088508;-3.681764729570042;-4.426434277972618;-3.776914657170745;-3.7238770287927867;-4.083916133585447;-4.16032353009732;-3.7340826571426162;-3.814280269728617;-3.7582389664592335;-3.7706008431059783;-3.900424254630044;-3.905931797498851;
3.6280240192054265;3.8810847753425115;4.158058200922362;4.100871847778128;4.223326293346532;3.8304513261525317;4.593445987364212;3.9934098208607023;3.8056096979512133;3.8485535963271067;3.8215646987710636;4.929241824765959;4.8204866842833844;4.752540013710255;4.872493359988553;4.872493359988553;4.79222132907034;4.574038521110105;4.643928559769042;4.6405326652023415;4.774553913968256;4.425871092134256;4.426068097858;4.50649539648285;4.596630190243108;4.27204489784685;1.8427257723165107;2.1212150597696384;2.0262179679280217;-3.4355047706333406;-3.5208092530539363;-3.959080113762788;-3.182667175090829;-4.181139708048532;-3.1051290391341055;-3.705835375420256;-4.448426790123702;-3.7973508299864687;-3.7325269124367235;-4.107509660414681;-4.181823986172915;-3.755574859810702;-3.8363634388917025;-3.775547875971404;-3.7875621933228723;-3.919735137706255;-3.9250634292671056;
3.5129391758624045;3.7491595141480847;3.998956004432894;3.952393179848021;4.058130422601254;3.6912168234092553;4.383691843352703;3.862829511745616;3.6924255497727025;3.7354142006338513;3.7169340908985107;4.658568670172659;4.561188364633062;4.502809251351043;4.608200953523426;4.608200953523426;4.559117965846725;4.294370594042849;4.36741336857534;4.361848042136723;4.451040131744045;4.179014330197042;4.228415088092;4.2393337437088086;4.27204489784685;4.14721068964081;1.8976716723350853;2.1568259613061063;2.0849689203881705;-3.3156885505957225;-3.399433904604489;-3.8331294741782975;-3.0759322791076382;-4.050619919549255;-2.997511643729851;-3.5925868101950424;-4.318424145638618;-3.682735859286745;-3.6327778130677872;-3.9833709534234467;-4.058062914785319;-3.6418930524616173;-3.717652755703617;-3.6704150390302344;-3.6821318692959792;-3.807773559133042;-3.813241253515852;
1.959749187303042;2.0000255901718513;2.0585901516409364;2.059918726503213;2.064119829086553;1.928081157078553;2.066384403082021;1.94835039000517;1.8963812416380208;1.9228379184125108;1.9173018185011064;2.0420641461835958;2.017015730407638;2.0086420943264254;2.022342310522255;2.022342310522255;1.9967267253352345;1.8723066530105104;1.9148307508434046;1.9054937023142342;1.9006250389674255;1.7983095545884251;1.8664204295499998;1.865337329827085;1.8427257723165107;1.8976716723350853;1.686280495134851;1.6770904375120634;1.603263838310702;-1.828617797428234;-1.8827818406728938;-2.161637359190979;-1.7123851405023827;-2.286101959659553;-1.658620529503511;-2.028073884380426;-2.4700115952151704;-2.0999344286494463;-2.0742216345018725;-2.274096471158469;-2.3136392438291913;-2.07959240715617;-2.1188396107821705;-2.1213786081403407;-2.130161702992787;-2.1859209629834253;-2.190831948018511;
1.9440553929215534;2.027941709662064;2.1427760565351703;2.125153592936766;2.158065931141192;1.9952908562231915;2.281468431530276;2.0704669905102127;1.9950644693132762;2.028063897190638;2.023566465393383;2.3364071018537445;2.305340821009298;2.2901561857345323;2.315408458226319;2.315408458226319;2.2840186905650426;2.141753637289638;2.189133482878256;2.1833583870710425;2.1916679468955316;2.0674297356045317;2.1237064346550003;2.1254708117261063;2.1212150597696384;2.1568259613061063;1.6770904375120634;1.8834393033178298;1.8072627566501278;-2.0586769011540427;-2.1121070589546167;-2.378016384100723;-1.9022109102279785;-2.510656886640191;-1.8480491482286383;-2.2303976796955323;-2.695222271134213;-2.2915984280618087;-2.2661257209043404;-2.4863487320210846;-2.528579585019489;-2.270854637840213;-2.311233637422213;-2.319930133739425;-2.3288697873512345;-2.3898547342385323;-2.3948570627026378;
1.8626996610680855;1.9464108801657016;2.054113261150872;2.0402496501044256;2.069277159416106;1.9161900719211065;2.1870630619090425;1.9965457088213407;1.9263506404070425;1.9586220872810216;1.9576481653042135;2.2346132635921916;2.2052252881022762;2.1945739464278513;2.2183805226785105;2.2183805226785105;2.187537345149468;2.0469313797670208;2.0958107927208087;2.0895267298444677;2.093511780159851;1.9753402020158508;2.036120706425;2.03499113381717;2.0262179679280217;2.0849689203881705;1.603263838310702;1.8072627566501278;1.7976066151194046;-1.992330669160468;-2.0446305516407874;-2.3061785167079574;-1.845410700821766;-2.4351429753281066;-1.7920825838040215;-2.163737907857851;-2.6110398367533403;-2.2185830336048933;-2.1965586309277443;-2.406675251271936;-2.4491088741723828;-2.198174857657341;-2.2369748548543402;-2.239657413523681;-2.2485768288735746;-2.3081241524588507;-2.313456503493021;
-2.900575704500362;-3.0684379650472344;-3.2761665814349574;-3.2375003353588085;-3.317425100963702;-3.038109140199703;-3.5454343169496814;-3.166177044477447;-3.031255056476681;-3.0735730045343406;-3.0583512634984045;-3.7193542242190643;-3.6463060459194256;-3.606909537406617;-3.67925661020217;-3.67925661020217;-3.6282581616114906;-3.4433323087853407;-3.5016280416139356;-3.49589546003649;-3.5639215898406174;-3.3255562903916167;-3.365166298984;-3.399955857192722;-3.4355047706333406;-3.3156885505957225;-1.828617797428234;-2.0586769011540427;-1.992330669160468;3.0551256392674895;3.1076811027205955;3.3279901563673198;2.7817712731842557;3.5235166622617027;2.7298307692783403;3.122183325007617;3.6701387771234475;3.077122768075298;3.063590320006915;3.391391948742979;3.455991910451128;3.040492174082447;3.104825169316446;3.0649165051728944;3.060366353338191;3.172253011388617;3.1705798588183396;
-2.9845046128027435;-3.1556382925938946;-3.3667040434833835;-3.3277001452217236;-3.408658565223681;-3.1226293017196807;-3.637818576406872;-3.251584271727978;-3.114665917864872;-3.157153360661936;-3.1415551236383616;-3.8118645887464253;-3.7371896404541696;-3.6977127108174472;-3.770639058572468;-3.770639058572468;-3.718312033792596;-3.5281805966339364;-3.5906354917925745;-3.5845573982775965;-3.651550341713447;-3.4078871772334467;-3.4487506931620002;-3.484667685323489;-3.5208092530539363;-3.399433904604489;-1.8827818406728938;-2.1121070589546167;-2.0446305516407874;3.1076811027205955;3.187571134496639;3.4140879927581276;2.8533425030897024;3.6156689616106807;2.7758379981789365;3.2024705948934464;3.770429785936979;3.1649749068623203;3.1457436479757668;3.478207967221191;3.540394377978851;3.1272462296399786;3.193313736083979;3.1599646603109575;3.1566924514612764;3.270843144628447;3.269711240146936;
-3.4180099248361495;-3.611435089842978;-3.818783369769275;-3.7879716957977445;-3.865096797947936;-3.5445519401109364;-4.108450143019575;-3.6834588871665965;-3.537933546286575;-3.583972452601788;-3.565979603449872;-4.296712538872084;-4.214102876742233;-4.169150755792489;-4.251900618377894;-4.251900618377894;-4.191841424120318;-3.970085786140788;-4.046104771048914;-4.036925684624318;-4.10698025102649;-3.8401373588924894;-3.893724908316001;-3.931102662494298;-3.959080113762788;-3.8331294741782975;-2.161637359190979;-2.378016384100723;-2.3061785167079574;3.3279901563673198;3.4140879927581276;3.9110870773324256;3.0718656667733413;4.116264997984936;2.9884050753417863;3.648310025779489;4.346877028513595;3.6748842471560645;3.6419656970465533;4.009517481549639;4.07585706610117;3.634010425774595;3.7123417512755963;3.6317167619491917;3.6375548519682552;3.7623970173374883;3.766243474085787;
-2.71339378823232;-2.8676509791733826;-3.0474216785030213;-3.020287237882596;-3.08682109513215;-2.827428518031149;-3.2898535954796597;-2.9471820222802774;-2.827138861805659;-2.8672390003478294;-2.8532319504502976;-3.444687960839467;-3.374065121802787;-3.3386565141201916;-3.4087851630869146;-3.4087851630869146;-3.360931420897255;-3.188462632212829;-3.2462246824055327;-3.2364048383452557;-3.300487371290191;-3.0789428625271924;-3.1190745395100006;-3.1479763451856386;-3.182667175090829;-3.0759322791076382;-1.7123851405023827;-1.9022109102279785;-1.845410700821766;2.7817712731842557;2.8533425030897024;3.0718656667733413;2.7004639828998727;3.2601725550111484;2.6331595005448296;2.8910725997951925;3.3868570440212764;2.8504127082048503;2.8243206743920437;3.12511726995651;3.181741397225936;2.8133828217522763;2.872629291180276;2.835173436473553;2.8233261290544043;2.9233136951471916;2.92387114588283;
-3.6157277779301262;-3.8190449420695534;-4.037740839633808;-4.005345757150639;-4.08658701392166;-3.74800512465766;-4.342058998024064;-3.899278888491511;-3.746997215216065;-3.7952798255845317;-3.7763178522543197;-4.538225428674785;-4.450846085312914;-4.404093580381278;-4.490766143435766;-4.490766143435766;-4.4274487225677035;-4.192355862609533;-4.274089247158214;-4.263573777855703;-4.337423890398276;-4.055956713586277;-4.112639402366;-4.152796712595256;-4.181139708048532;-4.050619919549255;-2.286101959659553;-2.510656886640191;-2.4351429753281066;3.5235166622617027;3.6156689616106807;4.116264997984936;3.2601725550111484;4.3491678600896595;3.170911452933531;3.862232052498277;4.588619256199509;3.875011025785341;3.8395259216706177;4.232034162276404;4.304587014282574;3.8311418693195107;3.9127423237665124;3.832694184209022;3.8381598371983614;3.9706780905892765;3.9744941165255323;
-2.634891156652426;-2.78586330102151;-2.9624256827413613;-2.9355938438971267;-3.0012093352995315;-2.747863425575531;-3.203608974135212;-2.8667223937937028;-2.7484572962172127;-2.788387814285107;-2.774667876489064;-3.359217684255958;-3.289914393456384;-3.254394435658255;-3.3243173456095527;-3.3243173456095527;-3.2775670511093398;-3.1109273865731075;-3.1640755086110426;-3.15452300113434;-3.2207903701612555;-3.002393730749255;-3.041540498079;-3.0704808128088508;-3.1051290391341055;-2.997511643729851;-1.658620529503511;-1.8480491482286383;-1.7920825838040215;2.7298307692783403;2.7758379981789365;2.9884050753417863;2.6331595005448296;3.170911452933531;2.5939985980291063;2.8132930493112545;3.289656356711702;2.7655443790334675;2.7447134751327242;3.0409226341346813;3.099874133403915;2.7295069228257014;2.7871025727447014;2.7439522037774045;2.7308292770988722;2.8286467135572555;2.8287451044111065;
-3.198214024064021;-3.377961714635426;-3.572490401343468;-3.543647123999106;-3.6156035672672764;-3.315805867003277;-3.844787902590512;-3.4461695439490856;-3.311258504706511;-3.3540569686492554;-3.336500800037553;-4.0228500919432975;-3.9457986745383193;-3.9046727489082125;-3.981172277825128;-3.981172277825128;-3.925358606578618;-3.7056741159152535;-3.7872945685967028;-3.777588755846617;-3.844598014480214;-3.5956235482982124;-3.6455566579710004;-3.681764729570042;-3.705835375420256;-3.5925868101950424;-2.028073884380426;-2.2303976796955323;-2.163737907857851;3.122183325007617;3.2024705948934464;3.648310025779489;2.8910725997951925;3.862232052498277;2.8132930493112545;3.4693041488562133;4.056067750841086;3.4161767291257226;3.3921159633019364;3.740969255306234;3.8046314754695953;3.3771118451230864;3.4508199716310854;3.3956894447521706;3.399453383540895;3.5192216514072125;3.5227717354202555;
-3.8839717634028093;-4.100019653148172;-4.326376724557788;-4.293509854724042;-4.377371569827511;-4.017545998771511;-4.638002582426405;-4.175980195401234;-4.016558286769404;-4.066553485625702;-4.046648481138021;-4.836518299509318;-4.744466978853128;-4.694723290343086;-4.785609962304852;-4.785609962304852;-4.718108116338447;-4.468501567619703;-4.55444057343368;-4.542685759330446;-4.615600632589085;-4.321948477684085;-4.383740230468;-4.426434277972618;-4.448426790123702;-4.318424145638618;-2.4700115952151704;-2.695222271134213;-2.6110398367533403;3.6701387771234475;3.770429785936979;4.346877028513595;3.3868570440212764;4.588619256199509;3.289656356711702;4.056067750841086;4.925224471501235;4.18360282458549;4.135534657061574;4.544101698476892;4.625474100890638;4.137782550135233;4.223239042658234;4.139818883397469;4.157735994864958;4.295629454909085;4.302375777512703;
-3.312119507642872;-3.498383203268447;-3.686765991093191;-3.6617267062683614;-3.731649377141341;-3.4227102201473403;-3.9554981232329363;-3.558410423196488;-3.423726223715936;-3.4661093788724684;-3.449201825651681;-4.126524430931212;-4.0479535889370855;-4.003533830499723;-4.083914989053234;-4.083914989053234;-4.0257035400062975;-3.813947318204467;-3.8848114088217875;-3.8743262248842987;-3.9388300361417237;-3.687994309846724;-3.741257121794;-3.776914657170745;-3.7973508299864687;-3.682735859286745;-2.0999344286494463;-2.2915984280618087;-2.2185830336048933;3.077122768075298;3.1649749068623203;3.6748842471560645;2.8504127082048503;3.875011025785341;2.7655443790334675;3.4161767291257226;4.18360282458549;3.700378778667658;3.519528471096382;3.844143822581595;3.9165999367754263;3.6664423874324883;3.736241332441489;3.4766513725949784;3.4955133986576383;3.6143604659127226;3.619438669611468;
-3.2638301747348932;-3.4471738401848713;-3.6361962356486592;-3.6093545840324683;-3.6794066796766165;-3.376595015202618;-3.8999318426064464;-3.5089442348375743;-3.3751919963664463;-3.4152693768997233;-3.398581535485234;-4.06850358131651;-3.9902645071954046;-3.9485421976919355;-4.026225360276362;-4.026225360276362;-3.9694409759569145;-3.7577668386917242;-3.8317701967004894;-3.8214574678759146;-3.880166459603936;-3.6366337473559356;-3.6889024419239993;-3.7238770287927867;-3.7325269124367235;-3.6327778130677872;-2.0742216345018725;-2.2661257209043404;-2.1965586309277443;3.063590320006915;3.1457436479757668;3.6419656970465533;2.8243206743920437;3.8395259216706177;2.7447134751327242;3.3921159633019364;4.135534657061574;3.519528471096382;3.5419518294613197;3.811859341012829;3.8816123595210215;3.4818681073515743;3.5534342353025745;3.463957896312148;3.477818766264532;3.5900003619589365;3.5954199337917223;
-3.574028233670724;-3.7733634358174686;-3.9829389006059155;-3.9522474263486167;-4.030156557799404;-3.6980074545534043;-4.275476750859362;-3.8462651529708918;-3.698160089304362;-3.7451162318196816;-3.726734271596808;-4.462740463806126;-4.3776351783658525;-4.331106794763235;-4.415199492025341;-4.415199492025341;-4.353522994808979;-4.125502202593681;-4.203668475689872;-4.193595226311979;-4.261403298142234;-3.988101560588234;-4.045123943043;-4.083916133585447;-4.107509660414681;-3.9833709534234467;-2.274096471158469;-2.4863487320210846;-2.406675251271936;3.391391948742979;3.478207967221191;4.009517481549639;3.12511726995651;4.232034162276404;3.0409226341346813;3.740969255306234;4.544101698476892;3.844143822581595;3.811859341012829;4.220175679767958;4.276578626833254;3.8012359427428932;3.8802353120128936;3.8113759700207868;3.8254000690913834;3.949657164262234;3.9554805794586807;
-3.641871642092659;-3.845266126932191;-4.058877517137511;-4.027647465041297;-4.1070572568675745;-3.7686126666415736;-4.355769058864829;-3.9199584040996385;-3.7696282664958294;-3.8168348909699144;-3.798132200596149;-4.5465024385882336;-4.459750479965895;-4.412310992113595;-4.498717225430957;-4.498717225430957;-4.435331484822128;-4.201715997757915;-4.280840627132767;-4.269881914384128;-4.339620089764595;-4.063442851898596;-4.1211722552;-4.16032353009732;-4.181823986172915;-4.058062914785319;-2.3136392438291913;-2.528579585019489;-2.4491088741723828;3.455991910451128;3.540394377978851;4.07585706610117;3.181741397225936;4.304587014282574;3.099874133403915;3.8046314754695953;4.625474100890638;3.9165999367754263;3.8816123595210215;4.276578626833254;4.365147758250469;3.8730833024676374;3.953288113200639;3.877428486904277;3.892099928259702;4.021520611227595;4.027271107973915;
-3.272544572366808;-3.455916333433171;-3.6424893676837864;-3.617325140200042;-3.686461595127511;-3.380736335702511;-3.909534658261404;-3.5123879182462336;-3.378964297513404;-3.4208508760297027;-3.4041464192520214;-4.080764323542319;-4.003324090330128;-3.9590759700840854;-4.038823517057851;-4.038823517057851;-3.9812771153424467;-3.771145757921702;-3.8410064679276807;-3.8312661947604467;-3.895262082275086;-3.647404703154085;-3.699961965118;-3.7340826571426162;-3.755574859810702;-3.6418930524616173;-2.07959240715617;-2.270854637840213;-2.198174857657341;3.040492174082447;3.1272462296399786;3.634010425774595;2.8133828217522763;3.8311418693195107;2.7295069228257014;3.3771118451230864;4.137782550135233;3.6664423874324883;3.4818681073515743;3.8012359427428932;3.8730833024676374;3.6512870223492335;3.7154068291492335;3.4291119656804674;3.448014930514957;3.5658708816370845;3.5706725365627023;
-3.3447689053058087;-3.5323396427431706;-3.7228100758647864;-3.6971950488430436;-3.7678488925735105;-3.4555110417985113;-3.993679717232404;-3.5865445282442336;-3.449973831224403;-3.4925511310457025;-3.475289605875022;-4.168208870942319;-4.088878436113128;-4.043396233523085;-4.12528576068685;-4.12528576068685;-4.066090935849447;-3.8524202304467017;-3.923863620867681;-3.913779614161447;-3.979275249048085;-3.7257685021340854;-3.778126679893;-3.814280269728617;-3.8363634388917025;-3.717652755703617;-2.1188396107821705;-2.311233637422213;-2.2369748548543402;3.104825169316446;3.193313736083979;3.7123417512755963;2.872629291180276;3.9127423237665124;2.7871025727447014;3.4508199716310854;4.223239042658234;3.736241332441489;3.5534342353025745;3.8802353120128936;3.953288113200639;3.7154068291492335;3.786337179669234;3.5005639420844687;3.5195488979189586;3.640033894204085;3.6449542736027025;
-3.291150538496617;-3.4703134099563413;-3.669814246964575;-3.6349082364230845;-3.7102167897060214;-3.4057011688340215;-3.9362081407478082;-3.5439934194924687;-3.4081616239258086;-3.451324356391404;-3.434808476820043;-4.105567378433638;-4.028260110391256;-3.986684062560169;-4.060446466571702;-4.060446466571702;-4.005408194079893;-3.7881332166064046;-3.863231962453361;-3.8529531784418936;-3.915087960593169;-3.66923742839717;-3.717666672508;-3.7582389664592335;-3.775547875971404;-3.6704150390302344;-2.1213786081403407;-2.319930133739425;-2.239657413523681;3.0649165051728944;3.1599646603109575;3.6317167619491917;2.835173436473553;3.832694184209022;2.7439522037774045;3.3956894447521706;4.139818883397469;3.4766513725949784;3.463957896312148;3.8113759700207868;3.877428486904277;3.4291119656804674;3.5005639420844687;3.6823426855989356;3.6961642535069146;3.7811129289051713;3.791816848990405;
-3.30275192190449;-3.481851526157788;-3.681457440962765;-3.646150507847446;-3.721696486557361;-3.4162862201133617;-3.948483810971744;-3.5539801354579574;-3.4180112833367446;-3.4604506829428727;-3.4439183010517227;-4.118913089198852;-4.04169855025934;-4.000371077532893;-4.073546698612936;-4.073546698612936;-4.018341888112191;-3.800150936272871;-3.87647772619115;-3.866380174462191;-3.9274431490088935;-3.681183434879894;-3.7295422733650008;-3.7706008431059783;-3.7875621933228723;-3.6821318692959792;-2.130161702992787;-2.3288697873512345;-2.2485768288735746;3.060366353338191;3.1566924514612764;3.6375548519682552;2.8233261290544043;3.8381598371983614;2.7308292770988722;3.399453383540895;4.157735994864958;3.4955133986576383;3.477818766264532;3.8254000690913834;3.892099928259702;3.448014930514957;3.5195488979189586;3.6961642535069146;3.727385699684553;3.807505417660894;3.8244506420628723;
