1503
2035.2947438456558;2281.102461743171;246.14637391882877;763.0026613439795;1586.2674650698493;-13.580172987358607;-4.089820359281397;-131.22687957418427;234.84431137724485;-16.186959414504347;0.0;0.0;19.47571523619429;4340.417831004656;2962.8349966733203;0.0;-12.733865602130106;64.0113107119084;-75.23819028609503;-28.20159680638679;0.17232202262142948;-280.8137059214915;1067.5056553559532;-26.427811044577254;669.3087159015313;819.8702594810381;1503.3566200931598;509.5123087159016;11.747172322022555;1021.4910179640724;483.5449101796406;-9.1044577511643;-380.85296074517436;332.800399201596;-25.99534264803811;864.1669993346636;444.2348636061203;0.0;2550.706586826357;574.8562874251485;-4.310711909514327;-200.54424484364577;
2281.102461743171;2947.015302727835;354.4504324683964;934.9354624085156;1330.0139720558807;-16.93080505655355;-4.071856287425216;-193.24817032601447;192.2754491017946;-18.21623419827026;0.0;0.0;27.713905522288755;3990.8675981370498;2454.0013306720116;0.0;-53.453759148370324;63.47571523619399;-98.72388556220886;-38.36127744510923;2.0711909514304714;-266.51763140384617;1319.737857618101;-48.87558216899549;657.5136393878898;1151.89620758483;1235.3519627411893;586.076513639385;22.131071190951353;486.5928143712588;521.0359281437128;-12.216899534264728;-249.81570192947441;359.84031936127286;-44.86294078509701;744.2002661344004;132.05455755156348;0.0;2458.3652694610773;650.485029940127;-6.71523619427811;-137.30206254157596;
246.14637391882877;354.4504324683964;5149.2149035263055;5411.622089155018;3390.019960079835;-16.61543579507639;-0.24550898203582605;-140.78310046573554;699.1077844311378;47.5482368596139;0.0;0.0;19.448436460412527;8475.66799733866;3675.430472388557;0.0;346.20891550232506;25.393878908848997;-56.17697937458443;111.6267465069861;1.5302727877578097;2391.5462408516305;838.1969394544244;276.74916833000844;865.1623419827026;1287.4231536926147;2029.3599467731237;116.25216234198354;91.90153027278726;2752.275449101798;2192.622754491021;5.833000665335944;-667.8795741849643;-93.65668662674463;176.33865602129242;3611.286094477698;983.6493679308077;0.0;4421.664670658691;73.40718562874068;-5.878908848968758;-313.7172322022615;
763.0026613439795;934.9354624085156;5411.622089155018;7637.01131071194;3951.636726546899;-21.46573519627431;-7.131736526946386;-251.21423819028558;720.8383233532873;62.95542248835653;0.0;0.0;49.77178975382573;11929.775781769778;5831.298735861605;0.0;436.13107119095275;-2.701929474384656;-120.51230871590184;181.3932135728545;13.482368596141075;1472.7917498336633;1169.14903526281;225.4318030605428;2723.3120425815;3149.698602794406;2516.5156353958705;849.6773120425834;304.925482368595;2309.586826347305;2801.065868263476;-1.6939454424484257;-391.12508316699547;-96.84830339321206;464.7697937458375;4288.459747172325;559.2481703260152;0.0;5703.5029940119775;1947.3892215568872;-15.07052561543576;-123.8130405854888;
1586.2674650698493;1330.0139720558807;3390.019960079835;3951.636726546899;9748.491017964301;3.1936127744512266;-2.2395209580837365;-221.53093812375272;1568.2514970059829;-29.980039920160095;0.0;0.0;-17.435129740518825;20094.96606786429;14720.522954091835;0.0;384.6726546906158;473.95608782435113;-120.48702594810267;-7.9820359281440325;6.978043912175648;769.5708582834368;1646.978043912172;176.89620758482312;2043.8602794411092;1624.2095808383217;7462.321357285515;1132.0698602794384;173.51097804391227;6879.976047904154;2900.1197604790427;-77.24151696606842;-1868.5708582834318;600.2455089820253;-25.135728542918166;4934.704590818339;3906.4411177644643;0.0;12000.550898203595;566.6167664670669;-13.087824351297403;-1051.7105788423103;
-13.580172987358607;-16.93080505655355;-16.61543579507639;-21.46573519627431;3.1936127744512266;45.5302727877578;-0.28143712574850954;20.703925482368657;-27.75449101796392;-1.282102461743141;0.0;0.0;-0.25016633399867044;2.8795741849633885;11.875582168995347;0.0;-5.573519627411895;-4.979374584165136;-1.3166999334664788;-1.7205588822355367;-0.15635395874916902;17.39853626081157;-2.4896872920824724;-6.133067198935157;-4.025282767797791;-24.29540918163687;-22.40851630073152;8.345974717232219;-4.755156353958852;-0.9281437125750129;43.64071856287459;3.280106453759144;12.268130405854833;-4.06986027944118;-3.8150365934797628;95.77511643379988;-42.10113107119144;0.0;-9.65269461077859;-3.850299401197589;-0.625415834996679;4.242847638057247;
-4.089820359281397;-4.071856287425216;-0.24550898203582605;-7.131736526946386;-2.2395209580837365;-0.28143712574850954;10.94610778443092;1.7305389221557073;-6.293413173652662;-0.24550898203592253;0.0;0.0;-0.04790419161676645;-8.682634730538934;-5.832335329341123;0.0;1.8263473053892456;-0.059880239520984715;0.7904191616766386;-0.5209580838323264;-0.02994011976047912;4.778443113772551;-2.0299401197604383;-0.32335329341314833;-7.281437125748365;-11.077844311377621;-1.6526946107783433;-4.359281437125678;-1.4850299401198117;4.694610778442994;2.526946107784477;2.670658682634706;1.2215568862276307;0.8802395209580979;-0.7305389221556801;12.233532934131722;-1.1257485029939656;0.0;-7.976047904191924;-6.886227544910047;0.8802395209580807;-0.05988023952093108;
-131.22687957418427;-193.24817032601447;-140.78310046573554;-251.21423819028558;-221.53093812375272;20.703925482368657;1.7305389221557073;1486.7638057219028;-875.467065868257;-24.449767132402293;0.0;0.0;-3.795076513639384;618.3646041250803;-30.717232202262124;0.0;302.5761809713924;-130.41051230871602;-46.82568196939444;-30.271457085828263;-6.371922821024571;1516.0033266799503;-513.7052561543588;79.93878908848806;-521.8516300731868;-283.0558882235529;-449.7079174983382;-52.240851630073564;-20.647371922820962;425.4730538922149;975.6347305389295;22.90884896872931;576.6633399866944;7.067864271457116;-79.87491683300019;2467.056553559548;-743.4065202927507;0.0;-488.88023952095745;-6.431137724551322;-4.487691284098465;276.81170991350575;
234.84431137724485;192.2754491017946;699.1077844311378;720.8383233532873;1568.2514970059829;-27.75449101796392;-6.293413173652662;-875.467065868257;1580.9580838323263;-7.892215568862276;0.0;0.0;-4.149700598802405;5804.616766467087;5210.023952095787;0.0;-126.1676646706576;52.562874251497306;-1.0299401197602231;50.497005988024014;-2.7185628742515306;-271.3173652694616;307.2814371257478;104.23952095808326;481.24550898203654;18.131736526949666;1131.3353293413247;12.377245508981058;-15.640718562873602;3285.670658682659;1389.646706586829;-16.904191616766298;229.3173652694587;150.12574850299458;-4.532934131737234;2558.6047904191587;2196.982035928156;0.0;1735.5748502993983;-14.269461077843465;-12.874251497006075;139.56287425149822;
-16.186959414504347;-18.21623419827026;47.5482368596139;62.95542248835653;-29.980039920160095;-1.282102461743141;-0.24550898203592253;-24.449767132402293;-7.892215568862276;39.8815701929463;0.0;0.0;-0.21823020625415546;48.0013306719893;8.76380572188955;0.0;4.542248835661866;-3.9394544244844627;-4.510312707917396;-2.3732534930138556;-0.13639387890884938;17.87957418496345;6.5302727877577915;10.415834996673812;10.829008649367992;9.423153692614719;-20.973386560211953;1.9188290086493391;13.23486360612082;54.27544910179625;-12.377245508982012;2.499667332002698;53.78709248170377;-2.6566866267466187;-2.3280106453759544;72.95276114437806;-1.6839654025283017;0.0;-31.335329341317134;14.40718562874279;-0.5455755156354021;28.61610113107088;
0.0;0.0;0.0;0.0;0.0;0.0;0.0;0.0;0.0;0.0;0.0;0.0;0.0;0.0;0.0;0.0;0.0;0.0;0.0;0.0;0.0;0.0;0.0;0.0;0.0;0.0;0.0;0.0;0.0;0.0;0.0;0.0;0.0;0.0;0.0;0.0;0.0;0.0;0.0;0.0;0.0;0.0;
0.0;0.0;0.0;0.0;0.0;0.0;0.0;0.0;0.0;0.0;0.0;0.0;0.0;0.0;0.0;0.0;0.0;0.0;0.0;0.0;0.0;0.0;0.0;0.0;0.0;0.0;0.0;0.0;0.0;0.0;0.0;0.0;0.0;0.0;0.0;0.0;0.0;0.0;0.0;0.0;0.0;0.0;
19.47571523619429;27.713905522288755;19.448436460412527;49.77178975382573;-17.435129740518825;-0.25016633399867044;-0.04790419161676645;-3.795076513639384;-4.149700598802405;-0.21823020625415546;0.0;0.0;7.957418496340642;132.17099135063197;79.14903526280776;0.0;1.1789753825681943;-2.7198935462408564;-1.0751829673985374;14.536926147704591;-0.0266134397870929;-5.974717232202256;4.640053226879605;6.934797072521609;35.5276114437791;53.375249500998024;1.4198270126414254;1.5695276114437786;-1.3200266134397876;23.395209580838443;54.02395209580834;-0.29274783765801743;51.64138389886899;2.115768463073863;11.350632069194933;97.42980705256149;-4.889554224883639;0.0;12.910179640718578;26.32335329341317;-0.10645375914837166;38.168995342647996;
4340.417831004656;3990.8675981370498;8475.66799733866;11929.775781769778;20094.96606786429;2.8795741849633885;-8.682634730538934;618.3646041250803;5804.616766467087;48.0013306719893;0.0;0.0;132.17099135063197;66859.79773785769;49695.901530272786;0.0;939.5781769793764;1026.7970725216242;-323.43246839654137;618.734530938124;-4.268130405854966;4679.304723885547;3269.3985362608155;1022.7930805056455;5934.990685296079;7488.680638722558;14007.95475715237;3030.337990685308;666.3007318695959;25302.13173652693;16408.341317365288;-43.949434464404284;334.36194278110463;1675.8163672654664;115.85761809714577;29714.180306054583;11967.962741184307;0.0;28214.97005988024;3623.107784431136;-63.07252162341999;273.35262807718306;
2962.8349966733203;2454.0013306720116;3675.430472388557;5831.298735861605;14720.522954091835;11.875582168995347;-5.832335329341123;-30.717232202262124;5210.023952095787;8.76380572188955;0.0;0.0;79.14903526280776;49695.901530272786;40797.478376580075;0.0;257.87358616101176;119.5196274118432;-350.2368596141037;371.62075848303346;-15.906852960745226;1575.9115103127049;2029.759813705921;676.2282102461753;4233.6533599467875;3915.6866267465057;10633.030605455755;2177.006653359968;225.62009314703917;20873.61676646703;11907.91616766467;-36.97538256819796;696.7551563539577;1407.5948103792384;-36.727212242186894;22416.49567531605;10591.613439787117;0.0;19602.814371257497;2408.868263473053;-50.627411842980756;403.40851630073405;
0.0;0.0;0.0;0.0;0.0;0.0;0.0;0.0;0.0;0.0;0.0;0.0;0.0;0.0;0.0;0.0;0.0;0.0;0.0;0.0;0.0;0.0;0.0;0.0;0.0;0.0;0.0;0.0;0.0;0.0;0.0;0.0;0.0;0.0;0.0;0.0;0.0;0.0;0.0;0.0;0.0;0.0;
-12.733865602130106;-53.453759148370324;346.20891550232506;436.13107119095275;384.6726546906158;-5.573519627411895;1.8263473053892456;302.5761809713924;-126.1676646706576;4.542248835661866;0.0;0.0;1.1789753825681943;939.5781769793764;257.87358616101176;0.0;441.1071190951451;18.80705256154397;-8.230871590152883;-20.678642714570504;0.2368596141051181;288.17498336660407;-61.096473719228925;-34.81969394544222;58.204258150366115;-8.139720558882122;256.56353958749213;-73.26879574185071;86.54823685961279;424.6826347305382;257.5868263473053;-4.3945442448436305;145.49168330006952;20.16966067864298;-15.02062541583484;669.9747172322046;83.81703260146304;0.0;247.29940119760465;116.92215568862402;-0.05256154357949216;65.69594145043222;
64.0113107119084;63.47571523619399;25.393878908848997;-2.701929474384656;473.95608782435113;-4.979374584165136;-0.059880239520984715;-130.41051230871602;52.562874251497306;-3.9394544244844627;0.0;0.0;-2.7198935462408564;1026.7970725216242;119.5196274118432;0.0;18.80705256154397;1069.2667997338451;-26.67731204258193;-29.578842315368743;10.30006653359953;-205.13506320692136;121.63339986693254;-65.9148369926821;14.576180971390892;843.4690618762509;233.94145043246874;0.37857618097162216;230.68330006652914;-482.0059880239515;198.0299401197594;2.300731869594051;-154.53160345974632;-5.355289421157776;-4.478376580172931;-589.2960745176339;236.30472388556078;0.0;1322.1377245508938;-33.095808383233845;1.200266134397839;-86.9554224883563;
-75.23819028609503;-98.72388556220886;-56.17697937458443;-120.51230871590184;-120.48702594810267;-1.3166999334664788;0.7904191616766386;-46.82568196939444;-1.0299401197602231;-4.510312707917396;0.0;0.0;-1.0751829673985374;-323.43246839654137;-350.2368596141037;0.0;-8.230871590152883;-26.67731204258193;208.85163007318343;-9.692614770458972;0.32801064537591745;13.138389886892707;-49.33865602129065;2.853626081171144;-104.42781104457731;20.475049900199686;-127.64936793080399;-48.61942781104474;-15.330671989354453;-148.52095808383308;0.6047904191616253;-4.391882900864765;-142.8050565535595;-7.576846307385402;7.6034597471720895;-258.6473719228215;36.28875582168997;0.0;-79.01796407185684;-77.33532934131674;1.3120425815036727;-74.23286759813641;
-28.20159680638679;-38.36127744510923;111.6267465069861;181.3932135728545;-7.9820359281440325;-1.7205588822355367;-0.5209580838323264;-30.271457085828263;50.497005988024014;-2.3732534930138556;0.0;0.0;14.536926147704591;618.734530938124;371.62075848303346;0.0;-20.678642714570504;-29.578842315368743;-9.692614770458972;185.96407185628885;-0.2894211576846291;15.524950099801325;-20.28942115768474;40.54091816367248;85.61277445109788;195.58083832335382;8.690618762475548;9.193612774451433;-12.355289421157474;143.04790419161634;277.76047904191597;-3.183632734530967;120.47504990019945;-8.491017964071977;81.93812375249506;336.92415169660626;96.45109780439074;0.0;176.8982035928144;39.76646706586721;-1.1576846307385165;104.08782435129724;
0.17232202262142948;2.0711909514304714;1.5302727877578097;13.482368596141075;6.978043912175648;-0.15635395874916902;-0.02994011976047912;-6.371922821024571;-2.7185628742515306;-0.13639387890884938;0.0;0.0;-0.0266134397870929;-4.268130405854966;-15.906852960745226;0.0;0.2368596141051181;10.30006653359953;0.32801064537591745;-0.2894211576846291;4.983366600133051;-19.234198270126434;5.650033266799741;-0.29075182967397556;9.954757152361951;22.734530938123726;4.637391882900855;5.355954757152355;1.1749833666001117;-34.50299401197602;-3.485029940119754;-0.18296739853626026;-12.09913506320689;-0.17764471057883227;4.594145043246854;-38.98137059214908;-5.180971390552217;0.0;21.568862275449096;8.952095808383275;-0.06653359946773092;-6.144377910844973;
-280.8137059214915;-266.51763140384617;2391.5462408516305;1472.7917498336633;769.5708582834368;17.39853626081157;4.778443113772551;1516.0033266799503;-271.3173652694616;17.87957418496345;0.0;0.0;-5.974717232202256;4679.304723885547;1575.9115103127049;0.0;288.17498336660407;-205.13506320692136;13.138389886892707;15.524950099801325;-19.234198270126434;4919.422488356533;-502.56753160346585;164.22621423819373;-1570.1570192947374;-406.0978043912128;-506.9055222887661;-379.58815701929717;-33.21623419826965;3433.0778443113463;2546.6107784431133;25.423819028609664;84.24417831004652;126.61876247504975;-215.11443779108225;6397.182302062623;-329.6280771789731;0.0;744.2095808383135;-842.754491017959;-10.936793080505689;5.087159015302836;
1067.5056553559532;1319.737857618101;838.1969394544244;1169.14903526281;1646.978043912172;-2.4896872920824724;-2.0299401197604383;-513.7052561543588;307.2814371257478;6.5302727877577915;0.0;0.0;4.640053226879605;3269.3985362608155;2029.759813705921;0.0;-61.096473719228925;121.63339986693254;-49.33865602129065;-20.28942115768474;5.650033266799741;-502.56753160346585;1544.3166999334587;-79.95741849633943;281.2880904856946;785.7345309381241;1415.97072521622;659.6892880904834;34.84165003326675;702.4970059880236;-315.48502994012006;-13.849634065203002;-874.7658017298692;92.82235528942097;12.260811709913632;-914.6480372588197;850.1523619427836;0.0;2844.5688622754456;278.9520958083834;10.600133067198941;-447.4777112441732;
-26.427811044577254;-48.87558216899549;276.74916833000844;225.4318030605428;176.89620758482312;-6.133067198935157;-0.32335329341314833;79.93878908848806;104.23952095808326;10.415834996673812;0.0;0.0;6.934797072521609;1022.7930805056455;676.2282102461753;0.0;-34.81969394544222;-65.9148369926821;2.853626081171144;40.54091816367248;-0.29075182967397556;164.22621423819373;-79.95741849633943;363.8376580172904;-43.910844976711125;-147.80039920159243;97.86161011310793;-35.377910844976846;-26.02129075183043;813.16766467065;312.16167664670866;8.801729873585865;101.10711909514279;-27.385229540918964;1.5056553559549326;1037.845642049237;133.35662009314817;0.0;110.14371257485055;-62.317365269462385;-1.1630073186959229;71.19627411842967;
669.3087159015313;657.5136393878898;865.1623419827026;2723.3120425815;2043.8602794411092;-4.025282767797791;-7.281437125748365;-521.8516300731868;481.24550898203654;10.829008649367992;0.0;0.0;35.5276114437791;5934.990685296079;4233.6533599467875;0.0;58.204258150366115;14.576180971390892;-104.42781104457731;85.61277445109788;9.954757152361951;-1570.1570192947374;281.2880904856946;-43.910844976711125;2970.196939454441;2267.0379241516953;1991.813705921493;715.568196939456;174.35595475715445;-422.92814371257214;1226.640718562875;-17.497671324018633;370.4903526280759;77.59680638722647;279.296074517628;657.3306719893559;274.78775781770025;0.0;3224.347305389234;1785.1497005988042;-12.180971390552255;238.68729208250124;
819.8702594810381;1151.89620758483;1287.4231536926147;3149.698602794406;1624.2095808383217;-24.29540918163687;-11.077844311377621;-283.0558882235529;18.131736526949666;9.423153692614719;0.0;0.0;53.375249500998024;7488.680638722558;3915.6866267465057;0.0;-8.139720558882122;843.4690618762509;20.475049900199686;195.58083832335382;22.734530938123726;-406.0978043912128;785.7345309381241;-147.80039920159243;2267.0379241516953;5084.443113772457;952.6127744510982;1118.481037924154;492.63273453094166;-2600.1077844311226;2375.538922155686;65.07984031936105;163.09780439121784;134.60479041916238;269.7225548902193;449.33732534930425;-586.8483033932135;0.0;5595.479041916153;1789.2754491017995;3.9381237524950197;145.13572854291425;
1503.3566200931598;1235.3519627411893;2029.3599467731237;2516.5156353958705;7462.321357285515;-22.40851630073152;-1.6526946107783433;-449.7079174983382;1131.3353293413247;-20.973386560211953;0.0;0.0;1.4198270126414254;14007.95475715237;10633.030605455755;0.0;256.56353958749213;233.94145043246874;-127.64936793080399;8.690618762475548;4.637391882900855;-506.9055222887661;1415.97072521622;97.86161011310793;1991.813705921493;952.6127744510982;7097.095143047193;738.7598137059207;13.014637391882488;3686.6347305389286;1575.8263473053853;-55.988689288091166;-745.7611443779108;468.3273453093927;8.152361942782829;2225.6061210911525;2635.2548236859693;0.0;9169.401197604806;597.1556886227561;18.549567531603284;-424.9474384564229;
509.5123087159016;586.076513639385;116.25216234198354;849.6773120425834;1132.0698602794384;8.345974717232219;-4.359281437125678;-52.240851630073564;12.377245508981058;1.9188290086493391;0.0;0.0;1.5695276114437786;3030.337990685308;2177.006653359968;0.0;-73.26879574185071;0.37857618097162216;-48.61942781104474;9.193612774451433;5.355954757152355;-379.58815701929717;659.6892880904834;-35.377910844976846;715.568196939456;1118.481037924154;738.7598137059207;965.382568196939;3.655355954756971;116.96407185628696;93.17964071856255;-6.084497671323937;-295.07850964737224;76.20159680638726;53.68529607451795;68.0013306719905;-0.727212242182512;0.0;2242.8263473053785;689.4251497005984;-1.5761809713905455;-164.51031270791475;
11.747172322022555;22.131071190951353;91.90153027278726;304.925482368595;173.51097804391227;-4.755156353958852;-1.4850299401198117;-20.647371922820962;-15.640718562873602;13.23486360612082;0.0;0.0;-1.3200266134397876;666.3007318695959;225.62009314703917;0.0;86.54823685961279;230.68330006652914;-15.330671989354453;-12.355289421157474;1.1749833666001117;-33.21623419826965;34.84165003326675;-26.02129075183043;174.35595475715445;492.63273453094166;13.014637391882488;3.655355954756971;223.07917498336528;-55.74850299401205;-2.257485029939815;-8.075182967398346;-86.1170991350628;7.588822355289194;0.8695941450432177;-57.67598137059184;-48.576180971391196;0.0;514.215568862273;229.0239520958112;-1.300066533599457;-47.76114437791045;
1021.4910179640724;486.5928143712588;2752.275449101798;2309.586826347305;6879.976047904154;-0.9281437125750129;4.694610778442994;425.4730538922149;3285.670658682659;54.27544910179625;0.0;0.0;23.395209580838443;25302.13173652693;20873.61676646703;0.0;424.6826347305382;-482.0059880239515;-148.52095808383308;143.04790419161634;-34.50299401197602;3433.0778443113463;702.4970059880236;813.16766467065;-422.92814371257214;-2600.1077844311226;3686.6347305389286;116.96407185628696;-55.74850299401205;19077.26946107786;5174.652694610774;-97.53293413173633;-1103.0778443113772;642.9880239520921;-271.4730538922102;16025.32335329341;7548.287425149708;0.0;5926.802395209578;-351.68862275448913;-54.01197604790413;-569.0059880239472;
483.5449101796406;521.0359281437128;2192.622754491021;2801.065868263476;2900.1197604790427;43.64071856287459;2.526946107784477;975.6347305389295;1389.646706586829;-12.377245508982012;0.0;0.0;54.02395209580834;16408.341317365288;11907.91616766467;0.0;257.5868263473053;198.0299401197594;0.6047904191616253;277.76047904191597;-3.485029940119754;2546.6107784431133;-315.48502994012006;312.16167664670866;1226.640718562875;2375.538922155686;1575.8263473053853;93.17964071856255;-2.257485029939815;5174.652694610774;7189.736526946152;1.6646706586828501;2322.3892215568953;342.0598802395233;55.365269461078114;10902.383233532875;2522.5628742515005;0.0;4786.98802395211;679.443113772454;-29.94011976047909;1289.0299401197653;
-9.1044577511643;-12.216899534264728;5.833000665335944;-1.6939454424484257;-77.24151696606842;3.280106453759144;2.670658682634706;22.90884896872931;-16.904191616766298;2.499667332002698;0.0;0.0;-0.29274783765801743;-43.949434464404284;-36.97538256819796;0.0;-4.3945442448436305;2.300731869594051;-4.391882900864765;-3.183632734530967;-0.18296739853626026;25.423819028609664;-13.849634065203002;8.801729873585865;-17.497671324018633;65.07984031936105;-55.988689288091166;-6.084497671323937;-8.075182967398346;-97.53293413173633;1.6646706586828501;56.987358616100515;78.90951430472394;4.045908183632735;-0.46440452428478407;101.20492348636004;-101.99068529607432;0.0;-20.742514970060217;-9.526946107784134;1.2681304058549507;45.41184298070548;
-380.85296074517436;-249.81570192947441;-667.8795741849643;-391.12508316699547;-1868.5708582834318;12.268130405854833;1.2215568862276307;576.6633399866944;229.3173652694587;53.78709248170377;0.0;0.0;51.64138389886899;334.36194278110463;696.7551563539577;0.0;145.49168330006952;-154.53160345974632;-142.8050565535595;120.47504990019945;-12.09913506320689;84.24417831004652;-874.7658017298692;101.10711909514279;370.4903526280759;163.09780439121784;-745.7611443779108;-295.07850964737224;-86.1170991350628;-1103.0778443113772;2322.3892215568953;78.90951430472394;4594.089155023271;-17.618762475050794;59.78110445775192;4030.1510312707983;-606.0385894876911;0.0;-2466.209580838315;322.75449101796465;-21.396540252827716;2548.5795076513746;
332.800399201596;359.84031936127286;-93.65668662674463;-96.84830339321206;600.2455089820253;-4.06986027944118;0.8802395209580979;7.067864271457116;150.12574850299458;-2.6566866267466187;0.0;0.0;2.115768463073863;1675.8163672654664;1407.5948103792384;0.0;20.16966067864298;-5.355289421157776;-7.576846307385402;-8.491017964071977;-0.17764471057883227;126.61876247504975;92.82235528942097;-27.385229540918964;77.59680638722647;134.60479041916238;468.3273453093927;76.20159680638726;7.588822355289194;642.9880239520921;342.0598802395233;4.045908183632735;-17.618762475050794;278.6227544910237;-25.734530938124074;906.5189620758493;75.38722554890239;0.0;824.2754491017951;21.808383233532897;1.2894211576846548;-11.021956087824435;
-25.99534264803811;-44.86294078509701;176.33865602129242;464.7697937458375;-25.135728542918166;-3.8150365934797628;-0.7305389221556801;-79.87491683300019;-4.532934131737234;-2.3280106453759544;0.0;0.0;11.350632069194933;115.85761809714577;-36.727212242186894;0.0;-15.02062541583484;-4.478376580172931;7.6034597471720895;81.93812375249506;4.594145043246854;-215.11443779108225;12.260811709913632;1.5056553559549326;279.296074517628;269.7225548902193;8.152361942782829;53.68529607451795;0.8695941450432177;-271.4730538922102;55.365269461078114;-0.46440452428478407;59.78110445775192;-25.734530938124074;176.09713905522466;-198.9454424484434;-23.815701929472624;0.0;70.88023952095207;188.4311377245517;-0.623419827012635;73.07717897538288;
864.1669993346636;744.2002661344004;3611.286094477698;4288.459747172325;4934.704590818339;95.77511643379988;12.233532934131722;2467.056553559548;2558.6047904191587;72.95276114437806;0.0;0.0;97.42980705256149;29714.180306054583;22416.49567531605;0.0;669.9747172322046;-589.2960745176339;-258.6473719228215;336.92415169660626;-38.98137059214908;6397.182302062623;-914.6480372588197;1037.845642049237;657.3306719893559;449.33732534930425;2225.6061210911525;68.0013306719905;-57.67598137059184;16025.32335329341;10902.383233532875;101.20492348636004;4030.1510312707983;906.5189620758493;-198.9454424484434;26599.099135063287;2279.3226879574186;0.0;5265.562874251502;941.1736526946106;-66.92548236859639;2216.481703260133;
444.2348636061203;132.05455755156348;983.6493679308077;559.2481703260152;3906.4411177644643;-42.10113107119144;-1.1257485029939656;-743.4065202927507;2196.982035928156;-1.6839654025283017;0.0;0.0;-4.889554224883639;11967.962741184307;10591.613439787117;0.0;83.81703260146304;236.30472388556078;36.28875582168997;96.45109780439074;-5.180971390552217;-329.6280771789731;850.1523619427836;133.35662009314817;274.78775781770025;-586.8483033932135;2635.2548236859693;-0.727212242182512;-48.576180971391196;7548.287425149708;2522.5628742515005;-101.99068529607432;-606.0385894876911;75.38722554890239;-23.815701929472624;2279.3226879574186;7375.151031270833;0.0;4228.389221556887;-485.4011976047925;-25.723885562208864;-312.2508316699952;
0.0;0.0;0.0;0.0;0.0;0.0;0.0;0.0;0.0;0.0;0.0;0.0;0.0;0.0;0.0;0.0;0.0;0.0;0.0;0.0;0.0;0.0;0.0;0.0;0.0;0.0;0.0;0.0;0.0;0.0;0.0;0.0;0.0;0.0;0.0;0.0;0.0;0.0;0.0;0.0;0.0;0.0;
2550.706586826357;2458.3652694610773;4421.664670658691;5703.5029940119775;12000.550898203595;-9.65269461077859;-7.976047904191924;-488.88023952095745;1735.5748502993983;-31.335329341317134;0.0;0.0;12.910179640718578;28214.97005988024;19602.814371257497;0.0;247.29940119760465;1322.1377245508938;-79.01796407185684;176.8982035928144;21.568862275449096;744.2095808383135;2844.5688622754456;110.14371257485055;3224.347305389234;5595.479041916153;9169.401197604806;2242.8263473053785;514.215568862273;5926.802395209578;4786.98802395211;-20.742514970060217;-2466.209580838315;824.2754491017951;70.88023952095207;5265.562874251502;4228.389221556887;0.0;18697.54491017983;1234.8383233532961;-0.7245508982036152;-1316.8622754491014;
574.8562874251485;650.485029940127;73.40718562874068;1947.3892215568872;566.6167664670669;-3.850299401197589;-6.886227544910047;-6.431137724551322;-14.269461077843465;14.40718562874279;0.0;0.0;26.32335329341317;3623.107784431136;2408.868263473053;0.0;116.92215568862402;-33.095808383233845;-77.33532934131674;39.76646706586721;8.952095808383275;-842.754491017959;278.9520958083834;-62.317365269462385;1785.1497005988042;1789.2754491017995;597.1556886227561;689.4251497005984;229.0239520958112;-351.68862275448913;679.443113772454;-9.526946107784134;322.75449101796465;21.808383233532897;188.4311377245517;941.1736526946106;-485.4011976047925;0.0;1234.8383233532961;1948.9820359281427;-7.191616766467044;184.90419161676581;
-4.310711909514327;-6.71523619427811;-5.878908848968758;-15.07052561543576;-13.087824351297403;-0.625415834996679;0.8802395209580807;-4.487691284098465;-12.874251497006075;-0.5455755156354021;0.0;0.0;-0.10645375914837166;-63.07252162341999;-50.627411842980756;0.0;-0.05256154357949216;1.200266134397839;1.3120425815036727;-1.1576846307385165;-0.06653359946773092;-10.936793080505689;10.600133067198941;-1.1630073186959229;-12.180971390552255;3.9381237524950197;18.549567531603284;-1.5761809713905455;-1.300066533599457;-54.01197604790413;-29.94011976047909;1.2681304058549507;-21.396540252827716;1.2894211576846548;-0.623419827012635;-66.92548236859639;-25.723885562208864;0.0;-0.7245508982036152;-7.191616766467044;19.73386560212931;-11.577511643379902;
-200.54424484364577;-137.30206254157596;-313.7172322022615;-123.8130405854888;-1051.7105788423103;4.242847638057247;-0.05988023952093108;276.81170991350575;139.56287425149822;28.61610113107088;0.0;0.0;38.168995342647996;273.35262807718306;403.40851630073405;0.0;65.69594145043222;-86.9554224883563;-74.23286759813641;104.08782435129724;-6.144377910844973;5.087159015302836;-447.4777112441732;71.19627411842967;238.68729208250124;145.13572854291425;-424.9474384564229;-164.51031270791475;-47.76114437791045;-569.0059880239472;1289.0299401197653;45.41184298070548;2548.5795076513746;-11.021956087824435;73.07717897538288;2216.481703260133;-312.2508316699952;0.0;-1316.8622754491014;184.90419161676581;-11.577511643379902;1475.2667997338665;
