5000
6.98823336879185;3.0848070687960187;3.7026826955400103;3.0067149988359683;3.619280167355907;3.099621492579945;3.1294144059439444;2.2448266734839954;2.4412976758919998;3.5698545573519422;3.111323753807978;1.9629194923439806;3.8502153242160397;2.124064898551989;1.708371879020005;3.198476210036008;1.7052145666959893;1.8472005225840142;0.6607929834959988;-0.15421101659999262;1.51134659251201;1.1354927064480083;0.27810264518799144;1.6131914451039944;-0.8777861781159947;-0.5448061105679939;-0.16915384516399698;1.3461633301680014;-0.4215623464680032;-0.1726718525000079;-0.5561579757960002;0.8335031389160001;0.26715890075600673;-0.2706150759120082;1.0673529216599877;-1.1004938053119908;-0.7807576442279888;-0.45773008982000757;0.7691781467039981;1.0273143430960028;-0.4967803888719897;0.020321856495998606;-1.3602857420799888;0.6141124038560044;-0.4096897357039984;-1.096175658855994;-1.0472248295679902;-0.9609220185520022;-1.2098522045360127;-0.719942334211983;
3.0848070687960187;4.292976251597983;1.5669680307700082;0.7037848846180005;1.4309993428780146;1.2170798272900039;1.392973198772018;2.7706092305420063;0.7482655773460015;0.7092456600759997;1.0349955775040007;2.594951311972003;1.7844622833079908;2.501812940675986;3.1280114785099546;0.5492193902180009;2.5637072405479504;2.477171700091986;2.2403480739480446;0.9769420416999968;3.034537014656015;2.0829504518240003;1.7230382791940149;2.9944299253520095;-0.7837163052579972;-0.9973212728839957;-0.696988567382005;2.014788852683989;-0.44773896583399514;-0.005985026249999368;-0.4897846550980042;2.358373170658022;-0.34300458542199785;-0.8419872363559958;2.1039018928299846;-1.1054029810560053;-0.3721766717139983;-0.3401632189099962;1.6353376561520052;2.1518932287479933;-0.5389309748360009;-0.345829419552;-1.2901206920399955;1.8800659011280354;1.1885419693479955;-1.0245892536279886;-1.4404650223840043;-0.8209372506759999;-1.5385637624679849;0.44941973449399775;
3.7026826955400103;1.5669680307700082;5.140339913549994;3.5083659180699924;3.525030907970086;2.918916433350071;2.28817924678003;0.8169281853300039;1.931336323789984;4.078359912739913;3.765946648959751;1.3264146547799942;4.69010070242001;1.5114153217399777;1.3142716036500017;3.04063344207;1.094762065019996;1.0387342885800024;0.8518028860200005;0.1154550654999988;0.9976654994400012;0.5367620057599998;0.6489983183100017;1.2693601834800055;-0.3380866216699964;-0.14632007765999694;-0.16831388192999924;0.7397359546599992;0.21760309808999803;0.020591756250004426;0.18590271672999722;0.7906481526699921;-0.08748063653000221;-0.0027624049399994424;0.6689146504499979;-0.7276561554400003;-0.48774423811000867;0.6109127003499918;0.5388144854799994;1.4339617480200098;0.18573170986000292;0.1474043235200005;-0.37314524459999726;1.065478601720002;-0.30532251298000107;-0.30788925922000016;-0.5799064401600026;-0.4909225017399995;-0.7859407158199975;-0.31741024218999775;
3.0067149988359683;0.7037848846180005;3.5083659180699924;4.274271797437914;3.2275603430980375;2.7972909893899924;1.8710452570519924;0.17690160612198905;1.380489446885981;3.7278294073159497;3.234060774464033;0.8726827782519921;3.727415924228023;0.918431481916003;0.4372046984100009;2.836360337038016;0.11023659906800622;0.7297780351720011;0.009821838468005247;-0.196507725299999;0.7150955060960001;-0.07017665441599955;-0.09137010574599805;0.38930719783199885;-0.30822263167800407;0.12147555395599856;0.09956695543800027;0.22619651784400385;0.7396228855060037;0.4872585212499965;0.04270863688199958;0.056685203078001865;-0.24914487220200154;-0.12348498079600208;0.4257613995299993;-0.46067762849599875;-0.3388724615739935;-0.020682984809999708;0.011684340631997336;0.5363310652680013;0.7087571755239976;0.04916327996800007;0.009598958360000302;0.3310037538479996;-0.18395610013199015;0.23640408865200047;-0.01605613054400003;-0.2759337719160049;-0.18068112178800097;-0.4805112734459896;
3.619280167355907;1.4309993428780146;3.525030907970086;3.2275603430980375;5.424982574958003;2.5310356516900008;1.9350131106920005;0.8447273596620002;1.492653453905987;4.302106089435973;3.299754856944001;1.1333801158920018;3.7273465901879814;0.9087377160359977;0.5353679621100043;3.572807404697985;0.13867663382800002;1.4011681372119849;-0.1602975287719919;-0.2836109962999987;1.284795442816;-0.0305404435360054;0.18076047703400364;0.8067991060719997;0.15049505586199968;-0.44159865912399987;-0.7219460289020071;0.550279366924001;0.1745086959260007;-0.06260668624999938;-0.27469491637800025;0.5787626635380027;-0.18479582134200012;-0.5173557965160029;0.5532003316299997;-1.2084375032160155;-0.7248431367539965;0.24997641349000052;1.0801491548720032;0.43769450402800125;0.17536053220400008;-0.4550738122719946;-0.10786031644000145;0.5209852732080005;-0.8928852293719876;-0.6034783057079981;-1.0826220486239968;0.19749817396399974;-1.2560432969479955;-0.2045599096659937;
3.099621492579945;1.2170798272900039;2.918916433350071;2.7972909893899924;2.5310356516900008;4.342254817949982;1.517703394060008;0.46783747241000395;1.2476090878299997;2.6378094869799975;2.671627743920064;1.8919586400599495;3.1641196843399757;1.198652769979995;0.77027119105;2.0460463473899435;0.5157751445399986;1.5412362226600016;-0.06526150846000493;-0.5453231964999888;1.3858169928800004;0.6247361575200001;-0.19168119612999712;1.341434899959997;-1.0602508665899946;-0.22846228381999448;-0.2950398006099989;1.1913068828199989;-0.11073761107000044;0.49422630124999395;-0.42525693979000007;0.1947757035900051;-0.2087891948100007;-0.21419217637999854;1.2323235946499984;-1.1965148948799875;-0.5671440584699997;-0.41516134304999813;0.8658930939600001;1.2537710955399977;-0.329039406779999;-0.31995525095999655;-0.8929691842000036;1.2418678104400052;-0.03766547145999427;-0.16433507793999905;-0.6924589463199998;-0.6666992599799949;-0.6880886761399958;-0.5448074346300024;
3.1294144059439444;1.392973198772018;2.28817924678003;1.8710452570519924;1.9350131106920005;1.517703394060008;3.2030580124081984;0.5515567331880007;1.9153330456439799;2.2107025578640003;1.9868414522559374;0.8448799872079912;2.356564100712065;1.0741086262640127;0.4009027871400008;1.8162939354520111;0.5534342540720008;0.4670623468879999;-0.150360478328002;0.10827777380000117;0.21252564598400359;0.27353274873600125;-0.24917988208400318;0.5160988985280011;-0.31771335801199946;-0.33434747157600864;0.39479735905199853;0.3122639787759998;-0.21254302287599952;-0.09135804749999576;-0.3873016777720024;-0.10119078638800441;0.35968054449200254;0.35347072021599907;0.1741945836199975;-0.10997897558400176;-0.613336939196008;-0.08948279273999978;-0.07427317027200339;0.02662365887200353;-0.18430154250400357;0.40432855267199863;-0.7042510105599942;-0.0274635338079993;-0.6742062327279978;-0.5814037611919916;-0.17220066457600322;-0.49933010626400426;-0.23354547695199523;-0.39687786788399115;
2.2448266734839954;2.7706092305420063;0.8169281853300039;0.17690160612198905;0.8447273596620002;0.46783747241000395;0.5515567331880007;6.956995077518032;0.9457555464339898;0.6688684726040013;0.9700000592159957;2.142266545988002;1.3634054391320027;4.843780740003974;3.0332540857900026;1.1785327185220025;5.129738965092007;4.124518949467951;2.83633765369202;1.2476086992999875;2.672446317424004;3.9359985624959872;2.459337369225995;3.6265475960080007;-1.802951730682016;-0.4893321672360004;-0.9945198318779895;4.499239501435982;-0.9960621977860047;-0.5783902162500011;-0.9320898820420084;2.9315482472819823;0.06532072896199938;-0.39863025672399843;1.7673606690699946;-0.8970358930240031;-0.8494777103059982;-0.7207934673900028;3.3997170992080354;2.094276222891993;-0.2569005746439997;-0.20761690780800163;-1.1278738751599995;1.8101873439120095;0.832769740291997;-0.9115233864120076;-0.6983131827359987;-0.9716868500039968;-1.5639043987720083;1.206022172926008;
2.4412976758919998;0.7482655773460015;1.931336323789984;1.380489446885981;1.492653453905987;1.2476090878299997;1.9153330456439799;0.9457555464339898;3.4019170217420043;1.9942376024520243;2.1477281642079795;0.8091668520439952;1.9881760325159845;1.542736188651999;0.9791693987699943;2.1682111280859684;0.8208944739959996;0.7137931992839979;0.5217063457960018;0.5666322258999986;0.34760292811200355;1.238341218848003;0.5083275708380001;0.6025718453040009;-0.787115470166002;0.17225328853199956;0.21647420288600214;1.093453466067989;-0.671476266117999;-0.36503455375000265;-0.6047384418459939;0.6770856459660048;0.7888105398060062;1.0345997559880158;0.3466031534100004;-0.038007450911999384;-0.6588170768779955;0.027804710429999924;0.8572542669039973;0.3776493953960007;-0.27986899497199663;0.360018221295999;-0.627988751079999;0.5814025616560007;-0.25231441840399027;-0.5544054291559999;0.1644993320320004;-0.4728629986520005;0.05549546616399976;0.3190482239379997;
3.5698545573519422;0.7092456600759997;4.078359912739913;3.7278294073159497;4.302106089435973;2.6378094869799975;2.2107025578640003;0.6688684726040013;1.9942376024520243;5.8959876667118545;3.6551054232479987;0.6439220262639999;4.492523361095961;1.5105726639120007;1.4001566626200026;4.3275835145159505;0.4579164599760083;0.847155969704001;0.6355797007760043;-0.25205688460000486;0.5898482106720041;0.33111497108800114;0.866030383027998;0.3113467458240078;-0.272081976995998;-0.02317054680799969;-0.5423724666840013;0.8769933144080004;0.021629635292000154;-0.472102832500007;-0.4320150070760008;0.3901776917959981;-0.15674395516399725;-0.08196327607200098;0.057765990460005266;-0.9874561474719968;-1.0515751392680088;0.31991934257999916;0.9607712354239987;0.5996974983760016;0.12159500816800026;-0.2975259962240014;-0.06576166647999857;0.44397577593599935;-1.0216554144239987;-0.5302527909360063;-0.6390303658079953;-0.2712712839120016;-0.8341662390159934;-0.15757009837200084;
3.111323753807978;1.0349955775040007;3.765946648959751;3.234060774464033;3.299754856944001;2.671627743920064;1.9868414522559374;0.9700000592159957;2.1477281642079795;3.6551054232479987;4.302139858591988;1.2906109358560016;3.798462985583847;1.6846194020480212;1.2513554744799933;2.9355769532639213;0.8182045871040012;1.0228480876159975;0.6274915103040026;0.1954830015999992;1.294004431087995;0.922599747951998;0.622865273711998;0.9802352160959977;-0.6588575491839975;0.02869503516800041;-0.2694986615360019;1.0762459752319964;0.3511555735680012;0.14671141999999993;-0.018190865503999825;0.9916209283840012;0.2101951585439998;0.7921928373120198;0.42843144384000115;-0.5253126682879927;-0.49147805667200406;0.25689461631999944;0.8753032044959989;0.6590228507040011;0.28780455227199697;0.020085392304000114;0.00904920808000047;0.9015709929440018;-0.4294796704960018;0.10712920705599813;-0.06127963083199897;-0.15828656204799982;-0.5878034612640027;-0.1399068718880007;
1.9629194923439806;2.594951311972003;1.3264146547799942;0.8726827782519921;1.1333801158920018;1.8919586400599495;0.8448799872079912;2.142266545988002;0.8091668520439952;0.6439220262639999;1.2906109358560016;4.486505742008028;1.683804787911997;2.592268864663986;2.4928098311400007;0.7184576266520019;2.48907686727202;1.9696543996880123;1.3046384148719923;0.5434391537999961;2.871434256384027;2.2129668003359995;1.0024980575160098;2.9250474853280273;-0.7202281552119966;-0.6804778471760039;-0.6206707397480022;2.6569720043759806;-0.02267519847599868;0.7435404725000067;-0.5025348509720005;1.3855597708120033;-0.33243824030800195;-0.36990815018399764;2.3687380056200116;-0.8546623459839948;0.19262700320400433;-0.4281720467400021;2.0439653465279806;2.0827664220719884;-0.6338620449039997;-0.32707188412799737;-1.416037976560001;2.9142671313920276;1.4819373504720035;-1.130190676392;-1.1627927601760037;-0.6429644046639994;-1.4421828481520014;0.3354991617160004;
3.8502153242160397;1.7844622833079908;4.69010070242001;3.727415924228023;3.7273465901879814;3.1641196843399757;2.356564100712065;1.3634054391320027;1.9881760325159845;4.492523361095961;3.798462985583847;1.683804787911997;6.223989782967996;2.2514270686959774;2.085491612459995;3.212292371828017;1.2542324600079948;1.0238453334319992;0.7894580164079986;0.023916828199999254;1.2800469397759944;1.1650123363039973;0.6307165523239981;2.448476891391998;-0.8492466476679987;-0.70627367106401;-0.5384453077719926;1.1137626718639986;-0.13143452176400036;-0.5469165925000171;-0.35087689430800423;0.9745956960680006;-0.590211901611986;-0.3746881779760037;0.768531343180003;-1.271489444176002;-0.9487892202440047;0.23507635914000122;0.7229101181920016;1.3942293472079776;-0.1214856460560028;-0.3698988245919981;-0.6715336278400013;1.1971712346879977;-0.5241152651920009;-0.7281720696880106;-0.9493872480640019;-0.6772944286960084;-1.1490285403280045;-0.33859935387600365;
2.124064898551989;2.501812940675986;1.5114153217399777;0.918431481916003;0.9087377160359977;1.198652769979995;1.0741086262640127;4.843780740003974;1.542736188651999;1.5105726639120007;1.6846194020480212;2.592268864663986;2.2514270686959774;6.176426461112079;4.14407629962001;1.523024669116004;5.058042025576042;3.3591982121039607;2.983803266375973;1.338761115399998;2.285589923871995;4.518363613888017;2.682994884828001;3.650124030224097;-1.3939510695959967;-0.47303560160800256;-0.6022587620839974;4.790904759208001;-0.9821363545079956;-0.9836537374999971;-1.0657201976759896;2.1389266343960034;-0.464770048563993;-0.08668994927199757;2.066651481459998;-0.7105313706720017;-0.7568002050679974;-0.09983431441999906;3.4936883598240236;2.3851571939760237;0.0018950589679998925;-0.05637779062400049;-0.9080182144800013;1.8757718175360065;0.7479469211760038;-0.8951283625360005;-0.8541206406079995;-1.109057251112001;-0.9896260486159977;0.7352124634279874;
1.708371879020005;3.1280114785099546;1.3142716036500017;0.4372046984100009;0.5353679621100043;0.77027119105;0.4009027871400008;3.0332540857900026;0.9791693987699943;1.4001566626200026;1.2513554744799933;2.4928098311400007;2.085491612459995;4.14407629962001;6.860058239949954;0.5559746104100051;3.4423702562600367;2.324134760540001;5.163466849260005;1.83571651649999;3.643455134720022;3.472415802880009;4.707737123529964;3.1514640392399613;-1.0443859952100016;-0.7577619525799942;-1.0109562115900013;2.944050683580022;-0.6486784803299981;-0.8578747162499977;-0.820764726009997;3.944050108209984;-0.7871822913899903;-0.47885464121999916;2.0529031783500056;-1.1802004227200085;-0.46396055093000244;-0.16474685794999916;2.50181651523999;2.4052911352600033;-0.34235409882000084;-0.619453328239999;-0.7134386298000013;2.8569846183599865;2.178088972260017;-0.6517676708600008;-1.1740806800799957;-1.1255341196199993;-1.2989805866599944;1.2847748120299924;
3.198476210036008;0.5492193902180009;3.04063344207;2.836360337038016;3.572807404697985;2.0460463473899435;1.8162939354520111;1.1785327185220025;2.1682111280859684;4.3275835145159505;2.9355769532639213;0.7184576266520019;3.212292371828017;1.523024669116004;0.5559746104100051;5.091564856638018;0.6496559146679926;1.1944628275720037;0.03446032406800535;-0.4150837253000073;0.6470689592960003;0.9151810683840038;0.3269297410539916;0.2507754322319947;-0.9419086492780067;0.144586599156002;-0.895521684961998;1.4409440926440051;-0.6826212392940058;-0.7880191587499841;-0.9506166287179941;0.24823601067800022;0.026864199398000554;-0.26458476399599784;0.7094056755299993;-1.3176961716959794;-0.9563560823740035;-0.2668066368099996;1.8239789550320167;0.5662159708679981;-0.37911973367599777;-0.5874262544320008;-0.46691481963999837;0.3168080554479962;-0.9276985145319804;-0.9748491929480041;-0.9893041353439936;-0.6937782691159949;-1.0352820713880015;0.016549653353991257;
1.7052145666959893;2.5637072405479504;1.094762065019996;0.11023659906800622;0.13867663382800002;0.5157751445399986;0.5534342540720008;5.129738965092007;0.8208944739959996;0.4579164599760083;0.8182045871040012;2.48907686727202;1.2542324600079948;5.058042025576042;3.4423702562600367;0.6496559146679926;5.932413168248309;3.332917268392002;2.9134031566479637;1.3244868841999937;2.2269785390560086;3.9379332894240253;2.5260347960440375;3.535304205151932;-1.0854132157080025;-0.24072639698400106;-0.5305558129319999;4.47201551178394;-0.5176686086839984;-0.30090962750000083;-0.8010579515479995;2.052059136108033;-0.1652296319720007;-0.16405271325600124;1.9124369785800002;-0.48376719545600233;-0.2785623015639998;-0.07450011666000046;3.284763045951978;2.6694078914480195;-0.1636833337359994;0.26066881564799776;-1.2100617630399955;1.9622974333279575;1.257447687048005;-0.9832839083279975;-0.734702883984002;-1.2112740355760105;-0.9592568781680018;0.8249003238439906;
1.8472005225840142;2.477171700091986;1.0387342885800024;0.7297780351720011;1.4011681372119849;1.5412362226600016;0.4670623468879999;4.124518949467951;0.7137931992839979;0.847155969704001;1.0228480876159975;1.9696543996880123;1.0238453334319992;3.3591982121039607;2.324134760540001;1.1944628275720037;3.332917268392002;5.168400350168046;2.070497481991991;0.5079501018000008;2.7617040150240086;3.0194981928959654;1.7709501878760108;3.175418050208033;-1.8655140437320032;-0.48420424613600144;-0.9020264028280028;3.1941793153360307;-1.0653033304360027;-0.2349267725000018;-1.2239303990920016;2.1571551153319937;-0.13912335098800124;-0.6491885868239999;2.344891205820024;-1.4702726006240026;-1.006492795955996;-0.9327472221399932;3.3268765134080107;2.232860031191977;-0.3627188827440008;-0.5808266970080019;-1.323751684159995;1.6787839477119961;0.8160580935919982;-0.5672497827119971;-0.903947339136001;-0.9950464221039994;-1.190065234071994;0.482213274075997;
0.6607929834959988;2.2403480739480446;0.8518028860200005;0.009821838468005247;-0.1602975287719919;-0.06526150846000493;-0.150360478328002;2.83633765369202;0.5217063457960018;0.6355797007760043;0.6274915103040026;1.3046384148719923;0.7894580164079986;2.983803266375973;5.163466849260005;0.03446032406800535;2.9134031566479637;2.070497481991991;5.441768245048042;2.1299225541999958;3.039715973855949;2.7632585886239793;4.715764236244035;2.218896516752024;-0.8210392471079997;-0.22665026418400008;-0.6799800835320003;2.162118158984006;-0.4952843108839944;-0.5436151924999967;-0.18024966494800515;3.717965617508041;-0.5275858445720002;-0.29476191805599966;1.6195240475800217;-0.38546507025600163;-0.1100702477640008;0.08153230033999904;1.9856004975520052;1.9320898998480172;0.3218234774639929;-0.14979996595199663;0.014103364959998508;2.313139375728022;2.266618505447991;0.08885968927199747;-0.40804968118399765;-0.6142905263760011;-0.731767852568003;1.4822100640439893;
-0.15421101659999262;0.9769420416999968;0.1154550654999988;-0.196507725299999;-0.2836109962999987;-0.5453231964999888;0.10827777380000117;1.2476086992999875;0.5666322258999986;-0.25205688460000486;0.1954830015999992;0.5434391537999961;0.023916828199999254;1.338761115399998;1.83571651649999;-0.4150837253000073;1.3244868841999937;0.5079501018000008;2.1299225541999958;3.2494630550000854;1.2113298624000084;1.1349822995999908;2.390032295100005;1.2500757207999686;0.5117636893000077;0.30204532139999885;0.4118878746999999;0.8632248285999851;0.0299636689000007;0.1433201325000018;0.1704807532999988;1.7723847306999942;-0.026723491300000634;0.3436040225999915;0.4250129045000022;0.9758583875999934;0.1379196169000016;0.6446868934999967;0.753978300800003;0.754898334199993;0.6553242205999998;0.41827105919999225;0.36598577400000476;0.8959287812000183;1.4667067642000151;0.11683295380000454;0.4974399963999968;0.4673204145999998;0.32614261780000553;2.3612110701000146;
1.51134659251201;3.034537014656015;0.9976654994400012;0.7150955060960001;1.284795442816;1.3858169928800004;0.21252564598400359;2.672446317424004;0.34760292811200355;0.5898482106720041;1.294004431087995;2.871434256384027;1.2800469397759944;2.285589923871995;3.643455134720022;0.6470689592960003;2.2269785390560086;2.7617040150240086;3.039715973855949;1.2113298624000084;5.4479702864320325;2.362781596127995;2.755293550767987;3.1043385257439104;-1.491417030175998;-0.6582052344480029;-1.1539386179039997;2.543804840047986;-0.381009326848001;0.22395261999999877;-0.8134854566560009;3.517157468975967;-0.2798200047840004;-0.6064578788320069;2.4407310897600194;-1.4856761472320064;-0.32682620620800035;-0.8305486835200049;2.501175733343999;2.020582789456003;-0.7639231853919972;-0.727951078144;-1.3099317848799954;2.9785367168159933;2.1956419626559853;-0.9891210168159964;-1.3617929384479934;-0.8452563038720012;-1.8284281712959962;1.1791023523679947;
1.1354927064480083;2.0829504518240003;0.5367620057599998;-0.07017665441599955;-0.0305404435360054;0.6247361575200001;0.27353274873600125;3.9359985624959872;1.238341218848003;0.33111497108800114;0.922599747951998;2.2129668003359995;1.1650123363039973;4.518363613888017;3.472415802880009;0.9151810683840038;3.9379332894240253;3.0194981928959654;2.7632585886239793;1.1349822995999908;2.362781596127995;5.394659226112158;2.4382525226720206;3.386897359776002;-1.7855843779039933;-0.21123399339199916;-0.9416168404160071;4.131993785792009;-1.3493010229920053;-1.0826910699999879;-1.1372470798240066;2.3116654731040254;-0.3019399339359982;-0.22273813572800075;2.5062685810399756;-1.0815733793280007;-0.5186532624320015;-0.6661710880800048;3.79538439017596;2.4428352510239675;-0.4864234239679978;-0.474703509376001;-1.287837815520002;1.8686687224639962;1.019599803824009;-1.0593228424640047;-0.8487077193919997;-1.2125200238879967;-1.126081776384004;1.0272061090719964;
0.27810264518799144;1.7230382791940149;0.6489983183100017;-0.09137010574599805;0.18076047703400364;-0.19168119612999712;-0.24917988208400318;2.459337369225995;0.5083275708380001;0.866030383027998;0.622865273711998;1.0024980575160098;0.6307165523239981;2.682994884828001;4.707737123529964;0.3269297410539916;2.5260347960440375;1.7709501878760108;4.715764236244035;2.390032295100005;2.755293550767987;2.4382525226720206;5.052151050782101;1.8891901516559741;-0.3755173781739964;-0.24727881385200132;-0.7836545117459969;2.1173890732520158;-0.5315053027019987;-0.6234990287500034;-0.1910846396940011;3.4919999143740155;-0.5506978278660039;-0.269366475868;1.2590714024899976;-0.35586561996799687;-0.1323461943420031;0.34718404526999624;2.113538464055991;1.7314927406440068;0.022466684691996648;-0.348400084256002;0.18196983188001167;2.0983320217839636;2.0603961524440026;-0.01533402928400428;-0.3985995823520006;-0.2055964048279999;-0.7342627378040013;1.756877906682001;
1.6131914451039944;2.9944299253520095;1.2693601834800055;0.38930719783199885;0.8067991060719997;1.341434899959997;0.5160988985280011;3.6265475960080007;0.6025718453040009;0.3113467458240078;0.9802352160959977;2.9250474853280273;2.448476891391998;3.650124030224097;3.1514640392399613;0.2507754322319947;3.535304205151932;3.175418050208033;2.218896516752024;1.2500757207999686;3.1043385257439104;3.386897359776002;1.8891901516559741;5.122624716447854;-1.1854754731919952;-0.9778673852160041;-0.8623725901679937;3.177073490416043;-0.7820426710159996;-0.3332626749999988;-0.8137181693520039;2.2422752227919984;-0.7851738031280194;-0.6959940065439989;2.4345845929199825;-1.303391719344003;-0.611060832135999;-0.37342374884000057;2.957004135648011;2.5856639719520036;-0.5979056500640014;-0.4726693872480011;-1.2616781089599953;2.361502589071981;1.1958977563520115;-1.0016841490719988;-1.2212183532160048;-0.6288767202240009;-1.6549892112320037;0.8959749088560026;
-0.8777861781159947;-0.7837163052579972;-0.3380866216699964;-0.30822263167800407;0.15049505586199968;-1.0602508665899946;-0.31771335801199946;-1.802951730682016;-0.787115470166002;-0.272081976995998;-0.6588575491839975;-0.7202281552119966;-0.8492466476679987;-1.3939510695959967;-1.0443859952100016;-0.9419086492780067;-1.0854132157080025;-1.8655140437320032;-0.8210392471079997;0.5117636893000077;-1.491417030175998;-1.7855843779039933;-0.3755173781739964;-1.1854754731919952;4.833422781118068;0.4908780891639914;0.9039201703220062;-1.6301818449639978;2.6118513136139945;1.175351008750006;2.158072713757998;-1.0415668045180049;-0.2283987448379996;0.18787959087600534;-1.2088640139300069;2.096556814576;1.9099359490940064;2.1820640636099986;-1.3666455299920102;-0.9715898279079984;1.8254068009559998;0.7577676213919914;2.2963533288400044;-1.0228917148879977;-0.2185765105079963;1.3273768423879961;0.5765183836639967;2.358175739596002;0.8505622840280017;0.13973807552599926;
-0.5448061105679939;-0.9973212728839957;-0.14632007765999694;0.12147555395599856;-0.44159865912399987;-0.22846228381999448;-0.33434747157600864;-0.4893321672360004;0.17225328853199956;-0.02317054680799969;0.02869503516800041;-0.6804778471760039;-0.70627367106401;-0.47303560160800256;-0.7577619525799942;0.144586599156002;-0.24072639698400106;-0.48420424613600144;-0.22665026418400008;0.30204532139999885;-0.6582052344480029;-0.21123399339199916;-0.24727881385200132;-0.9778673852160041;0.4908780891639914;3.118111338871996;1.5549401099560107;-0.006615577271999331;1.2289570149719906;1.1676275475000046;0.8004805958840122;-0.4470307623640007;2.1715716322760095;2.1470932530479954;-0.43774222113999633;1.7389601556479755;0.9810770280120042;0.3937929657800024;-0.09639498161599908;-0.40292370258400456;1.1167723568880046;1.4856939588160065;0.9382261343200178;-0.4950395826239991;-0.09000853738399944;0.8855561676240125;1.7487747498720005;0.21055276160800146;1.6765255563440171;0.5226138787479955;
-0.16915384516399698;-0.696988567382005;-0.16831388192999924;0.09956695543800027;-0.7219460289020071;-0.2950398006099989;0.39479735905199853;-0.9945198318779895;0.21647420288600214;-0.5423724666840013;-0.2694986615360019;-0.6206707397480022;-0.5384453077719926;-0.6022587620839974;-1.0109562115900013;-0.895521684961998;-0.5305558129319999;-0.9020264028280028;-0.6799800835320003;0.4118878746999999;-1.1539386179039997;-0.9416168404160071;-0.7836545117459969;-0.8623725901679937;0.9039201703220062;1.5549401099560107;3.1843980934380305;-0.959591248155994;1.1257697815060053;0.9983013212500106;0.9638636788820014;-0.9838805389219905;1.485897835798011;1.8587523832039874;-0.8382617604699981;2.2763283055040104;0.7187237644260066;1.0004200251899997;-1.3601291473679928;-0.9708111367319985;1.099862589524011;1.9057736379679853;0.713005548359999;-0.9298616681519949;-0.33732344213200016;0.7801451506519962;2.132080835456013;0.2885745320839998;2.1692789802119847;-0.20909494944600135;
1.3461633301680014;2.014788852683989;0.7397359546599992;0.22619651784400385;0.550279366924001;1.1913068828199989;0.3122639787759998;4.499239501435982;1.093453466067989;0.8769933144080004;1.0762459752319964;2.6569720043759806;1.1137626718639986;4.790904759208001;2.944050683580022;1.4409440926440051;4.47201551178394;3.1941793153360307;2.162118158984006;0.8632248285999851;2.543804840047986;4.131993785792009;2.1173890732520158;3.177073490416043;-1.6301818449639978;-0.006615577271999331;-0.959591248155994;5.592600155671996;-1.0369878783720023;-0.6855079125000024;-1.212127405684003;1.7813069481640358;0.0818198455240004;-0.2256577586479998;2.137032114139984;-1.0105908112480004;-0.5912655294119957;-0.5598644167799999;3.9097565968160084;2.455364457384014;-0.6686723704880017;-0.33056910401599965;-1.3521331083200023;2.296592525424005;1.1190611921839957;-1.2891759204240025;-1.1263826982719993;-1.318821819208006;-1.4541195631439958;1.280633080652003;
-0.4215623464680032;-0.44773896583399514;0.21760309808999803;0.7396228855060037;0.1745086959260007;-0.11073761107000044;-0.21254302287599952;-0.9960621977860047;-0.671476266117999;0.021629635292000154;0.3511555735680012;-0.02267519847599868;-0.13143452176400036;-0.9821363545079956;-0.6486784803299981;-0.6826212392940058;-0.5176686086839984;-1.0653033304360027;-0.4952843108839944;0.0299636689000007;-0.381009326848001;-1.3493010229920053;-0.5315053027019987;-0.7820426710159996;2.6118513136139945;1.2289570149719906;1.1257697815060053;-1.0369878783720023;4.163353109821926;1.8908720787499862;2.388310306333988;-0.5090686018139993;0.37807726482599946;0.8200320279479937;-0.9966895368900003;2.5878998880479784;2.2369292698619945;1.1043491835300034;-1.347622617415999;-0.7748361392840045;2.226407193788003;0.959338529616001;2.406849865320024;-0.40616613882400204;-0.042881449083997505;2.0398686663239967;1.170646713472003;1.3813086945080109;1.1628632460439932;-0.45153037260200013;
-0.1726718525000079;-0.005985026249999368;0.020591756250004426;0.4872585212499965;-0.06260668624999938;0.49422630124999395;-0.09135804749999576;-0.5783902162500011;-0.36503455375000265;-0.472102832500007;0.14671141999999993;0.7435404725000067;-0.5469165925000171;-0.9836537374999971;-0.8578747162499977;-0.7880191587499841;-0.30090962750000083;-0.2349267725000018;-0.5436151924999967;0.1433201325000018;0.22395261999999877;-1.0826910699999879;-0.6234990287500034;-0.3332626749999988;1.175351008750006;1.1676275475000046;0.9983013212500106;-0.6855079125000024;1.8908720787499862;3.1908588187499314;1.1416674187500016;-0.28594729375000094;0.8890383762499854;1.2945747274999981;-0.1821772462500003;1.2867290099999966;1.2368039937499835;0.5809498862500004;-0.7790133649999962;-0.2777329724999986;0.9811057175000073;0.9705427799999985;0.6396878650000046;0.28499135499999834;0.7199373024999994;1.079933792499992;1.3290978199999772;0.9497165174999823;0.8927627675000008;-0.15153368624999997;
-0.5561579757960002;-0.4897846550980042;0.18590271672999722;0.04270863688199958;-0.27469491637800025;-0.42525693979000007;-0.3873016777720024;-0.9320898820420084;-0.6047384418459939;-0.4320150070760008;-0.018190865503999825;-0.5025348509720005;-0.35087689430800423;-1.0657201976759896;-0.820764726009997;-0.9506166287179941;-0.8010579515479995;-1.2239303990920016;-0.18024966494800515;0.1704807532999988;-0.8134854566560009;-1.1372470798240066;-0.1910846396940011;-0.8137181693520039;2.158072713757998;0.8004805958840122;0.9638636788820014;-1.212127405684003;2.388310306333988;1.1416674187500016;3.9167042735979;-0.2680059991579968;0.19026472692199753;0.7200100133559998;-0.8518898903300006;2.0614146530559903;2.458782072213986;1.4155961064099822;-1.4631362001519892;-0.6630857497480006;1.5742034318359912;0.8093637135520021;2.903456752040006;-0.46339766712799646;-0.07688154034800032;2.5607428946279875;1.102989510384005;2.027169577675989;0.8673268834680091;-0.40523015999399403;
0.8335031389160001;2.358373170658022;0.7906481526699921;0.056685203078001865;0.5787626635380027;0.1947757035900051;-0.10119078638800441;2.9315482472819823;0.6770856459660048;0.3901776917959981;0.9916209283840012;1.3855597708120033;0.9745956960680006;2.1389266343960034;3.944050108209984;0.24823601067800022;2.052059136108033;2.1571551153319937;3.717965617508041;1.7723847306999942;3.517157468975967;2.3116654731040254;3.4919999143740155;2.2422752227919984;-1.0415668045180049;-0.4470307623640007;-0.9838805389219905;1.7813069481640358;-0.5090686018139993;-0.28594729375000094;-0.2680059991579968;4.907425607918049;-0.12362772576199986;-0.1680933796760004;1.4557336929299933;-0.7961221833760023;-0.3069458312939988;0.020657873390003176;1.6923570095919933;1.6493759083079964;0.01435893624400176;-0.5583701909919996;-0.19261740084000217;2.3562843292879943;1.9777585809079796;0.00886785321199919;-0.3615914768640017;-0.29302906439599996;-1.1042442504279888;1.473488790674;
0.26715890075600673;-0.34300458542199785;-0.08748063653000221;-0.24914487220200154;-0.18479582134200012;-0.2087891948100007;0.35968054449200254;0.06532072896199938;0.7888105398060062;-0.15674395516399725;0.2101951585439998;-0.33243824030800195;-0.590211901611986;-0.464770048563993;-0.7871822913899903;0.026864199398000554;-0.1652296319720007;-0.13912335098800124;-0.5275858445720002;-0.026723491300000634;-0.2798200047840004;-0.3019399339359982;-0.5506978278660039;-0.7851738031280194;-0.2283987448379996;2.1715716322760095;1.485897835798011;0.0818198455240004;0.37807726482599946;0.8890383762499854;0.19026472692199753;-0.12362772576199986;3.12555489735804;2.6107485660840317;-0.6681907638700022;1.2427618143840042;0.294641260146003;0.14886273699000196;-0.33466346432800026;-0.6500212917719976;0.09490742280399674;1.6393096369279916;0.047035687560003085;-0.2912108455919958;-0.34844246517199984;0.1866110780920001;1.701072967776011;-0.13695971143599947;1.3021967408520012;0.23849708043400117;
-0.2706150759120082;-0.8419872363559958;-0.0027624049399994424;-0.12348498079600208;-0.5173557965160029;-0.21419217637999854;0.35347072021599907;-0.39863025672399843;1.0345997559880158;-0.08196327607200098;0.7921928373120198;-0.36990815018399764;-0.3746881779760037;-0.08668994927199757;-0.47885464121999916;-0.26458476399599784;-0.16405271325600124;-0.6491885868239999;-0.29476191805599966;0.3436040225999915;-0.6064578788320069;-0.22273813572800075;-0.269366475868;-0.6959940065439989;0.18787959087600534;2.1470932530479954;1.8587523832039874;-0.2256577586479998;0.8200320279479937;1.2945747274999981;0.7200100133559998;-0.1680933796760004;2.6107485660840317;3.8057518462320763;-1.0948500442599955;1.9049351796319978;0.5633756593080023;0.7484787600200082;-0.504513814144;-1.225191893656009;0.6657041247919805;2.039974938943995;1.063401330880012;-0.35187265801599976;-0.6570250668560003;1.098594573016006;2.439532082048001;0.6755481192720004;1.766678193496004;-0.06397441246800052;
1.0673529216599877;2.1039018928299846;0.6689146504499979;0.4257613995299993;0.5532003316299997;1.2323235946499984;0.1741945836199975;1.7673606690699946;0.3466031534100004;0.057765990460005266;0.42843144384000115;2.3687380056200116;0.768531343180003;2.066651481459998;2.0529031783500056;0.7094056755299993;1.9124369785800002;2.344891205820024;1.6195240475800217;0.4250129045000022;2.4407310897600194;2.5062685810399756;1.2590714024899976;2.4345845929199825;-1.2088640139300069;-0.43774222113999633;-0.8382617604699981;2.137032114139984;-0.9966895368900003;-0.1821772462500003;-0.8518898903300006;1.4557336929299933;-0.6681907638700022;-1.0948500442599955;3.8382405655499983;-1.4990576937600073;-0.1389217866900005;-0.7151528323500025;2.3554972609199982;2.3749964855799726;-0.6171416550599996;-0.7720575399199948;-1.2388982933999955;1.9267806878799918;1.408381036580002;-0.7180239703800052;-1.3327466586400005;-1.0279014114600062;-1.1971733517799976;0.39597792299000556;
-1.1004938053119908;-1.1054029810560053;-0.7276561554400003;-0.46067762849599875;-1.2084375032160155;-1.1965148948799875;-0.10997897558400176;-0.8970358930240031;-0.038007450911999384;-0.9874561474719968;-0.5253126682879927;-0.8546623459839948;-1.271489444176002;-0.7105313706720017;-1.1802004227200085;-1.3176961716959794;-0.48376719545600233;-1.4702726006240026;-0.38546507025600163;0.9758583875999934;-1.4856761472320064;-1.0815733793280007;-0.35586561996799687;-1.303391719344003;2.096556814576;1.7389601556479755;2.2763283055040104;-1.0105908112480004;2.5878998880479784;1.2867290099999966;2.0614146530559903;-0.7961221833760023;1.2427618143840042;1.9049351796319978;-1.4990576937600073;4.180138288031947;1.770490411408005;1.1315840315199863;-1.6402905869440043;-1.446485395855998;1.9713804401920176;1.8179284517440186;1.9790148868800255;-1.050636727216005;-0.29435457905600027;1.6959158972159982;2.227330639647998;1.3711389806719911;2.079188803696015;0.07612752843200073;
-0.7807576442279888;-0.3721766717139983;-0.48774423811000867;-0.3388724615739935;-0.7248431367539965;-0.5671440584699997;-0.613336939196008;-0.8494777103059982;-0.6588170768779955;-1.0515751392680088;-0.49147805667200406;0.19262700320400433;-0.9487892202440047;-0.7568002050679974;-0.46396055093000244;-0.9563560823740035;-0.2785623015639998;-1.006492795955996;-0.1100702477640008;0.1379196169000016;-0.32682620620800035;-0.5186532624320015;-0.1323461943420031;-0.611060832135999;1.9099359490940064;0.9810770280120042;0.7187237644260066;-0.5912655294119957;2.2369292698619945;1.2368039937499835;2.458782072213986;-0.3069458312939988;0.294641260146003;0.5633756593080023;-0.1389217866900005;1.770490411408005;3.2481672627019647;0.7555116781299915;-0.7933419165359968;-0.3810378141640008;1.1123414639479963;0.6268484427360014;2.6310285377199922;-0.07489309650400269;0.5396286400359951;2.4611082040040055;0.8121664565119904;1.5694293950680087;0.8033991341240074;-0.18476828224199704;
-0.45773008982000757;-0.3401632189099962;0.6109127003499918;-0.020682984809999708;0.24997641349000052;-0.41516134304999813;-0.08948279273999978;-0.7207934673900028;0.027804710429999924;0.31991934257999916;0.25689461631999944;-0.4281720467400021;0.23507635914000122;-0.09983431441999906;-0.16474685794999916;-0.2668066368099996;-0.07450011666000046;-0.9327472221399932;0.08153230033999904;0.6446868934999967;-0.8305486835200049;-0.6661710880800048;0.34718404526999624;-0.37342374884000057;2.1820640636099986;0.3937929657800024;1.0004200251899997;-0.5598644167799999;1.1043491835300034;0.5809498862500004;1.4155961064099822;0.020657873390003176;0.14886273699000196;0.7484787600200082;-0.7151528323500025;1.1315840315199863;0.7555116781299915;3.449375575950018;-0.6914966048400039;-0.1137251556599976;1.47382311162001;0.8659578378400015;1.6544098017999906;-0.07444161275999926;-0.3141101626600001;0.9848684652599938;0.8644294332799939;1.4978386344200014;1.0315195430600008;0.02816430677000041;
0.7691781467039981;1.6353376561520052;0.5388144854799994;0.011684340631997336;1.0801491548720032;0.8658930939600001;-0.07427317027200339;3.3997170992080354;0.8572542669039973;0.9607712354239987;0.8753032044959989;2.0439653465279806;0.7229101181920016;3.4936883598240236;2.50181651523999;1.8239789550320167;3.284763045951978;3.3268765134080107;1.9856004975520052;0.753978300800003;2.501175733343999;3.79538439017596;2.113538464055991;2.957004135648011;-1.3666455299920102;-0.09639498161599908;-1.3601291473679928;3.9097565968160084;-1.347622617415999;-0.7790133649999962;-1.4631362001519892;1.6923570095919933;-0.33466346432800026;-0.504513814144;2.3554972609199982;-1.6402905869440043;-0.7933419165359968;-0.6914966048400039;5.067985434847995;2.1129782327519906;-0.8863342156640039;-0.7603478064479956;-0.9992605229599998;2.0122996878720034;0.7336366971520001;-1.3144465078720062;-1.3559552296160096;-0.6996096498240006;-1.6632735140319994;1.3038354312559937;
1.0273143430960028;2.1518932287479933;1.4339617480200098;0.5363310652680013;0.43769450402800125;1.2537710955399977;0.02662365887200353;2.094276222891993;0.3776493953960007;0.5996974983760016;0.6590228507040011;2.0827664220719884;1.3942293472079776;2.3851571939760237;2.4052911352600033;0.5662159708679981;2.6694078914480195;2.232860031191977;1.9320898998480172;0.754898334199993;2.020582789456003;2.4428352510239675;1.7314927406440068;2.5856639719520036;-0.9715898279079984;-0.40292370258400456;-0.9708111367319985;2.455364457384014;-0.7748361392840045;-0.2777329724999986;-0.6630857497480006;1.6493759083079964;-0.6500212917719976;-1.225191893656009;2.3749964855799726;-1.446485395855998;-0.3810378141640008;-0.1137251556599976;2.1129782327519906;4.453187294648126;-0.6422406861360029;-0.8029953311519966;-1.4095039590399958;2.062925538528012;1.6364060702480077;-0.8735145135280016;-1.3542343495840001;-1.3419736139759952;-1.1064811893680015;0.8494222384440031;
-0.4967803888719897;-0.5389309748360009;0.18573170986000292;0.7087571755239976;0.17536053220400008;-0.329039406779999;-0.18430154250400357;-0.2569005746439997;-0.27986899497199663;0.12159500816800026;0.28780455227199697;-0.6338620449039997;-0.1214856460560028;0.0018950589679998925;-0.34235409882000084;-0.37911973367599777;-0.1636833337359994;-0.3627188827440008;0.3218234774639929;0.6553242205999998;-0.7639231853919972;-0.4864234239679978;0.022466684691996648;-0.5979056500640014;1.8254068009559998;1.1167723568880046;1.099862589524011;-0.6686723704880017;2.226407193788003;0.9811057175000073;1.5742034318359912;0.01435893624400176;0.09490742280399674;0.6657041247919805;-0.6171416550599996;1.9713804401920176;1.1123414639479963;1.47382311162001;-0.8863342156640039;-0.6422406861360029;3.844266668152002;0.9539266044639987;2.163214141280005;-0.5286604192960005;-0.234560085336005;1.6572123842959916;1.1164784258880025;1.1768497610319841;1.545869823176019;-0.017462869907999203;
