5000
1109.8551999999602;769.3656000000292;17.54160000000076;13.00400000000277;-145.78119999999208;0.0;0.0;12.151599999998881;-54.326800000000155;42.1751999999997;0.0;0.0;0.0;-189.38440000001182;-435.57519999999636;0.0;-9.139999999999613;0.0;-23.571999999998667;0.0;0.0;336.9056000000164;6.666000000000336;-68.02399999999635;3.3551999999990363;-20.932800000008292;-216.9240000000018;-2.5375999999998693;0.0;87.5052000000027;-54.5952000000041;18.099999999998285;-20.98640000000143;0.0;0.0;-340.83480000000793;381.35160000000786;0.0;-212.89880000000727;-2.822399999999529;-14.179999999999243;-10.493200000000716;
769.3656000000292;1987.4967999998853;-54.975199999997095;-63.98799999999852;142.3564000000053;0.0;0.0;-38.64520000000363;98.31960000000744;-59.674400000006166;0.0;0.0;0.0;-452.2532000000046;-368.52559999996373;0.0;-90.41999999999574;0.0;17.28399999999855;0.0;0.0;-187.88320000001588;274.4980000000001;-145.07200000000816;47.865599999995844;-366.9983999999955;-67.77199999999475;-4.012800000000325;0.0;330.8156000000076;-325.5855999999937;-18.700000000001296;-7.559200000000431;0.0;0.0;-52.20439999999604;34.95480000000794;0.0;-429.3964000000155;-11.067199999999914;5.459999999999365;-3.7796000000002157;
17.54160000000076;-54.975199999997095;1003.4327999999657;1001.5320000000371;54.30039999999548;0.0;0.0;-25.43719999999972;57.33560000000033;-31.898399999999608;0.0;0.0;0.0;-67.72519999999696;-621.3016000000047;0.0;-89.61999999999887;0.0;-33.07600000000145;0.0;0.0;637.8448000000091;78.57800000000336;-102.19199999999827;62.041599999996706;-91.26240000000078;23.108000000002196;-1.9008000000000271;0.0;69.99160000000018;-45.96160000000154;-21.699999999999662;-8.791199999999971;0.0;0.0;-328.2283999999996;326.16280000000097;0.0;-101.74039999999988;14.020799999998143;22.059999999999043;-4.395599999999986;
13.00400000000277;-63.98799999999852;1001.5320000000371;1015.5800000000908;37.72600000000585;0.0;0.0;-25.0180000000006;57.61399999999954;-32.595999999999904;0.0;0.0;0.0;-66.7379999999935;-621.4040000000392;0.0;-93.29999999999708;0.0;-33.93999999999875;0.0;0.0;633.312;77.56999999999782;-106.47999999999664;77.50399999999794;-84.25599999999605;18.01999999999564;-1.9520000000000683;0.0;61.25400000000131;-37.30399999999841;-22.50000000000028;-9.028000000000224;0.0;0.0;-334.0460000000052;330.9819999999994;0.0;-115.32600000000687;29.751999999997985;21.8999999999991;-4.514000000000112;
-145.78119999999208;142.3564000000053;54.30039999999548;37.72600000000585;1321.4621999999774;0.0;0.0;38.265399999999886;56.43579999999764;-94.70119999999977;0.0;0.0;0.0;495.9813999999811;488.10119999998136;0.0;129.08999999999656;0.0;-39.31800000000033;0.0;0.0;-94.63360000000291;-51.37099999999566;35.64400000000323;28.468800000000524;-382.80320000001507;967.793999999992;9.425600000000877;0.0;227.94379999999285;-260.52880000000283;-65.84999999999935;-34.531600000000445;0.0;0.0;96.23380000000206;-211.93460000000482;0.0;659.6177999999945;-30.76560000000185;-17.170000000000048;-17.265800000000223;
0.0;0.0;0.0;0.0;0.0;0.0;0.0;0.0;0.0;0.0;0.0;0.0;0.0;0.0;0.0;0.0;0.0;0.0;0.0;0.0;0.0;0.0;0.0;0.0;0.0;0.0;0.0;0.0;0.0;0.0;0.0;0.0;0.0;0.0;0.0;0.0;0.0;0.0;0.0;0.0;0.0;0.0;
0.0;0.0;0.0;0.0;0.0;0.0;0.0;0.0;0.0;0.0;0.0;0.0;0.0;0.0;0.0;0.0;0.0;0.0;0.0;0.0;0.0;0.0;0.0;0.0;0.0;0.0;0.0;0.0;0.0;0.0;0.0;0.0;0.0;0.0;0.0;0.0;0.0;0.0;0.0;0.0;0.0;0.0;
12.151599999998881;-38.64520000000363;-25.43719999999972;-25.0180000000006;38.265399999999886;0.0;0.0;269.567800000013;-266.2793999999909;-3.288399999999361;0.0;0.0;0.0;-126.0201999999922;-229.91159999999996;0.0;46.13000000000115;0.0;-23.925999999997984;0.0;0.0;9.924800000000314;8.253000000000847;55.107999999998285;8.401599999999512;33.697599999999326;40.657999999999674;0.41919999999999125;0.0;-227.52339999999867;20.178399999999755;6.549999999999692;-72.061199999991;0.0;0.0;-76.99340000000286;-159.83219999999955;0.0;107.29460000001149;2.20080000000014;1.3100000000000451;-36.0305999999955;
-54.326800000000155;98.31960000000744;57.33560000000033;57.61399999999954;56.43579999999764;0.0;0.0;-266.2793999999909;471.48620000002103;-205.20679999999953;0.0;0.0;0.0;53.44459999999567;176.80680000001382;0.0;-64.98999999999882;0.0;35.69800000000188;0.0;0.0;-20.790399999997693;5.480999999999793;-77.68400000000375;-1.076799999999711;20.71520000000073;28.665999999999883;0.2783999999999932;0.0;-12.301799999995902;11.736800000000695;4.3500000000000405;57.28760000000393;0.0;0.0;-70.49179999999977;102.92059999999897;0.0;18.684199999999574;1.4615999999999545;0.8699999999999832;28.643800000001963;
42.1751999999997;-59.674400000006166;-31.898399999999608;-32.595999999999904;-94.70119999999977;0.0;0.0;-3.288399999999361;-205.20679999999953;208.49520000000203;0.0;0.0;0.0;72.57559999999732;53.10480000000217;0.0;18.859999999999783;0.0;-11.77200000000068;0.0;0.0;10.865599999999727;-13.734000000000231;22.575999999999365;-7.3248000000001845;-54.412800000000985;-69.32400000000068;-0.697600000000002;0.0;239.82519999999857;-31.9152000000006;-10.900000000000006;14.773600000001;0.0;0.0;147.48520000000258;56.91160000000011;0.0;-125.97879999999851;-3.6624000000001415;-2.1799999999997732;7.3868000000005;
0.0;0.0;0.0;0.0;0.0;0.0;0.0;0.0;0.0;0.0;0.0;0.0;0.0;0.0;0.0;0.0;0.0;0.0;0.0;0.0;0.0;0.0;0.0;0.0;0.0;0.0;0.0;0.0;0.0;0.0;0.0;0.0;0.0;0.0;0.0;0.0;0.0;0.0;0.0;0.0;0.0;0.0;
0.0;0.0;0.0;0.0;0.0;0.0;0.0;0.0;0.0;0.0;0.0;0.0;0.0;0.0;0.0;0.0;0.0;0.0;0.0;0.0;0.0;0.0;0.0;0.0;0.0;0.0;0.0;0.0;0.0;0.0;0.0;0.0;0.0;0.0;0.0;0.0;0.0;0.0;0.0;0.0;0.0;0.0;
0.0;0.0;0.0;0.0;0.0;0.0;0.0;0.0;0.0;0.0;0.0;0.0;0.0;0.0;0.0;0.0;0.0;0.0;0.0;0.0;0.0;0.0;0.0;0.0;0.0;0.0;0.0;0.0;0.0;0.0;0.0;0.0;0.0;0.0;0.0;0.0;0.0;0.0;0.0;0.0;0.0;0.0;
-189.38440000001182;-452.2532000000046;-67.72519999999696;-66.7379999999935;495.9813999999811;0.0;0.0;-126.0201999999922;53.44459999999567;72.57559999999732;0.0;0.0;0.0;1270.871799999932;1315.2243999999582;0.0;20.329999999999526;0.0;17.034000000001477;0.0;0.0;10.116800000000461;-49.12700000000259;-50.57200000000115;7.865600000000095;495.00159999995805;524.9780000000351;5.9871999999994445;0.0;-171.55939999997003;343.91440000000813;72.55000000000304;-46.30920000000073;0.0;0.0;-132.8293999999951;354.57980000001646;0.0;1010.9786000000262;19.432800000001233;18.710000000000676;-23.154600000000364;
-435.57519999999636;-368.52559999996373;-621.3016000000047;-621.4040000000392;488.10119999998136;0.0;0.0;-229.91159999999996;176.80680000001382;53.10480000000217;0.0;0.0;0.0;1315.2243999999582;2651.2952000002333;0.0;-205.85999999999754;0.0;-98.22800000001352;0.0;0.0;-721.0655999999667;-42.265999999999345;-271.57599999998007;2.924799999998857;521.0127999999859;516.3239999999953;12.897599999999882;0.0;-127.22520000000085;276.31520000001234;115.89999999999553;18.026400000001978;0.0;0.0;-8.88519999999571;282.8884000000048;0.0;1003.5787999999314;17.462399999999274;20.180000000001055;9.013200000000989;
0.0;0.0;0.0;0.0;0.0;0.0;0.0;0.0;0.0;0.0;0.0;0.0;0.0;0.0;0.0;0.0;0.0;0.0;0.0;0.0;0.0;0.0;0.0;0.0;0.0;0.0;0.0;0.0;0.0;0.0;0.0;0.0;0.0;0.0;0.0;0.0;0.0;0.0;0.0;0.0;0.0;0.0;
-9.139999999999613;-90.41999999999574;-89.61999999999887;-93.29999999999708;129.08999999999656;0.0;0.0;46.13000000000115;-64.98999999999882;18.859999999999783;0.0;0.0;0.0;20.329999999999526;-205.85999999999754;0.0;885.5000000000433;0.0;-33.10000000000376;0.0;0.0;-262.92000000000564;-40.44999999999991;-284.2000000000014;-38.639999999999;5.959999999999681;25.299999999999876;-0.6800000000000297;0.0;-15.390000000000985;3.6399999999984867;1.499999999999224;-17.02000000000106;0.0;0.0;184.1100000000022;-202.86999999999748;0.0;62.90999999999764;-13.319999999999599;-10.499999999999986;-8.51000000000053;
0.0;0.0;0.0;0.0;0.0;0.0;0.0;0.0;0.0;0.0;0.0;0.0;0.0;0.0;0.0;0.0;0.0;0.0;0.0;0.0;0.0;0.0;0.0;0.0;0.0;0.0;0.0;0.0;0.0;0.0;0.0;0.0;0.0;0.0;0.0;0.0;0.0;0.0;0.0;0.0;0.0;0.0;
-23.571999999998667;17.28399999999855;-33.07600000000145;-33.93999999999875;-39.31800000000033;0.0;0.0;-23.925999999997984;35.69800000000188;-11.77200000000068;0.0;0.0;0.0;17.034000000001477;-98.22800000001352;0.0;-33.10000000000376;0.0;255.4199999999949;0.0;0.0;-41.6160000000026;-15.010000000001117;-44.36000000000159;-6.072000000000472;58.607999999991634;-56.85999999999709;-0.8640000000000765;0.0;-44.822000000000216;62.47200000000139;-1.500000000000169;-3.9959999999992792;0.0;0.0;-110.9220000000082;125.07400000000703;0.0;8.11800000000029;-2.535999999999993;-2.7000000000000344;-1.9979999999996396;
0.0;0.0;0.0;0.0;0.0;0.0;0.0;0.0;0.0;0.0;0.0;0.0;0.0;0.0;0.0;0.0;0.0;0.0;0.0;0.0;0.0;0.0;0.0;0.0;0.0;0.0;0.0;0.0;0.0;0.0;0.0;0.0;0.0;0.0;0.0;0.0;0.0;0.0;0.0;0.0;0.0;0.0;
0.0;0.0;0.0;0.0;0.0;0.0;0.0;0.0;0.0;0.0;0.0;0.0;0.0;0.0;0.0;0.0;0.0;0.0;0.0;0.0;0.0;0.0;0.0;0.0;0.0;0.0;0.0;0.0;0.0;0.0;0.0;0.0;0.0;0.0;0.0;0.0;0.0;0.0;0.0;0.0;0.0;0.0;
336.9056000000164;-187.88320000001588;637.8448000000091;633.312;-94.63360000000291;0.0;0.0;9.924800000000314;-20.790399999997693;10.865599999999727;0.0;0.0;0.0;10.116800000000461;-721.0655999999667;0.0;-262.92000000000564;0.0;-41.6160000000026;0.0;0.0;1674.2367999999872;-197.5520000000121;-377.8720000000155;-63.09439999999758;54.44159999999945;-57.0720000000007;-4.532800000000083;0.0;-60.89439999999874;97.37439999999981;-19.199999999998763;-16.339200000000655;0.0;0.0;-430.41440000001484;439.5248000000323;0.0;63.59359999999951;-42.54719999999881;-20.039999999999726;-8.169600000000328;
6.666000000000336;274.4980000000001;78.57800000000336;77.56999999999782;-51.37099999999566;0.0;0.0;8.253000000000847;5.480999999999793;-13.734000000000231;0.0;0.0;0.0;-49.12700000000259;-42.265999999999345;0.0;-40.44999999999991;0.0;-15.010000000001117;0.0;0.0;-197.5520000000121;295.1550000000192;-38.42000000000045;-10.58400000000078;-78.62399999999964;44.830000000002016;1.992000000000024;0.0;50.54099999999936;-55.11599999999922;-12.750000000000353;-4.66200000000011;0.0;0.0;-39.90900000000047;20.252999999999982;0.0;-139.02900000001046;62.70799999999745;46.850000000003256;-2.331000000000055;
-68.02399999999635;-145.07200000000816;-102.19199999999827;-106.47999999999664;35.64400000000323;0.0;0.0;55.107999999998285;-77.68400000000375;22.575999999999365;0.0;0.0;0.0;-50.57200000000115;-271.57599999998007;0.0;-284.2000000000014;0.0;-44.36000000000159;0.0;0.0;-377.8720000000155;-38.42000000000045;1004.8800000000065;-39.024000000001244;-34.46400000000234;-1.1199999999997727;-2.2880000000000713;0.0;16.47599999999927;-26.17599999999957;-2.999999999998958;-19.83200000000162;0.0;0.0;340.27599999999643;-362.89199999999386;0.0;0.9560000000013924;-15.512000000000668;-13.400000000000427;-9.91600000000081;
3.3551999999990363;47.865599999995844;62.041599999996706;77.50399999999794;28.468800000000524;0.0;0.0;8.401599999999512;-1.076799999999711;-7.3248000000001845;0.0;0.0;0.0;7.865600000000095;2.924799999998857;0.0;-38.639999999999;0.0;-6.072000000000472;0.0;0.0;-63.09439999999758;-10.58400000000078;-39.024000000001244;162.35520000000625;-31.93279999999999;53.576;-0.537599999999965;0.0;9.755199999999988;-14.595200000000123;-8.399999999999986;-2.4864000000002195;0.0;0.0;-67.08479999999776;52.60159999999594;0.0;10.851199999998652;13.17759999999911;-1.680000000000228;-1.2432000000001098;
-20.932800000008292;-366.9983999999955;-91.26240000000078;-84.25599999999605;-382.80320000001507;0.0;0.0;33.697599999999326;20.71520000000073;-54.412800000000985;0.0;0.0;0.0;495.00159999995805;521.0127999999859;0.0;5.959999999999681;0.0;58.607999999991634;0.0;0.0;54.44159999999945;-78.62399999999964;-34.46400000000234;-31.93279999999999;980.4991999999241;-411.8640000000039;-3.993599999999964;0.0;-887.5328000000161;651.2927999999953;166.59999999999718;-18.470400000000232;0.0;0.0;-346.7728000000085;267.89759999999103;0.0;596.3232000000392;-9.966399999999958;-12.479999999999531;-9.235200000000116;
-216.9240000000018;-67.77199999999475;23.108000000002196;18.01999999999564;967.793999999992;0.0;0.0;40.657999999999674;28.665999999999883;-69.32400000000068;0.0;0.0;0.0;524.9780000000351;516.3239999999953;0.0;25.299999999999876;0.0;-56.85999999999709;0.0;0.0;-57.0720000000007;44.830000000002016;-1.1199999999997727;53.576;-411.8640000000039;1084.380000000024;-5.0879999999999725;0.0;184.82600000000207;-247.77600000000163;-79.49999999999909;32.46800000000527;0.0;0.0;-26.87399999999793;-99.34199999999258;0.0;582.806000000026;34.288000000000494;34.10000000000276;16.234000000002634;
-2.5375999999998693;-4.012800000000325;-1.9008000000000271;-1.9520000000000683;9.425600000000877;0.0;0.0;0.41919999999999125;0.2783999999999932;-0.697600000000002;0.0;0.0;0.0;5.9871999999994445;12.897599999999882;0.0;-0.6800000000000297;0.0;-0.8640000000000765;0.0;0.0;-4.532800000000083;1.992000000000024;-2.2880000000000713;-0.537599999999965;-3.993599999999964;-5.0879999999999725;15.948799999999832;0.0;18.262400000000163;-18.342399999999735;-0.7999999999999657;-0.23680000000000606;0.0;0.0;-7.817600000000119;6.8192000000001265;0.0;7.414399999999924;-0.2687999999999762;-0.15999999999998893;-0.11840000000000303;
0.0;0.0;0.0;0.0;0.0;0.0;0.0;0.0;0.0;0.0;0.0;0.0;0.0;0.0;0.0;0.0;0.0;0.0;0.0;0.0;0.0;0.0;0.0;0.0;0.0;0.0;0.0;0.0;0.0;0.0;0.0;0.0;0.0;0.0;0.0;0.0;0.0;0.0;0.0;0.0;0.0;0.0;
87.5052000000027;330.8156000000076;69.99160000000018;61.25400000000131;227.94379999999285;0.0;0.0;-227.52339999999867;-12.301799999995902;239.82519999999857;0.0;0.0;0.0;-171.55939999997003;-127.22520000000085;0.0;-15.390000000000985;0.0;-44.822000000000216;0.0;0.0;-60.89439999999874;50.54099999999936;16.47599999999927;9.755199999999988;-887.5328000000161;184.82600000000207;18.262400000000163;0.0;1475.030199999945;-1018.4952000000183;56.34999999999933;-45.53640000000027;0.0;0.0;506.4401999999966;-16.323400000000014;0.0;-669.623799999977;0.8775999999997981;7.070000000000493;-22.768200000000135;
-54.5952000000041;-325.5855999999937;-45.96160000000154;-37.30399999999841;-260.52880000000283;0.0;0.0;20.178399999999755;11.736800000000695;-31.9152000000006;0.0;0.0;0.0;343.91440000000813;276.31520000001234;0.0;3.6399999999984867;0.0;62.47200000000139;0.0;0.0;97.37439999999981;-55.11599999999922;-26.17599999999957;-14.595200000000123;651.2927999999953;-247.77600000000163;-18.342399999999735;0.0;-1018.4952000000183;1284.8351999999904;-307.6000000000106;-10.833599999999791;0.0;0.0;-176.65520000000615;129.97840000000446;0.0;399.20880000000915;-1.297600000000038;-7.319999999999637;-5.4167999999998955;
18.099999999998285;-18.700000000001296;-21.699999999999662;-22.50000000000028;-65.84999999999935;0.0;0.0;6.549999999999692;4.3500000000000405;-10.900000000000006;0.0;0.0;0.0;72.55000000000304;115.89999999999553;0.0;1.499999999999224;0.0;-1.500000000000169;0.0;0.0;-19.199999999998763;-12.750000000000353;-2.999999999998958;-8.399999999999986;166.59999999999718;-79.49999999999909;-0.7999999999999657;0.0;56.34999999999933;-307.6000000000106;237.49999999999446;-3.700000000000128;0.0;0.0;-81.15000000000165;65.54999999999856;0.0;94.85000000000383;-4.199999999999779;-2.4999999999997775;-1.850000000000064;
-20.98640000000143;-7.559200000000431;-8.791199999999971;-9.028000000000224;-34.531600000000445;0.0;0.0;-72.061199999991;57.28760000000393;14.773600000001;0.0;0.0;0.0;-46.30920000000073;18.026400000001978;0.0;-17.02000000000106;0.0;-3.9959999999992792;0.0;0.0;-16.339200000000655;-4.66200000000011;-19.83200000000162;-2.4864000000002195;-18.470400000000232;32.46800000000527;-0.23680000000000606;0.0;-45.53640000000027;-10.833599999999791;-3.700000000000128;146.90479999998172;0.0;0.0;-24.156399999998936;37.53880000000385;0.0;-57.70839999999806;-1.243200000000177;-0.7399999999999248;73.45239999999086;
0.0;0.0;0.0;0.0;0.0;0.0;0.0;0.0;0.0;0.0;0.0;0.0;0.0;0.0;0.0;0.0;0.0;0.0;0.0;0.0;0.0;0.0;0.0;0.0;0.0;0.0;0.0;0.0;0.0;0.0;0.0;0.0;0.0;0.0;0.0;0.0;0.0;0.0;0.0;0.0;0.0;0.0;
0.0;0.0;0.0;0.0;0.0;0.0;0.0;0.0;0.0;0.0;0.0;0.0;0.0;0.0;0.0;0.0;0.0;0.0;0.0;0.0;0.0;0.0;0.0;0.0;0.0;0.0;0.0;0.0;0.0;0.0;0.0;0.0;0.0;0.0;0.0;0.0;0.0;0.0;0.0;0.0;0.0;0.0;
-340.83480000000793;-52.20439999999604;-328.2283999999996;-334.0460000000052;96.23380000000206;0.0;0.0;-76.99340000000286;-70.49179999999977;147.48520000000258;0.0;0.0;0.0;-132.8293999999951;-8.88519999999571;0.0;184.1100000000022;0.0;-110.9220000000082;0.0;0.0;-430.41440000001484;-39.90900000000047;340.27599999999643;-67.08479999999776;-346.7728000000085;-26.87399999999793;-7.817600000000119;0.0;506.4401999999966;-176.65520000000615;-81.15000000000165;-24.156399999998936;0.0;0.0;2159.350199999965;-1922.7934000001176;0.0;-335.9138000000051;-16.04239999999911;-17.42999999999991;-12.078199999999468;
381.35160000000786;34.95480000000794;326.16280000000097;330.9819999999994;-211.93460000000482;0.0;0.0;-159.83219999999955;102.92059999999897;56.91160000000011;0.0;0.0;0.0;354.57980000001646;282.8884000000048;0.0;-202.86999999999748;0.0;125.07400000000703;0.0;0.0;439.5248000000323;20.252999999999982;-362.89199999999386;52.60159999999594;267.89759999999103;-99.34199999999258;6.8192000000001265;0.0;-16.323400000000014;129.97840000000446;65.54999999999856;37.53880000000385;0.0;0.0;-1922.7934000001176;2120.767799999824;0.0;131.4945999999907;10.80080000000054;14.309999999998865;18.769400000001927;
0.0;0.0;0.0;0.0;0.0;0.0;0.0;0.0;0.0;0.0;0.0;0.0;0.0;0.0;0.0;0.0;0.0;0.0;0.0;0.0;0.0;0.0;0.0;0.0;0.0;0.0;0.0;0.0;0.0;0.0;0.0;0.0;0.0;0.0;0.0;0.0;0.0;0.0;0.0;0.0;0.0;0.0;
-212.89880000000727;-429.3964000000155;-101.74039999999988;-115.32600000000687;659.6177999999945;0.0;0.0;107.29460000001149;18.684199999999574;-125.97879999999851;0.0;0.0;0.0;1010.9786000000262;1003.5787999999314;0.0;62.90999999999764;0.0;8.11800000000029;0.0;0.0;63.59359999999951;-139.02900000001046;0.9560000000013924;10.851199999998652;596.3232000000392;582.806000000026;7.414399999999924;0.0;-669.623799999977;399.20880000000915;94.85000000000383;-57.70839999999806;0.0;0.0;-335.9138000000051;131.4945999999907;0.0;1299.3022000000292;-57.07440000000152;-26.829999999999863;-28.85419999999903;
-2.822399999999529;-11.067199999999914;14.020799999998143;29.751999999997985;-30.76560000000185;0.0;0.0;2.20080000000014;1.4615999999999545;-3.6624000000001415;0.0;0.0;0.0;19.432800000001233;17.462399999999274;0.0;-13.319999999999599;0.0;-2.535999999999993;0.0;0.0;-42.54719999999881;62.70799999999745;-15.512000000000668;13.17759999999911;-9.966399999999958;34.288000000000494;-0.2687999999999762;0.0;0.8775999999997981;-1.297600000000038;-4.199999999999779;-1.243200000000177;0.0;0.0;-16.04239999999911;10.80080000000054;0.0;-57.07440000000152;82.58879999999671;-0.8400000000001195;-0.6216000000000885;
-14.179999999999243;5.459999999999365;22.059999999999043;21.8999999999991;-17.170000000000048;0.0;0.0;1.3100000000000451;0.8699999999999832;-2.1799999999997732;0.0;0.0;0.0;18.710000000000676;20.180000000001055;0.0;-10.499999999999986;0.0;-2.7000000000000344;0.0;0.0;-20.039999999999726;46.850000000003256;-13.400000000000427;-1.680000000000228;-12.479999999999531;34.10000000000276;-0.15999999999998893;0.0;7.070000000000493;-7.319999999999637;-2.4999999999997775;-0.7399999999999248;0.0;0.0;-17.42999999999991;14.309999999998865;0.0;-26.829999999999863;-0.8400000000001195;49.50000000000744;-0.3699999999999624;
-10.493200000000716;-3.7796000000002157;-4.395599999999986;-4.514000000000112;-17.265800000000223;0.0;0.0;-36.0305999999955;28.643800000001963;7.3868000000005;0.0;0.0;0.0;-23.154600000000364;9.013200000000989;0.0;-8.51000000000053;0.0;-1.9979999999996396;0.0;0.0;-8.169600000000328;-2.331000000000055;-9.91600000000081;-1.2432000000001098;-9.235200000000116;16.234000000002634;-0.11840000000000303;0.0;-22.768200000000135;-5.4167999999998955;-1.850000000000064;73.45239999999086;0.0;0.0;-12.078199999999468;18.769400000001927;0.0;-28.85419999999903;-0.6216000000000885;-0.3699999999999624;36.72619999999543;
