197
206.13197969543157;212.88832487309568;-41.274111675126974;-49.61928934010154;70.27918781725886;-0.3451776649746191;0.0;28.62436548223352;44.73604060913705;4.309644670050763;0.0;0.0;0.0;507.8426395939086;356.6294416243654;0.0;-0.38578680203046367;80.56852791878158;1.441624365482236;3.137055837563452;2.4822335025380715;65.67005076142135;38.15736040609136;39.37055837563451;-79.22842639593908;61.89340101522844;50.908629441624356;-29.274111675126917;27.75126903553299;211.3502538071067;180.11167512690358;5.101522842639599;44.969543147208135;22.20304568527923;-52.97461928934004;467.2335025380717;-47.73604060913706;0.0;141.94416243654814;33.65989847715731;-9.934010152284257;21.17258883248733;
212.88832487309568;241.7868020304568;-34.61421319796955;-47.09137055837561;96.53299492385798;-0.4771573604060902;0.0;31.010152284263963;46.223350253807155;5.045685279187818;0.0;0.0;0.0;558.5177664974619;388.9289340101519;0.0;-0.8274111675126877;76.90355329949239;2.934010152284267;2.807106598984771;2.284263959390861;68.27918781725886;53.48223350253798;37.07106598984772;-73.34517766497464;70.70558375634516;74.4619289340102;-20.61421319796954;25.979695431472113;210.39593908629465;192.21319796954322;5.375634517766487;57.48730964467008;31.751269035533024;-54.40609137055836;464.2639593908637;-27.22335025380718;0.0;184.8934010152284;29.441624365482312;-11.055837563451762;29.238578680203062;
-41.274111675126974;-34.61421319796955;441.49238578680166;381.5939086294413;397.03553299492404;2.1015228426395907;0.0;18.934010152284277;46.54822335025378;-4.796954314720814;0.0;0.0;0.0;844.6345177664974;485.4619289340101;0.0;12.878172588832486;-14.873096446700504;-20.071065989847718;-2.7461928934010147;-3.8477157360406093;155.6852791878172;96.36548223350256;-29.46192893401006;165.24365482233517;101.91370558375633;320.4974619289342;17.492385786802025;5.131979695431474;194.42639593908606;210.61421319796952;-5.4416243654822285;-41.16751269035534;-6.883248730964443;4.6395939086294415;-2.7157360406091087;392.4517766497462;0.0;570.1928934010149;-59.37055837563448;6.862944162436543;-43.050761421319805;
-49.61928934010154;-47.09137055837561;381.5939086294413;801.6751269035537;235.22842639593856;0.08121827411167515;0.0;-31.85279187817258;-67.76142131979694;-5.837563451776648;0.0;0.0;0.0;452.5076142131981;-37.030456852791794;0.0;68.50253807106597;-1.898477157360419;7.5431472081218125;-6.796954314720814;-3.878172588832487;-244.45177664974602;83.49238578680202;16.030456852791875;570.994923857868;570.7309644670052;108.19796954314708;233.59390862944156;19.70558375634512;-560.2588832487307;74.09137055837557;6.446700507614217;-114.93401015228432;-21.106598984771562;93.11167512690355;-398.17258883248724;-130.238578680203;0.0;521.9543147208121;350.9035532994923;2.6903553299492344;-78.04060913705584;
70.27918781725886;96.53299492385798;397.03553299492404;235.22842639593856;1143.1675126903588;5.192893401015223;0.0;55.97461928934012;180.44162436548245;-5.614213197969545;0.0;0.0;0.0;2439.7055837563485;1941.1776649746237;0.0;5.568527918781701;8.741116751268995;-19.335025380710633;-9.51776649746192;-11.710659898477159;294.80203045685306;159.2944162436549;-43.17766497461933;113.86294416243658;108.7360406091371;887.3451776649749;51.03553299492388;32.05076142131981;880.0101522842634;495.4670050761418;-14.939086294416233;-3.2182741116751004;50.121827411167516;-68.98477157360398;565.3401015228427;811.5583756345179;0.0;1425.766497461929;-112.60406091370511;-14.360406091370564;-38.096446700507634;
-0.3451776649746191;-0.4771573604060902;2.1015228426395907;0.08121827411167515;5.192893401015223;1.9796954314720696;0.0;0.21319796954314787;0.6903553299492398;-0.04060913705583753;0.0;0.0;0.0;11.873096446700517;11.507614213197979;0.0;-0.37563451776649465;-1.0253807106598885;-0.3857868020304585;-0.05076142131979673;-0.030456852791878257;0.8629441624365487;1.1269035532994918;-0.5076142131979692;0.7512690355329941;-2.182741116751265;3.7005076142131883;0.10152284263959403;-0.4263959390862966;6.314720812182745;4.477157360406095;-0.11167512690355248;0.2335025380710652;-0.223350253807105;-0.5279187817258901;5.543147208121813;5.309644670050748;0.0;5.761421319796953;-1.7258883248730916;-0.17258883248731097;0.010152284263959407;
0.0;0.0;0.0;0.0;0.0;0.0;0.0;0.0;0.0;0.0;0.0;0.0;0.0;0.0;0.0;0.0;0.0;0.0;0.0;0.0;0.0;0.0;0.0;0.0;0.0;0.0;0.0;0.0;0.0;0.0;0.0;0.0;0.0;0.0;0.0;0.0;0.0;0.0;0.0;0.0;0.0;0.0;
28.62436548223352;31.010152284263963;18.934010152284277;-31.85279187817258;55.97461928934012;0.21319796954314787;0.0;58.76142131979694;14.75126903553299;2.426395939086295;0.0;0.0;0.0;309.83248730964453;230.67005076142135;0.0;4.944162436548228;15.766497461928925;2.0507614213198;-0.46700507614212683;0.3197969543147212;89.93908629441633;2.167512690355339;11.329949238578692;-46.888324873096465;-20.08121827411168;37.64467005076142;-26.065989847715727;0.47715736040609347;161.69543147208125;154.98984771573606;1.1725888324873102;80.54822335025392;11.345177664974608;-18.456852791878177;273.7969543147208;86.24873096446704;0.0;67.00507614213198;-34.87817258883249;-6.18781725888325;39.893401015228406;
44.73604060913705;46.223350253807155;46.54822335025378;-67.76142131979694;180.44162436548245;0.6903553299492398;0.0;14.75126903553299;208.52791878172596;0.38071065989847774;0.0;0.0;0.0;1074.314720812183;992.741116751269;0.0;-5.228426395939073;21.86294416243656;-10.883248730964485;-3.2741116751269064;-4.964467005076143;173.6598984771574;21.685279187817248;24.258883248730992;-135.54314720812175;-115.78680203045685;124.18274111675129;-80.45177664974617;14.497461928933955;759.2994923857868;360.77664974619313;11.796954314720818;191.06091370558363;4.593908629441627;-50.05076142131986;798.5329949238574;422.47208121827356;0.0;161.1116751269035;-78.31979695431473;-5.131979695431471;108.65482233502532;
4.309644670050763;5.045685279187818;-4.796954314720814;-5.837563451776648;-5.614213197969545;-0.04060913705583753;0.0;2.426395939086295;0.38071065989847774;3.918781725888331;0.0;0.0;0.0;17.746192893401012;17.01522842639594;0.0;-0.7512690355329925;3.9492385786802133;-0.7715736040609149;-0.10152284263959388;-0.06091370558375637;1.7258883248730972;1.253807106598988;0.9847715736040623;-5.497461928934011;-0.36548223350253883;-5.598984771573619;-1.7969543147208136;1.1472081218274077;12.62944162436548;10.954314720812183;0.7766497461928941;15.467005076142126;1.553299492385789;-1.055837563451778;33.086294416243675;-1.3807106598984678;0.0;-6.477157360406093;-0.4517766497461926;-0.3451776649746189;10.02030456852792;
0.0;0.0;0.0;0.0;0.0;0.0;0.0;0.0;0.0;0.0;0.0;0.0;0.0;0.0;0.0;0.0;0.0;0.0;0.0;0.0;0.0;0.0;0.0;0.0;0.0;0.0;0.0;0.0;0.0;0.0;0.0;0.0;0.0;0.0;0.0;0.0;0.0;0.0;0.0;0.0;0.0;0.0;
0.0;0.0;0.0;0.0;0.0;0.0;0.0;0.0;0.0;0.0;0.0;0.0;0.0;0.0;0.0;0.0;0.0;0.0;0.0;0.0;0.0;0.0;0.0;0.0;0.0;0.0;0.0;0.0;0.0;0.0;0.0;0.0;0.0;0.0;0.0;0.0;0.0;0.0;0.0;0.0;0.0;0.0;
0.0;0.0;0.0;0.0;0.0;0.0;0.0;0.0;0.0;0.0;0.0;0.0;0.0;0.0;0.0;0.0;0.0;0.0;0.0;0.0;0.0;0.0;0.0;0.0;0.0;0.0;0.0;0.0;0.0;0.0;0.0;0.0;0.0;0.0;0.0;0.0;0.0;0.0;0.0;0.0;0.0;0.0;
507.8426395939086;558.5177664974619;844.6345177664974;452.5076142131981;2439.7055837563485;11.873096446700517;0.0;309.83248730964453;1074.314720812183;17.746192893401012;0.0;0.0;0.0;9420.456852791875;7632.172588832486;0.0;67.15228426395937;331.0913705583757;-29.411167512690355;-33.81725888324872;-33.69035532994924;1034.8934010152286;410.5431472081218;180.8274111675127;-139.30456852791875;433.85786802030464;1707.8781725888327;-109.36548223350253;178.3350253807107;4235.467005076141;2934.482233502538;39.80203045685279;948.959390862944;114.60406091370555;-339.2994923857867;4999.644670050765;2703.685279187816;0.0;3296.2588832487327;-115.78680203045685;-49.578680203045685;451.5634517766497;
356.6294416243654;388.9289340101519;485.4619289340101;-37.030456852791794;1941.1776649746237;11.507614213197979;0.0;230.67005076142135;992.741116751269;17.01522842639594;0.0;0.0;0.0;7632.172588832486;6713.309644670054;0.0;-17.60913705583756;104.63451776649748;-70.35532994923858;-28.730964467005084;-31.23857868020304;913.4263959390869;258.8274111675127;130.69035532994926;-340.78172588832496;-91.43147208121827;1446.487309644669;-195.53807106598984;74.65989847715734;3973.1319796954303;2391.0710659898477;33.79187817258882;856.1624365482232;100.58375634517766;-300.80203045685283;4400.4213197969575;2430.2588832487318;0.0;2356.9644670050766;-270.85279187817247;-32.68527918781726;432.746192893401;
0.0;0.0;0.0;0.0;0.0;0.0;0.0;0.0;0.0;0.0;0.0;0.0;0.0;0.0;0.0;0.0;0.0;0.0;0.0;0.0;0.0;0.0;0.0;0.0;0.0;0.0;0.0;0.0;0.0;0.0;0.0;0.0;0.0;0.0;0.0;0.0;0.0;0.0;0.0;0.0;0.0;0.0;
-0.38578680203046367;-0.8274111675126877;12.878172588832486;68.50253807106597;5.568527918781701;-0.37563451776649465;0.0;4.944162436548228;-5.228426395939073;-0.7512690355329925;0.0;0.0;0.0;67.15228426395937;-17.60913705583756;0.0;36.0507614213197;24.030456852791787;6.862944162436539;-0.939086294416244;-0.5634517766497473;-30.03553299492391;10.8477157360407;-1.3908629441624285;39.89847715736036;75.61928934010157;-27.04060913705586;22.87817258883249;20.111675126903624;-30.177664974619265;1.827411167512687;3.9340101522842783;12.319796954314734;-1.1319796954314627;5.233502538071065;-8.451776649746208;-8.77157360406094;0.0;35.08629441624366;51.071065989847604;-3.1928934010152332;4.187817258883245;
80.56852791878158;76.90355329949239;-14.873096446700504;-1.898477157360419;8.741116751268995;-1.0253807106598885;0.0;15.766497461928925;21.86294416243656;3.9492385786802133;0.0;0.0;0.0;331.0913705583757;104.63451776649748;0.0;24.030456852791787;213.21827411167433;-1.4822335025380777;-2.5634517766497478;-0.5380710659898459;42.578680203045664;49.90862944162445;9.36548223350254;-108.06091370558383;141.7715736040611;-84.62436548223351;-30.873096446700547;92.46700507614163;146.89340101522836;62.09644670050758;3.3604060913705642;24.79187817258883;2.720812182741119;-26.659898477157352;200.9289340101525;25.137055837563437;0.0;125.45177664974612;28.84263959390862;-8.715736040609155;8.512690355329923;
1.441624365482236;2.934010152284267;-20.071065989847718;7.5431472081218125;-19.335025380710633;-0.3857868020304585;0.0;2.0507614213198;-10.883248730964485;-0.7715736040609149;0.0;0.0;0.0;-29.411167512690355;-70.35532994923858;0.0;6.862944162436539;-1.4822335025380777;40.67005076142123;-0.9644670050761424;-0.5786802030456857;-23.60406091370559;-9.588832487309665;7.355329949238562;22.27411167512692;49.52791878172588;-32.69035532994921;22.92893401015228;-4.101522842639603;-80.02030456852796;15.065989847715736;-0.12182741116751292;3.436548223350269;-2.2436548223350252;4.969543147208124;-17.680203045685264;-46.116751269035404;0.0;8.467005076142124;18.208121827411198;-2.279187817258887;2.192893401015227;
3.137055837563452;2.807106598984771;-2.7461928934010147;-6.796954314720814;-9.51776649746192;-0.05076142131979673;0.0;-0.46700507614212683;-3.2741116751269064;-0.10152284263959388;0.0;0.0;0.0;-33.81725888324872;-28.730964467005084;0.0;-0.939086294416244;-2.5634517766497478;-0.9644670050761424;4.873096446700506;-0.0761421319796954;2.1573604060913714;-2.1827411167512674;-0.2690355329949227;-5.1218274111675175;-7.4568527918781715;-3.2487309644670086;-4.7461928934010125;-1.065989847715734;-9.213197969543154;-7.807106598984774;-0.27918781725888325;-5.4162436548223365;-0.5583756345177674;-1.319796954314721;-9.142131979695442;-10.725888324873102;0.0;-16.096446700507617;-1.3147208121827427;-0.4314720812182735;-2.974619289340102;
2.4822335025380715;2.284263959390861;-3.8477157360406093;-3.878172588832487;-11.710659898477159;-0.030456852791878257;0.0;0.3197969543147212;-4.964467005076143;-0.06091370558375637;0.0;0.0;0.0;-33.69035532994924;-31.23857868020304;0.0;-0.5634517766497473;-0.5380710659898459;-0.5786802030456857;-0.0761421319796954;2.9543147208121843;-1.705583756345178;-4.309644670050762;1.2385786802030458;1.126903553299492;0.7258883248730956;-7.949238578680203;-2.847715736040609;-0.6395939086294427;-18.52791878172588;-4.284263959390861;-0.16751269035532976;-5.649746192893402;-0.33502538071065957;-0.7918781725888326;-6.685279187817257;-19.03553299492385;0.0;-12.857868020304561;0.41116751269035506;-0.2588832487309646;-2.98477157360406;
65.67005076142135;68.27918781725886;155.6852791878172;-244.45177664974602;294.80203045685306;0.8629441624365487;0.0;89.93908629441633;173.6598984771574;1.7258883248730972;0.0;0.0;0.0;1034.8934010152286;913.4263959390869;0.0;-30.03553299492391;42.578680203045664;-23.60406091370559;2.1573604060913714;-1.705583756345178;540.3248730964463;23.10659898477166;-24.42639593908637;-406.9289340101526;-401.23350253807087;243.22842639593875;-220.3147208121828;19.121827411167565;1073.6243654822333;327.7208121827412;-7.2538071065989715;119.07614213197978;18.492385786802057;-94.56345177664977;826.4162436548219;638.3401015228424;0.0;163.63959390862948;-317.64974619289376;-9.66497461928933;41.56852791878168;
38.15736040609136;53.48223350253798;96.36548223350256;83.49238578680202;159.2944162436549;1.1269035532994918;0.0;2.167512690355339;21.685279187817248;1.253807106598988;0.0;0.0;0.0;410.5431472081218;258.8274111675127;0.0;10.8477157360407;49.90862944162445;-9.588832487309665;-2.1827411167512674;-4.309644670050762;23.10659898477166;130.456852791878;-27.82741116751276;-18.695431472081243;77.14213197969536;118.12182741116752;45.36548223350249;30.664974619289392;118.53299492385797;18.517766497461967;2.197969543147207;14.040609137055831;19.395939086294497;-8.700507614213226;-6.644670050761497;151.3147208121826;0.0;279.7411167512691;-3.213197969543126;15.57868020304569;8.436548223350243;
39.37055837563451;37.07106598984772;-29.46192893401006;16.030456852791875;-43.17766497461933;-0.5076142131979692;0.0;11.329949238578692;24.258883248730992;0.9847715736040623;0.0;0.0;0.0;180.8274111675127;130.69035532994926;0.0;-1.3908629441624285;9.36548223350254;7.355329949238562;-0.2690355329949227;1.2385786802030458;-24.42639593908637;-27.82741116751276;57.30964467005086;28.781725888324882;65.43147208121827;-34.487309644670106;-2.461928934010149;-7.659898477157365;6.868020304568496;150.92893401015215;2.2081218274111687;46.83756345177663;-4.5837563451776635;-11.197969543147211;254.57868020304574;-70.25888324873098;0.0;-14.964467005076138;51.852791878172454;-4.314720812182738;23.25380710659895;
-79.22842639593908;-73.34517766497464;165.24365482233517;570.994923857868;113.86294416243658;0.7512690355329941;0.0;-46.888324873096465;-135.54314720812175;-5.497461928934011;0.0;0.0;0.0;-139.30456852791875;-340.78172588832496;0.0;39.89847715736036;-108.06091370558383;22.27411167512692;-5.1218274111675175;1.126903553299492;-406.9289340101526;-18.695431472081243;28.781725888324882;648.2030456852785;523.761421319797;90.08121827411169;256.24365482233503;-45.223350253807126;-945.6446700507618;-20.65482233502535;2.131979695431465;-116.6395939086294;-17.736040609137063;94.5329949238579;-634.0964467005075;-386.45685279187813;0.0;370.8274111675126;326.85786802030464;-3.614213197969536;-63.375634517766514;
61.89340101522844;70.70558375634516;101.91370558375633;570.7309644670052;108.7360406091371;-2.182741116751265;0.0;-20.08121827411168;-115.78680203045685;-0.36548223350253883;0.0;0.0;0.0;433.85786802030464;-91.43147208121827;0.0;75.61928934010157;141.7715736040611;49.52791878172588;-7.4568527918781715;0.7258883248730956;-401.23350253807087;77.14213197969536;65.43147208121827;523.761421319797;846.3553299492381;-25.695431472081253;282.91370558375644;61.16243654822336;-884.1675126903552;142.294416243655;10.994923857868004;-68.89847715736038;-3.0101522842639614;51.24873096446697;-314.1116751269035;-448.2131979695431;0.0;636.8527918781729;424.467005076142;-3.55329949238578;-41.90862944162431;
50.908629441624356;74.4619289340102;320.4974619289342;108.19796954314708;887.3451776649749;3.7005076142131883;0.0;37.64467005076142;124.18274111675129;-5.598984771573619;0.0;0.0;0.0;1707.8781725888327;1446.487309644669;0.0;-27.04060913705586;-84.62436548223351;-32.69035532994921;-3.2487309644670086;-7.949238578680203;243.22842639593875;118.12182741116752;-34.487309644670106;90.08121827411169;-25.695431472081253;852.8324873096442;-4.502538071065992;-28.289340101522754;547.1421319796954;377.53807106599;-11.147208121827404;1.9441624365482113;39.70558375634521;-62.78680203045685;343.761421319797;582.8172588832493;0.0;1085.7309644670052;-156.45685279187822;11.954314720812173;-21.35025380710662;
-29.274111675126917;-20.61421319796954;17.492385786802025;233.59390862944156;51.03553299492388;0.10152284263959403;0.0;-26.065989847715727;-80.45177664974617;-1.7969543147208136;0.0;0.0;0.0;-109.36548223350253;-195.53807106598984;0.0;22.87817258883249;-30.873096446700547;22.92893401015228;-4.7461928934010125;-2.847715736040609;-220.3147208121828;45.36548223350249;-2.461928934010149;256.24365482233503;282.91370558375644;-4.502538071065992;207.49238578680217;-14.868020304568509;-469.5736040609136;-110.38578680203041;-0.44162436548223283;-44.16751269035529;5.116751269035537;53.639593908629465;-400.7157360406092;-203.54822335025378;0.0;205.19289340101525;177.62944162436557;3.8629441624365533;-21.05076142131981;
27.75126903553299;25.979695431472113;5.131979695431474;19.70558375634512;32.05076142131981;-0.4263959390862966;0.0;0.47715736040609347;14.497461928933955;1.1472081218274077;0.0;0.0;0.0;178.3350253807107;74.65989847715734;0.0;20.111675126903624;92.46700507614163;-4.101522842639603;-1.065989847715734;-0.6395939086294427;19.121827411167565;30.664974619289392;-7.659898477157365;-45.223350253807126;61.16243654822336;-28.289340101522754;-14.868020304568509;57.045685279188355;110.6091370558374;-7.979695431472049;0.6548223350253806;-6.0964467005076415;0.30964467005076224;-11.086294416243643;53.40609137055828;47.502538071065906;0.0;73.98984771573596;22.75634517766494;-3.624365482233484;-4.786802030456879;
211.3502538071067;210.39593908629465;194.42639593908606;-560.2588832487307;880.0101522842634;6.314720812182745;0.0;161.69543147208125;759.2994923857868;12.62944162436548;0.0;0.0;0.0;4235.467005076141;3973.1319796954303;0.0;-30.177664974619265;146.89340101522836;-80.02030456852796;-9.213197969543154;-18.52791878172588;1073.6243654822333;118.53299492385797;6.868020304568496;-945.6446700507618;-884.1675126903552;547.1421319796954;-469.5736040609136;110.6091370558374;3700.121827411173;1218.604060913705;12.73096446700507;541.3807106598986;48.46192893401011;-249.81725888324866;3180.0812182741147;2028.700507614214;0.0;544.197969543147;-544.2487309644673;-33.32487309644668;262.8426395939085;
180.11167512690358;192.21319796954322;210.61421319796952;74.09137055837557;495.4670050761418;4.477157360406095;0.0;154.98984771573606;360.77664974619313;10.954314720812183;0.0;0.0;0.0;2934.482233502538;2391.0710659898477;0.0;1.827411167512687;62.09644670050758;15.065989847715736;-7.807106598984774;-4.284263959390861;327.7208121827412;18.517766497461967;150.92893401015215;-20.65482233502535;142.294416243655;377.53807106599;-110.38578680203041;-7.979695431472049;1218.604060913705;1297.7868020304568;16.624365482233504;487.5126903553296;22.248730964467008;-120.59390862944167;2072.736040609137;707.2233502538066;0.0;762.1065989847717;-50.44162436548228;-25.944162436548236;249.76142131979697;
5.101522842639599;5.375634517766487;-5.4416243654822285;6.446700507614217;-14.939086294416233;-0.11167512690355248;0.0;1.1725888324873102;11.796954314720818;0.7766497461928941;0.0;0.0;0.0;39.80203045685279;33.79187817258882;0.0;3.9340101522842783;3.3604060913705642;-0.12182741116751292;-0.27918781725888325;-0.16751269035532976;-7.2538071065989715;2.197969543147207;2.2081218274111687;2.131979695431465;10.994923857868004;-11.147208121827404;-0.44162436548223283;0.6548223350253806;12.73096446700507;16.624365482233504;10.385786802030466;37.28426395939084;1.7715736040609094;0.09644670050761414;64.48730964467016;-10.79695431472081;0.0;-11.812182741116757;10.507614213197963;1.0507614213197956;28.055837563451774;
44.969543147208135;57.48730964467008;-41.16751269035534;-114.93401015228432;-3.2182741116751004;0.2335025380710652;0.0;80.54822335025392;191.06091370558363;15.467005076142126;0.0;0.0;0.0;948.959390862944;856.1624365482232;0.0;12.319796954314734;24.79187817258883;3.436548223350269;-5.4162436548223365;-5.649746192893402;119.07614213197978;14.040609137055831;46.83756345177663;-116.6395939086294;-68.89847715736038;1.9441624365482113;-44.16751269035529;-6.0964467005076415;541.3807106598986;487.5126903553296;37.28426395939084;550.3147208121828;20.568527918781747;-32.92893401015229;1053.2538071065978;256.9390862944163;0.0;-0.7563451776649899;-66.1522842639594;-7.015228426395938;347.8832487309644;
22.20304568527923;31.751269035533024;-6.883248730964443;-21.106598984771562;50.121827411167516;-0.223350253807105;0.0;11.345177664974608;4.593908629441627;1.553299492385789;0.0;0.0;0.0;114.60406091370555;100.58375634517766;0.0;-1.1319796954314627;2.720812182741119;-2.2436548223350252;-0.5583756345177674;-0.33502538071065957;18.492385786802057;19.395939086294497;-4.5837563451776635;-17.736040609137063;-3.0101522842639614;39.70558375634521;5.116751269035537;0.30964467005076224;48.46192893401011;22.248730964467008;1.7715736040609094;20.568527918781747;19.543147208121873;-4.807106598984772;64.97461928934008;17.406091370558375;0.0;60.375634517766485;-9.984771573604075;-0.8984771573604078;12.111675126903558;
-52.97461928934004;-54.40609137055836;4.6395939086294415;93.11167512690355;-68.98477157360398;-0.5279187817258901;0.0;-18.456852791878177;-50.05076142131986;-1.055837563451778;0.0;0.0;0.0;-339.2994923857867;-300.80203045685283;0.0;5.233502538071065;-26.659898477157352;4.969543147208124;-1.319796954314721;-0.7918781725888326;-94.56345177664977;-8.700507614213226;-11.197969543147211;94.5329949238579;51.24873096446697;-62.78680203045685;53.639593908629465;-11.086294416243643;-249.81725888324866;-120.59390862944167;0.09644670050761414;-32.92893401015229;-4.807106598984772;46.27411167512698;-272.87817258883257;-116.94923857868015;0.0;-77.20304568527922;54.12690355329942;3.51269035532995;-11.73604060913705;
467.2335025380717;464.2639593908637;-2.7157360406091087;-398.17258883248724;565.3401015228427;5.543147208121813;0.0;273.7969543147208;798.5329949238574;33.086294416243675;0.0;0.0;0.0;4999.644670050765;4400.4213197969575;0.0;-8.451776649746208;200.9289340101525;-17.680203045685264;-9.142131979695442;-6.685279187817257;826.4162436548219;-6.644670050761497;254.57868020304574;-634.0964467005075;-314.1116751269035;343.761421319797;-400.7157360406092;53.40609137055828;3180.0812182741147;2072.736040609137;64.48730964467016;1053.2538071065978;64.97461928934008;-272.87817258883257;4588.720812182745;1232.467005076142;0.0;523.1319796954316;-184.83248730964465;-48.88324873096446;587.2284263959392;
-47.73604060913706;-27.22335025380718;392.4517766497462;-130.238578680203;811.5583756345179;5.309644670050748;0.0;86.24873096446704;422.47208121827356;-1.3807106598984678;0.0;0.0;0.0;2703.685279187816;2430.2588832487318;0.0;-8.77157360406094;25.137055837563437;-46.116751269035404;-10.725888324873102;-19.03553299492385;638.3401015228424;151.3147208121826;-70.25888324873098;-386.45685279187813;-448.2131979695431;582.8172588832493;-203.54822335025378;47.502538071065906;2028.700507614214;707.2233502538066;-10.79695431472081;256.9390862944163;17.406091370558375;-116.94923857868015;1232.467005076142;1640.5279187817257;0.0;787.8883248730965;-430.6802030456851;-13.868020304568526;99.34517766497461;
0.0;0.0;0.0;0.0;0.0;0.0;0.0;0.0;0.0;0.0;0.0;0.0;0.0;0.0;0.0;0.0;0.0;0.0;0.0;0.0;0.0;0.0;0.0;0.0;0.0;0.0;0.0;0.0;0.0;0.0;0.0;0.0;0.0;0.0;0.0;0.0;0.0;0.0;0.0;0.0;0.0;0.0;
141.94416243654814;184.8934010152284;570.1928934010149;521.9543147208121;1425.766497461929;5.761421319796953;0.0;67.00507614213198;161.1116751269035;-6.477157360406093;0.0;0.0;0.0;3296.2588832487327;2356.9644670050766;0.0;35.08629441624366;125.45177664974612;8.467005076142124;-16.096446700507617;-12.857868020304561;163.63959390862948;279.7411167512691;-14.964467005076138;370.8274111675126;636.8527918781729;1085.7309644670052;205.19289340101525;73.98984771573596;544.197969543147;762.1065989847717;-11.812182741116757;-0.7563451776649899;60.375634517766485;-77.20304568527922;523.1319796954316;787.8883248730965;0.0;2222.446700507615;1.7208121827410605;-11.527918781725885;-37.38071065989857;
33.65989847715731;29.441624365482312;-59.37055837563448;350.9035532994923;-112.60406091370511;-1.7258883248730916;0.0;-34.87817258883249;-78.31979695431473;-0.4517766497461926;0.0;0.0;0.0;-115.78680203045685;-270.85279187817247;0.0;51.071065989847604;28.84263959390862;18.208121827411198;-1.3147208121827427;0.41116751269035506;-317.64974619289376;-3.213197969543126;51.852791878172454;326.85786802030464;424.467005076142;-156.45685279187822;177.62944162436557;22.75634517766494;-544.2487309644673;-50.44162436548228;10.507614213197963;-66.1522842639594;-9.984771573604075;54.12690355329942;-184.83248730964465;-430.6802030456851;0.0;1.7208121827410605;387.29949238578837;-4.670050761421312;-37.13705583756342;
-9.934010152284257;-11.055837563451762;6.862944162436543;2.6903553299492344;-14.360406091370564;-0.17258883248731097;0.0;-6.18781725888325;-5.131979695431471;-0.3451776649746189;0.0;0.0;0.0;-49.578680203045685;-32.68527918781726;0.0;-3.1928934010152332;-8.715736040609155;-2.279187817258887;-0.4314720812182735;-0.2588832487309646;-9.66497461928933;15.57868020304569;-4.314720812182738;-3.614213197969536;-3.55329949238578;11.954314720812173;3.8629441624365533;-3.624365482233484;-33.32487309644668;-25.944162436548236;1.0507614213197956;-7.015228426395938;-0.8984771573604078;3.51269035532995;-48.88324873096446;-13.868020304568526;0.0;-11.527918781725885;-4.670050761421312;17.53299492385789;-1.9137055837563464;
21.17258883248733;29.238578680203062;-43.050761421319805;-78.04060913705584;-38.096446700507634;0.010152284263959407;0.0;39.893401015228406;108.65482233502532;10.02030456852792;0.0;0.0;0.0;451.5634517766497;432.746192893401;0.0;4.187817258883245;8.512690355329923;2.192893401015227;-2.974619289340102;-2.98477157360406;41.56852791878168;8.436548223350243;23.25380710659895;-63.375634517766514;-41.90862944162431;-21.35025380710662;-21.05076142131981;-4.786802030456879;262.8426395939085;249.76142131979697;28.055837563451774;347.8832487309644;12.111675126903558;-11.73604060913705;587.2284263959392;99.34517766497461;0.0;-37.38071065989857;-37.13705583756342;-1.9137055837563464;234.994923857868;
