1503
12.840275416167783;11.277769003560827;11.110629703006284;9.917244129797151;9.217495878403573;8.010965174656482;7.100928328303764;9.140149328802837;2.751909141377503;2.498470332657097;3.1818188477640907;4.028903721962883;6.4848410979353;1.023773735104967;7.177704203961977;4.90856082868239;6.659789111797209;2.4626372899484164;4.930226505470085;-0.9845990960141102;1.7461868891985466;-0.7059258863833278;2.937118473104979;1.692110857938366;1.9072339156553286;0.11632511177904195;0.05467107856308823;-2.1264198649041255;7.171009115092477;2.036862811501839;-1.5524577210944035;-2.2356284768911805;-4.492072703943448;-4.203278608440961;-1.7076465045370728;-3.8409451982804557;-3.6974092657888464;-3.2528120113057315;-8.363938570359139;-6.935666808868267;-5.796295168933044;-7.346874064628517;-6.534296874765676;-7.165250729304637;-6.747162746197155;-8.365481560518512;-1.2120636031681742;-10.403820541474088;-9.884918163289024;-9.227111064719402;-8.926815681696098;
11.277769003560827;11.307512624679157;9.302667699830337;9.50669446727854;9.479401658540171;8.456681167537141;6.5443105247225235;7.98315444552467;4.7971017136754295;4.617767770438497;4.456337001318651;5.527087586881276;6.563031875363214;3.053796987488217;6.350381265708739;6.253855953389393;6.215921036024541;3.6799050615941233;5.999605687370941;1.6137472710163057;3.2079164874452553;1.4659498133756623;4.460572554868421;3.393387339558273;3.7864562593209867;2.036684751421495;1.9472299097643084;0.37231305240624624;5.780779029023813;3.4911102362097677;0.4716245683030705;0.02598026530516953;-2.3754117500951337;-1.9262288754725374;0.24847933848742426;-1.4499492215559304;-0.9494448605349242;-1.813455541343403;-5.788922393253889;-4.472488319138081;-3.299789872146433;-4.891317902508642;-4.176612206404197;-5.3293465563887095;-4.656829471096568;-6.492441688081699;0.08077665021222197;-8.345382297391224;-8.150733576626264;-7.733125963053438;-7.510941032878841;
11.110629703006284;9.302667699830337;13.783727442411553;8.77486167104935;7.619240505357713;6.375484453221821;7.077966399940163;8.67566315932329;1.3375339233137236;0.5940025421128263;0.6865302038478196;2.0861484329745834;6.078313737112924;-0.6991018516446138;7.838788206782562;4.775843893953316;7.510628458912236;1.6817068813411924;5.181300075955808;-2.688088084142121;0.5766189920696212;-3.598283316871819;2.9711357479671174;0.45510182179041453;0.9531302595300862;-2.5218872576739404;-1.2692142506724604;-3.3789484932588607;8.789446937690533;1.722778589282529;-3.7093250173179104;-4.881895466448784;-6.219155343845954;-6.4146535864828005;-4.252466131177638;-5.254539011636687;-5.2262543702645194;-5.64958646474326;-10.062473055478309;-8.73395150868858;-7.623206445542329;-9.140084366269427;-7.383323530700205;-9.31599786116614;-8.163938409697199;-10.290207676837602;-1.185024636759487;-11.418551241862719;-11.081529623978462;-10.190295920417585;-9.266682695830673;
9.917244129797151;9.50669446727854;8.77486167104935;11.623701321172451;9.85648781463881;8.973951025535195;6.271878278384239;9.60638881541901;2.226353215218271;3.6194815366568847;2.4752052694802122;5.851004249193598;7.853105301253894;1.9865335889164815;5.586157440811783;4.309415795597231;5.663655254072934;2.288435581371298;4.426746384931864;0.49706094215020524;2.9969742044593723;-0.7137904706966166;3.444086173540258;2.7112404106184664;2.2925082369395167;0.21169645003073204;0.9567754743429678;-0.725455489269252;5.8165558775309325;1.3948979561808885;0.1905558911766156;-0.2664191524717148;-3.0380205276464496;-3.683724913209999;0.3169666896610988;-3.3696140235915455;-3.6395414300442193;-2.7117790063204605;-6.901602130632155;-5.71152972880122;-3.641863330994274;-5.6144175743020375;-4.9267426401723995;-5.396259170392672;-5.686433450689225;-6.309616501080345;-1.482805792782133;-8.470800999262945;-8.14901350670523;-7.549179725174815;-7.564733356158269;
9.217495878403573;9.479401658540171;7.619240505357713;9.85648781463881;11.15029438188852;10.070975042203203;6.210587043942137;8.517182043531797;4.867940429009126;5.904921917005864;4.5730957979537115;6.039017762559573;7.414986753822963;3.6148146052460035;5.68125411433618;6.224323297935974;5.830427138898003;3.949849984357504;6.222821340270428;2.1831263400209275;4.35029147475848;1.98607892498296;4.862802450680341;4.029155792373894;4.805940445150841;2.778317625278399;2.2825868378576373;0.9732360722434434;5.2259414253431045;3.5056187549021676;1.0430175610407246;1.38255522918039;-1.8993536696719548;-1.5595096690348442;1.6672492178238842;-1.8006307132537347;-1.1727186890700294;-1.3924017399910564;-5.274732924209509;-3.821398316684755;-2.893044269969925;-3.932941231527475;-3.9212147565413753;-4.07401689015898;-4.614575182349032;-5.248624972212064;-0.09843528107724982;-7.95264993085936;-7.6623711795138;-7.031412509473327;-7.274609173100811;
8.010965174656482;8.456681167537141;6.375484453221821;8.973951025535195;10.070975042203203;10.989626724354386;5.970336908470747;7.775908298372449;5.073255031417316;6.036171927253981;4.939564790066093;5.563361060763378;7.1565735426164645;4.41195808495771;5.111602023933842;5.609054295333454;6.107304479750844;4.464739320506716;5.620577578678338;2.915444446821637;5.246795347639868;2.4685925505377475;5.561148833306856;4.062251937380655;4.929325644674998;3.215751633220806;3.127464034206601;1.7972639611356185;4.523831284435902;3.715792062281571;1.1366990554786642;2.089714084265664;-0.7208944789588992;-1.2122382638917024;1.9897641278116704;-1.3176126238955173;-1.0960430217836865;-0.7109407905519557;-4.317872081841419;-3.3569510952749217;-2.0850036541457886;-2.958519168060455;-3.121043532414391;-3.3700346808445842;-3.6049561967416905;-4.41401162746123;0.13065387517592908;-6.8174435827032465;-6.557555610562145;-6.421602082512709;-6.555764010756737;
7.100928328303764;6.5443105247225235;7.077966399940163;6.271878278384239;6.210587043942137;5.970336908470747;6.565666265723152;6.115408702755482;3.1072434984113495;3.4114473622057004;3.255614147078631;3.1961333687955857;4.534704814787871;1.597992590628079;5.616544252314014;3.4196582167330765;5.191963018198979;3.4810040719824666;3.3594807585074937;0.4473012720144727;3.2494370325721667;0.26347275445345175;3.446137449287535;2.9029854245683993;2.86124620941216;0.9093678256936909;1.0513216850918743;-0.4674405560850412;5.049557932432991;2.836161884248893;0.4920637562043456;0.297310533140792;-0.8915914925434806;-2.6525851548265664;0.6123845863295245;-2.1083043937486647;-2.2829808979938293;-0.9079828510304959;-4.897715352360093;-4.53295834572557;-2.680418392207171;-3.805519217542808;-3.8739508504716604;-4.283741607711978;-4.197170956620495;-5.300156051806957;-0.44032660924531514;-6.531820885920099;-6.29432880494997;-6.494944703133958;-6.210814753474821;
9.140149328802837;7.98315444552467;8.67566315932329;9.60638881541901;8.517182043531797;7.775908298372449;6.115408702755482;10.607372727622758;0.6594255037284087;1.6237166798689453;2.4871270794355054;4.095937012502244;5.649195645887065;-0.40969912261613106;6.313247666356441;2.2190431775625274;5.446017757619835;0.7603183917131568;2.501964462082632;-2.308226249845641;0.9133271705866559;-1.3195659720524544;1.9225681119119382;1.3012070069711479;0.9004350204888375;-0.06018159706562584;-1.102496245835748;-3.0876052560711496;6.65215894441322;0.7706653241448645;-0.6827989116944629;-1.2846997492505776;-4.497661971920716;-4.905474548707359;-0.6994229413926328;-4.844813854568038;-4.940310723101414;-2.7854203167141045;-8.065150501067142;-6.803575581818349;-5.364837144041875;-6.588097350076476;-6.8744344806688495;-6.045457985567493;-6.786080572059752;-7.166450761977365;-2.4121382743174453;-9.52392463017857;-8.632860603409547;-8.145418044460635;-8.28142469575483;
2.751909141377503;4.7971017136754295;1.3375339233137236;2.226353215218271;4.867940429009126;5.073255031417316;3.1072434984113495;0.6594255037284087;10.792576943571964;8.928721966254146;5.97622550175489;4.934124039418176;3.143201968399643;8.076398203240519;2.470814690352013;6.693699305484661;3.440909228101445;7.3729688760754835;6.264917563002353;8.657885122033148;7.748654533182388;6.883236308379446;7.626667972797849;6.399735259089768;9.943926043713487;6.2458497109776445;5.852664669516432;8.132345769267507;0.5390220712628769;7.955211473573513;3.965921920975185;5.668483109659747;5.2379291457269925;4.121886674297348;4.179517148682399;5.67175276355771;6.630906921822759;2.2241892498055638;4.422217044685262;4.150092560271918;3.336757075846971;4.950969120765683;3.565457490384751;1.0719560756454245;2.007314071293415;0.3099068330333896;4.559640883229713;0.5027364191770082;-0.5936412298549847;-1.3165116059966355;-0.8854068088569325;
2.498470332657097;4.617767770438497;0.5940025421128263;3.6194815366568847;5.904921917005864;6.036171927253981;3.4114473622057004;1.6237166798689453;8.928721966254146;10.816645588187319;5.880876020942464;6.659814981252849;4.5393953835511205;8.678777504774617;1.5855875223252767;6.563404752367699;2.4005170566617635;7.4270758389243205;5.656656127297761;9.570612806312187;9.01626289656088;7.023927144792876;7.385516715876529;7.83077466650869;8.496560935051068;6.415088498455554;7.047429886973845;8.189649574609426;-0.05775198781765454;6.326700318849296;5.9240613711321615;7.263164070081393;6.317972105756913;5.126119303431654;6.476281409204751;5.421670858651402;6.2709450807125595;3.183316970674326;4.435047406519833;4.257556449702343;5.381881032400239;5.107077924021923;4.685565199311576;2.4057285837891325;2.695025173523216;1.788016107963674;3.522664109862728;1.2219250144100733;0.21545771886727444;-0.6519725199790574;-0.7750978675915068;
3.1818188477640907;4.456337001318651;0.6865302038478196;2.4752052694802122;4.5730957979537115;4.939564790066093;3.255614147078631;2.4871270794355054;5.97622550175489;5.880876020942464;7.736228214720015;4.654390539771816;1.4434808475855876;4.300302868138037;2.632925755979572;2.463143253906528;2.3253498002708226;3.958193757109071;1.9720502431172244;3.7710431957928803;4.120059274040911;7.294051878627229;3.5954394720760465;4.98973008385632;5.4686931126601905;7.239883089654164;2.9757841208308164;3.2788702393634623;0.7779054011508632;4.467377592488682;5.077092078153579;5.885300517030349;3.662321206665595;3.4981869354124293;5.5953783334067175;2.9189993203822575;3.5328490606327403;4.642642172890566;2.2365572557776146;2.193360465651962;2.1936508625182745;3.1835921784821095;0.21602510854254298;2.1658500729246883;0.8586365190780768;0.8773366076323343;1.2973349888904262;-1.0966903004960071;-0.9981316790234294;-1.784688195189596;-2.534429300572349;
4.028903721962883;5.527087586881276;2.0861484329745834;5.851004249193598;6.039017762559573;5.563361060763378;3.1961333687955857;4.095937012502244;4.934124039418176;6.659814981252849;4.654390539771816;6.90930236614832;4.09725739627993;4.958062351177043;2.0700800130065113;3.849666688953541;2.1516156151584886;3.6732544195342425;3.257922435998741;5.168611881118249;4.886820349398076;4.405924707372232;4.474859708937267;5.572731734287699;4.811929631225564;4.468682942561337;3.735541491733944;4.159321902566981;1.0970310262084928;3.3426571247559473;5.171635804364684;5.039079234143881;2.905013385955256;2.3262819356547166;5.025017407819767;2.5647381992371727;2.94143436995209;2.056700897080256;1.113162808502457;1.383950510881223;3.029700632415914;1.9179276663396028;1.377131686054669;0.8265064608240098;0.3537696261707528;0.11338174345202015;1.0916202557288426;-1.1248425682935492;-1.4962387199534888;-1.8241345243354838;-2.221068950288412;
6.4848410979353;6.563031875363214;6.078313737112924;7.853105301253894;7.414986753822963;7.1565735426164645;4.534704814787871;5.649195645887065;3.143201968399643;4.5393953835511205;1.4434808475855876;4.09725739627993;8.186061617226253;3.483719659960448;3.530919771975567;5.395568159305639;4.7787166625631095;3.401237324247218;5.2411905085375246;2.7577474781371705;4.406911550810431;-0.18470194990891836;4.352952972234903;2.888716094512934;2.9006840087160044;0.12437564346837965;2.610577512862425;1.530756008763186;3.763685099394302;1.9398188435655572;-0.21460770880252095;-0.041714377513299386;-1.2056700582629736;-1.8495633805951206;0.2811630025641428;-1.2967495195142629;-1.3503990039970162;-2.513480405886154;-4.353965880657783;-3.482281649979732;-1.5698489925313868;-3.563369861836096;-1.8128342032437013;-4.026324947853323;-3.461320478317346;-4.468685003372817;0.04901465816394142;-5.496111808755696;-5.76904586697144;-5.439986859372888;-5.039973009052545;
1.023773735104967;3.053796987488217;-0.6991018516446138;1.9865335889164815;3.6148146052460035;4.41195808495771;1.597992590628079;-0.40969912261613106;8.076398203240519;8.678777504774617;4.300302868138037;4.958062351177043;3.483719659960448;10.34082644021188;-0.2619664423753247;4.833769285980707;1.3486532890084326;7.0816111867438085;3.941852928236902;10.925586940009527;9.023424327698056;6.572549606922155;6.203659827692312;6.319693412476318;7.353390245631013;5.565700717921679;7.712329680824729;9.582053599332554;-1.2169457069516196;4.848664996921361;4.447736051528077;6.893275230451179;7.093994127439249;5.9200243629497145;5.364518144775398;6.76646365455417;6.344016513945219;3.055845644437307;6.508518026469643;5.684731588869425;5.695547023686262;6.668840663415084;6.663362544040101;3.6375435004718066;4.602154999172545;3.421220000395652;4.055812123700656;3.5749462752762855;1.7585067428396686;1.0896243053118286;1.2450808895365542;
7.177704203961977;6.350381265708739;7.838788206782562;5.586157440811783;5.68125411433618;5.111602023933842;5.616544252314014;6.313247666356441;2.470814690352013;1.5855875223252767;2.632925755979572;2.0700800130065113;3.530919771975567;-0.2619664423753247;6.705970026533167;3.258131461209939;5.505955157212349;1.8352953169019872;3.64902253907116;-1.6485857900605279;1.052497278533297;-0.6794485583104402;2.789173117402242;1.325444158274063;2.3808381217875714;0.17311130694005922;-0.8206769559219746;-1.8976319935068147;6.263862664177297;2.6882203785584546;-1.1073018161147363;-1.851377320388611;-3.511285434195208;-3.9644941512325724;-1.4395827159789754;-3.236995990207947;-2.701768673703749;-2.460363362496153;-6.329044389483365;-5.42727146106438;-4.814832601508788;-5.357177212452587;-5.566340911758672;-5.897510778704634;-5.567974929602426;-6.882628236020193;-0.6460876852116639;-8.042911211086334;-7.511906015488845;-7.274342387726897;-6.906338475930501;
4.90856082868239;6.253855953389393;4.775843893953316;4.309415795597231;6.224323297935974;5.609054295333454;3.4196582167330765;2.2190431775625274;6.693699305484661;6.563404752367699;2.463143253906528;3.849666688953541;5.395568159305639;4.833769285980707;3.258131461209939;10.67245552873358;4.736230232437811;5.263331256269254;10.161016258179167;5.314919524846011;4.692357698645442;2.26292281573795;7.317027584609154;3.9538003406441717;5.863232080966786;2.0211177627148165;4.812686912013427;4.848648905139381;2.1707835780653455;5.847697012333731;0.2827021983000399;0.4828706196277079;0.23977532083486247;1.3360711004355055;0.1485264303922494;2.380295850222154;4.60898080127746;-2.171450909731671;-1.5144608977548641;-0.052679268357093925;0.24205543012680586;-1.5033259740201115;1.5068030739335083;-3.209800054422675;-0.7204940949915386;-3.466048466824894;3.739122776530173;-3.4922169716393854;-4.243209831777064;-4.010828355325038;-3.0459440372306594;
6.659789111797209;6.215921036024541;7.510628458912236;5.663655254072934;5.830427138898003;6.107304479750844;5.191963018198979;5.446017757619835;3.440909228101445;2.4005170566617635;2.3253498002708226;2.1516156151584886;4.7787166625631095;1.3486532890084326;5.505955157212349;4.736230232437811;7.318367123260382;2.8420751533345863;5.227749556616946;-0.08169115829167051;2.5106325424658555;-0.6471156950586461;5.133532839924283;1.6095387532092778;3.2319293610767352;0.030716379717393466;0.39283054561485914;-0.16495493973446576;5.380069446922872;3.548124360897092;-1.7463674943376826;-1.7751385273085771;-2.8149467026909534;-3.9529491608454985;-1.9604204671600782;-2.3234305886390545;-2.2944313264241516;-3.2781277291304454;-5.831916648023055;-5.136969460166622;-4.2795034804176;-4.859290748842301;-4.434507982144178;-6.041066127839772;-5.16968679398783;-6.857656294136051;0.4386449064602752;-7.422754423824538;-7.311350270306657;-7.184013665366658;-6.314213549187778;
2.4626372899484164;3.6799050615941233;1.6817068813411924;2.288435581371298;3.949849984357504;4.464739320506716;3.4810040719824666;0.7603183917131568;7.3729688760754835;7.4270758389243205;3.958193757109071;3.6732544195342425;3.401237324247218;7.0816111867438085;1.8352953169019872;5.263331256269254;2.8420751533345863;7.111497043838316;4.638958447037575;7.355814622089581;7.738489377356064;4.3519743832747375;6.088961019649698;5.4100859242581985;6.719456909985609;3.876684441522458;5.743706897806207;6.27747525126145;0.659213620176862;5.380354718265774;2.844484758468804;4.384012851583689;4.867130911568844;2.931266881421893;3.6209453303898345;3.761333147342945;3.8191654256824736;1.8120538178105718;2.517467850055193;2.010551254173609;2.8515558949526656;3.0083931999276032;3.2971661808795236;0.6564411999719816;1.6427478438171377;0.1360107075496894;3.1884970649640385;0.18044221401963312;-0.911308466988012;-1.6631478264255894;-1.1247872012443876;
4.930226505470085;5.999605687370941;5.181300075955808;4.426746384931864;6.222821340270428;5.620577578678338;3.3594807585074937;2.501964462082632;6.264917563002353;5.656656127297761;1.9720502431172244;3.257922435998741;5.2411905085375246;3.941852928236902;3.64902253907116;10.161016258179167;5.227749556616946;4.638958447037575;10.660165859438168;4.151607238197264;4.027130371699968;1.4471487239709435;6.929660706457041;3.140070879701618;5.7424559715284476;1.3669509659923358;3.8128580981347704;3.9933942012755685;2.7189273372478895;5.580670527314412;-0.515020349904601;-0.3402387277687061;-0.7592386634029967;0.21390588307299357;-0.7163701190563697;1.4135708283179842;3.5017863251541197;-2.845752996978953;-2.2483901356227998;-0.7285886895327952;-0.9046583482136485;-2.12517855918051;0.3025905763344552;-3.8547864782762105;-1.6568616104122098;-4.1305184838833675;3.4254904694568182;-4.204900238607165;-4.758701685896843;-4.39811684760068;-3.482719243935034;
-0.9845990960141102;1.6137472710163057;-2.688088084142121;0.49706094215020524;2.1831263400209275;2.915444446821637;0.4473012720144727;-2.308226249845641;8.657885122033148;9.570612806312187;3.7710431957928803;5.168611881118249;2.7577474781371705;10.925586940009527;-1.6485857900605279;5.314919524846011;-0.08169115829167051;7.355814622089581;4.151607238197264;13.26751870806524;9.357310730310594;7.281758641088014;6.4823044399851035;7.18762270321319;7.828981246998693;5.792519978615091;8.939117707174585;11.790900835810255;-2.965586294639686;5.151445178251146;5.730778779467062;7.841857273240268;9.401263949315313;8.063744100350135;6.481301077937033;9.096314418945969;8.93888648605017;3.8983177059083256;9.56428487188242;8.227518114366633;8.729786170552845;9.201358550532193;10.054824745232072;5.328661262490169;6.988904589006839;5.538922428203349;5.109076143738217;6.8251270766782355;4.398928820368464;3.3161691909890507;3.699181316463467;
1.7461868891985466;3.2079164874452553;0.5766189920696212;2.9969742044593723;4.35029147475848;5.246795347639868;3.2494370325721667;0.9133271705866559;7.748654533182388;9.01626289656088;4.120059274040911;4.886820349398076;4.406911550810431;9.023424327698056;1.052497278533297;4.692357698645442;2.5106325424658555;7.738489377356064;4.027130371699968;9.357310730310594;10.442866179296855;4.978617859484052;7.234108046291423;6.80336203776193;7.478584205163555;4.378200118044725;6.648835060412359;7.9994830958042575;0.08788078789331064;5.135801334483359;4.168581540946484;5.988388984238917;6.451914670937806;3.4222447727480696;5.308974587414263;4.4407166430663345;3.9032000039196246;2.407029259714341;3.848265965445577;2.9052560222019084;4.44485203668761;4.577549861208232;4.451755180969035;1.9242332088077536;2.187125897480957;1.548380317899059;3.094880771491437;1.582998244398507;0.19014906978829704;-0.7790358255929384;-0.40394353930261306;
-0.7059258863833278;1.4659498133756623;-3.598283316871819;-0.7137904706966166;1.98607892498296;2.4685925505377475;0.26347275445345175;-1.3195659720524544;6.883236308379446;7.023927144792876;7.294051878627229;4.405924707372232;-0.18470194990891836;6.572549606922155;-0.6794485583104402;2.26292281573795;-0.6471156950586461;4.3519743832747375;1.4471487239709435;7.281758641088014;4.978617859484052;10.514886608058575;3.2208375007355765;5.416957727883622;6.193298479488655;9.350477770735367;5.035303576528707;6.873642847580966;-2.743582739163756;4.501250300636867;7.111780720097376;9.019139650798168;7.539917614256749;8.483580807181834;7.871181941319088;7.28872687402993;8.291249153498761;7.4025593219118715;8.6744991165899;7.991926664308524;6.63600247925869;8.99131766056416;5.266962066060524;7.374113039063861;5.770289623457089;6.416384430329865;3.061917453241962;4.746589913555354;4.15849972899055;2.9365844808582597;1.67268070025689;
2.937118473104979;4.460572554868421;2.9711357479671174;3.444086173540258;4.862802450680341;5.561148833306856;3.446137449287535;1.9225681119119382;7.626667972797849;7.385516715876529;3.5954394720760465;4.474859708937267;4.352952972234903;6.203659827692312;2.789173117402242;7.317027584609154;5.133532839924283;6.088961019649698;6.929660706457041;6.4823044399851035;7.234108046291423;3.2208375007355765;10.79306142152995;5.41717622451861;7.365110099771288;2.98980959715895;4.678334884656194;6.79305391894597;1.6469888105589952;6.7197458475163225;1.983580130050652;2.704663388852984;2.8190355628507073;0.730185364080388;1.8979558686853617;3.4241859057560653;3.597662580591176;-0.7334267983579957;0.5562187851457367;0.5745312914539221;1.749264202927172;1.1611635967624807;2.0476521590339405;-1.772668306635105;-0.2578117698868204;-2.180480287760925;4.104400179328823;-1.4719687119760922;-2.5003281464167593;-3.128102151963989;-1.8559493198461143;
1.692110857938366;3.393387339558273;0.45510182179041453;2.7112404106184664;4.029155792373894;4.062251937380655;2.9029854245683993;1.3012070069711479;6.399735259089768;7.83077466650869;4.98973008385632;5.572731734287699;2.888716094512934;6.319693412476318;1.325444158274063;3.9538003406441717;1.6095387532092778;5.4100859242581985;3.140070879701618;7.18762270321319;6.80336203776193;5.416957727883622;5.41717622451861;7.388101702055679;6.136417392543448;5.147514693295566;4.966306199595558;6.224820345147535;0.01775972855488741;4.4267737502591515;6.086762264798924;5.964085565518585;5.574666790906667;3.9024795443462326;6.108312109936474;4.626329426218795;4.81219406236121;3.344932010015059;3.815345657262236;3.3418888610336728;4.677767083218094;4.462691319946946;4.0062987588553245;2.1714373501798856;2.1205996968792067;1.5850185709931401;2.433260655913078;1.457994457788286;0.3262165411620578;-0.34135000298465135;-0.2900942462252999;
1.9072339156553286;3.7864562593209867;0.9531302595300862;2.2925082369395167;4.805940445150841;4.929325644674998;2.86124620941216;0.9004350204888375;9.943926043713487;8.496560935051068;5.4686931126601905;4.811929631225564;2.9006840087160044;7.353390245631013;2.3808381217875714;5.863232080966786;3.2319293610767352;6.719456909985609;5.7424559715284476;7.828981246998693;7.478584205163555;6.193298479488655;7.365110099771288;6.136417392543448;10.053377398379931;5.788333631488774;5.061106208351832;7.654284010983536;0.6198824201956339;7.6002440150547805;3.8966494897856205;5.490997250046061;4.7541084775080815;3.2916278135817008;4.022005685056995;4.858008459476315;5.762792566659065;1.7900221230281843;4.23096472176823;3.9786599026713656;2.8956286153473845;4.994658113594262;3.066389679536702;1.0638642987174864;1.5006590178644095;0.38901291606407623;4.09499390790718;0.5083660266761113;-0.5155275568844295;-1.0004058454809028;-0.7722837014083985;
0.11632511177904195;2.036684751421495;-2.5218872576739404;0.21169645003073204;2.778317625278399;3.215751633220806;0.9093678256936909;-0.06018159706562584;6.2458497109776445;6.415088498455554;7.239883089654164;4.468682942561337;0.12437564346837965;5.565700717921679;0.17311130694005922;2.0211177627148165;0.030716379717393466;3.876684441522458;1.3669509659923358;5.792519978615091;4.378200118044725;9.350477770735367;2.98980959715895;5.147514693295566;5.788333631488774;8.844377119555993;4.214219422306194;5.477259643778429;-1.7617750959271445;4.188205986418303;6.507339019813872;8.171046970271334;5.971307136812052;6.804461692247208;7.096309791059441;5.720375499677373;6.7244763669271235;6.423840199466581;6.513729799296105;6.309688593461826;5.0419180040076235;7.132369834876066;3.6006340721344294;5.894063115559473;4.251148231613429;4.837669271911473;2.361516308198087;2.895496507315807;2.550608219191059;1.6959403808834315;0.4293960092404269;
0.05467107856308823;1.9472299097643084;-1.2692142506724604;0.9567754743429678;2.2825868378576373;3.127464034206601;1.0513216850918743;-1.102496245835748;5.852664669516432;7.047429886973845;2.9757841208308164;3.735541491733944;2.610577512862425;7.712329680824729;-0.8206769559219746;4.812686912013427;0.39283054561485914;5.743706897806207;3.8128580981347704;8.939117707174585;6.648835060412359;5.035303576528707;4.678334884656194;4.966306199595558;5.061106208351832;4.214219422306194;7.797496913033253;7.839194148060054;-1.968138845236983;3.6633432691127266;3.7851404952313934;5.489939152138055;6.23687021773616;5.605001205534448;4.506444168354556;5.737719672772748;6.0580121257422865;2.6428073683819933;5.3485622154290695;5.0413847916763155;5.94384062766329;5.072502603110091;6.911255292339227;3.2204142340014252;5.23352146161027;3.312393185620708;3.622544949205689;3.8755279671883764;2.4336176111100234;1.6293339964169573;1.8924824024634561;
-2.1264198649041255;0.37231305240624624;-3.3789484932588607;-0.725455489269252;0.9732360722434434;1.7972639611356185;-0.4674405560850412;-3.0876052560711496;8.132345769267507;8.189649574609426;3.2788702393634623;4.159321902566981;1.530756008763186;9.582053599332554;-1.8976319935068147;4.848648905139381;-0.16495493973446576;6.27747525126145;3.9933942012755685;11.790900835810255;7.9994830958042575;6.873642847580966;6.79305391894597;6.224820345147535;7.654284010983536;5.477259643778429;7.839194148060054;11.865687382246847;-3.3464898238997773;5.18976517618955;4.995235331047887;6.967864941581457;8.651014636948569;7.435129606608243;5.409032418958007;9.134845226408919;9.266755360558378;3.3627325900798875;9.54891634643615;8.559335426930744;8.108546117138951;9.152168953811051;9.847440455170206;5.246362066040618;6.988817532533079;5.556484620102575;5.594173987377702;7.275537059830524;4.783181385023208;3.8781931007673234;4.438001154669283;
7.171009115092477;5.780779029023813;8.789446937690533;5.8165558775309325;5.2259414253431045;4.523831284435902;5.049557932432991;6.65215894441322;0.5390220712628769;-0.05775198781765454;0.7779054011508632;1.0970310262084928;3.763685099394302;-1.2169457069516196;6.263862664177297;2.1707835780653455;5.380069446922872;0.659213620176862;2.7189273372478895;-2.965586294639686;0.08788078789331064;-2.743582739163756;1.6469888105589952;0.01775972855488741;0.6198824201956339;-1.7617750959271445;-1.968138845236983;-3.3464898238997773;7.672244620079025;1.0188915233166391;-2.7392046008265347;-3.5452259252466436;-5.15570425141236;-5.5647833320826745;-3.061503908373498;-4.791093764071017;-4.869162460275146;-4.096462938978532;-7.994781248744961;-7.080697399667551;-6.409146252383768;-6.998302536745504;-6.682107036981706;-7.1919093320048315;-6.880607212430476;-8.053444548765851;-1.5710481281948212;-9.20555462229588;-8.693050508209696;-8.072681232407161;-7.5782888954179155;
2.036862811501839;3.4911102362097677;1.722778589282529;1.3948979561808885;3.5056187549021676;3.715792062281571;2.836161884248893;0.7706653241448645;7.955211473573513;6.326700318849296;4.467377592488682;3.3426571247559473;1.9398188435655572;4.848664996921361;2.6882203785584546;5.847697012333731;3.548124360897092;5.380354718265774;5.580670527314412;5.151445178251146;5.135801334483359;4.501250300636867;6.7197458475163225;4.4267737502591515;7.6002440150547805;4.188205986418303;3.6633432691127266;5.18976517618955;1.0188915233166391;7.681791379399619;2.4848119965917856;3.416740190924565;2.9946577158882213;1.75544627216151;2.1648473819063154;3.3882863003157877;4.7488577410379875;0.8247937639546801;2.075350805092371;1.9668598818004104;1.5915605043172838;2.539396965817523;1.5310085572832417;-0.6269702938164571;0.5006303251023184;-1.250785459887458;3.6508698678137623;-0.6476801804023568;-0.9785732525125486;-1.9292094080989104;-1.2174842674398318;
-1.5524577210944035;0.4716245683030705;-3.7093250173179104;0.1905558911766156;1.0430175610407246;1.1366990554786642;0.4920637562043456;-0.6827989116944629;3.965921920975185;5.9240613711321615;5.077092078153579;5.171635804364684;-0.21460770880252095;4.447736051528077;-1.1073018161147363;0.2827021983000399;-1.7463674943376826;2.844484758468804;-0.515020349904601;5.730778779467062;4.168581540946484;7.111780720097376;1.983580130050652;6.086762264798924;3.8966494897856205;6.507339019813872;3.7851404952313934;4.995235331047887;-2.7392046008265347;2.4848119965917856;9.561681231582993;8.84805578865962;7.724049942618913;6.623795247492283;9.175605504639387;5.676595891272715;6.00109067982981;7.601811787546758;7.825388478985566;6.3760814020674275;7.909880487755278;8.214367602252258;4.85560891129983;7.2527508420236915;5.251117881098813;6.597355917615281;1.320862791113018;5.525211430313069;5.111591981682269;3.636928242598581;2.1301130266984227;
-2.2356284768911805;0.02598026530516953;-4.881895466448784;-0.2664191524717148;1.38255522918039;2.089714084265664;0.297310533140792;-1.2846997492505776;5.668483109659747;7.263164070081393;5.885300517030349;5.039079234143881;-0.041714377513299386;6.893275230451179;-1.851377320388611;0.4828706196277079;-1.7751385273085771;4.384012851583689;-0.3402387277687061;7.841857273240268;5.988388984238917;9.019139650798168;2.704663388852984;5.964085565518585;5.490997250046061;8.171046970271334;5.489939152138055;6.967864941581457;-3.5452259252466436;3.416740190924565;8.84805578865962;11.769300127292112;9.725223485792265;8.196484296188407;9.775198102218948;6.92544931263959;6.619782203235471;8.445144987650318;9.631656875970796;8.052072396878858;8.801281117166495;10.311898993264466;5.990973088204724;9.080677355978057;6.701048351060789;8.231390407079166;2.271123732915464;6.544586256589616;5.957486164275385;4.284965942223907;2.457403320449746;
-4.492072703943448;-2.3754117500951337;-6.219155343845954;-3.0380205276464496;-1.8993536696719548;-0.7208944789588992;-0.8915914925434806;-4.497661971920716;5.2379291457269925;6.317972105756913;3.662321206665595;2.905013385955256;-1.2056700582629736;7.093994127439249;-3.511285434195208;0.23977532083486247;-2.8149467026909534;4.867130911568844;-0.7592386634029967;9.401263949315313;6.451914670937806;7.539917614256749;2.8190355628507073;5.574666790906667;4.7541084775080815;5.971307136812052;6.23687021773616;8.651014636948569;-5.15570425141236;2.9946577158882213;7.724049942618913;9.725223485792265;12.339593530954216;8.894214198298654;8.734838189283856;8.606507885730027;7.662154385964078;8.344861869185698;12.12157205870205;9.17198433272687;10.71136683107971;11.963853645174565;9.216938104127305;9.758515936170369;8.533035542693085;9.564920657189143;3.247956681707314;10.254380715165134;8.51484360238478;6.203648855667084;5.461438649164317;
-4.203278608440961;-1.9262288754725374;-6.4146535864828005;-3.683724913209999;-1.5595096690348442;-1.2122382638917024;-2.6525851548265664;-4.905474548707359;4.121886674297348;5.126119303431654;3.4981869354124293;2.3262819356547166;-1.8495633805951206;5.9200243629497145;-3.9644941512325724;1.3360711004355055;-3.9529491608454985;2.931266881421893;0.21390588307299357;8.063744100350135;3.4222447727480696;8.483580807181834;0.730185364080388;3.9024795443462326;3.2916278135817008;6.804461692247208;5.605001205534448;7.435129606608243;-5.5647833320826745;1.75544627216151;6.623795247492283;8.196484296188407;8.894214198298654;11.676553283041219;7.425834401222947;9.137013716093866;10.152713446438716;8.02143688649484;12.136775934780415;10.976963701524868;9.667778941550676;10.969192203749978;9.569338737041498;10.696149436187707;9.791352348174062;10.789552152929602;3.316225402773846;9.771606955821952;8.376559397031413;7.309923446224062;5.7698725935348385;
-1.7076465045370728;0.24847933848742426;-4.252466131177638;0.3169666896610988;1.6672492178238842;1.9897641278116704;0.6123845863295245;-0.6994229413926328;4.179517148682399;6.476281409204751;5.5953783334067175;5.025017407819767;0.2811630025641428;5.364518144775398;-1.4395827159789754;0.1485264303922494;-1.9604204671600782;3.6209453303898345;-0.7163701190563697;6.481301077937033;5.308974587414263;7.871181941319088;1.8979558686853617;6.108312109936474;4.022005685056995;7.096309791059441;4.506444168354556;5.409032418958007;-3.061503908373498;2.1648473819063154;9.175605504639387;9.775198102218948;8.734838189283856;7.425834401222947;10.698603507343066;5.452303782203055;5.297938564721751;8.924468758456248;7.734914075813989;6.192857306915374;8.281694002410587;8.27196590903865;4.920855611573773;8.583752602287236;5.467402006144406;7.816208347152868;1.2353792650471762;5.429143768947637;4.975021900646028;3.486319359947483;1.7237082121228204;
-3.8409451982804557;-1.4499492215559304;-5.254539011636687;-3.3696140235915455;-1.8006307132537347;-1.3176126238955173;-2.1083043937486647;-4.844813854568038;5.67175276355771;5.421670858651402;2.9189993203822575;2.5647381992371727;-1.2967495195142629;6.76646365455417;-3.236995990207947;2.380295850222154;-2.3234305886390545;3.761333147342945;1.4135708283179842;9.096314418945969;4.4407166430663345;7.28872687402993;3.4241859057560653;4.626329426218795;4.858008459476315;5.720375499677373;5.737719672772748;9.134845226408919;-4.791093764071017;3.3882863003157877;5.676595891272715;6.92544931263959;8.606507885730027;9.137013716093866;5.452303782203055;10.092681509212703;10.216596469260352;5.363880030429025;11.564638778487819;10.309148698085888;8.83045510947866;10.63488531526042;9.987274716174678;7.715529192868047;8.500195892081022;7.911488691084086;4.678648948339357;9.338367410635788;7.160840376165046;6.051954390450089;6.131366555945356;
-3.6974092657888464;-0.9494448605349242;-5.2262543702645194;-3.6395414300442193;-1.1727186890700294;-1.0960430217836865;-2.2829808979938293;-4.940310723101414;6.630906921822759;6.2709450807125595;3.5328490606327403;2.94143436995209;-1.3503990039970162;6.344016513945219;-2.701768673703749;4.60898080127746;-2.2944313264241516;3.8191654256824736;3.5017863251541197;8.93888648605017;3.9032000039196246;8.291249153498761;3.597662580591176;4.81219406236121;5.762792566659065;6.7244763669271235;6.0580121257422865;9.266755360558378;-4.869162460275146;4.7488577410379875;6.00109067982981;6.619782203235471;7.662154385964078;10.152713446438716;5.297938564721751;10.216596469260352;13.498460704128886;5.0734467993430785;11.28482126227081;11.126798008634974;8.75306517942169;10.134317205773286;9.963353324711798;7.347807505141907;8.616853560639838;7.532716875225796;5.2154582242745695;8.649403015676436;7.0250344059182614;5.970558431253451;5.730267185350679;
-3.2528120113057315;-1.813455541343403;-5.64958646474326;-2.7117790063204605;-1.3924017399910564;-0.7109407905519557;-0.9079828510304959;-2.7854203167141045;2.2241892498055638;3.183316970674326;4.642642172890566;2.056700897080256;-2.513480405886154;3.055845644437307;-2.460363362496153;-2.171450909731671;-3.2781277291304454;1.8120538178105718;-2.845752996978953;3.8983177059083256;2.407029259714341;7.4025593219118715;-0.7334267983579957;3.344932010015059;1.7900221230281843;6.423840199466581;2.6428073683819933;3.3627325900798875;-4.096462938978532;0.8247937639546801;7.601811787546758;8.445144987650318;8.344861869185698;8.02143688649484;8.924468758456248;5.363880030429025;5.0734467993430785;10.578980219014781;8.927216958642989;6.901650764195772;7.577679131451886;8.937835496498757;4.396620054899843;10.505931422641423;6.532809679726735;9.755335401329923;0.6817006749624076;6.887679703853447;6.970327082529841;5.1614593634145916;2.915480779059453;
-8.363938570359139;-5.788922393253889;-10.062473055478309;-6.901602130632155;-5.274732924209509;-4.317872081841419;-4.897715352360093;-8.065150501067142;4.422217044685262;4.435047406519833;2.2365572557776146;1.113162808502457;-4.353965880657783;6.508518026469643;-6.329044389483365;-1.5144608977548641;-5.831916648023055;2.517467850055193;-2.2483901356227998;9.56428487188242;3.848265965445577;8.6744991165899;0.5562187851457367;3.815345657262236;4.23096472176823;6.513729799296105;5.3485622154290695;9.54891634643615;-7.994781248744961;2.075350805092371;7.825388478985566;9.631656875970796;12.12157205870205;12.136775934780415;7.734914075813989;11.564638778487819;11.28482126227081;8.927216958642989;18.755452730131537;15.29023148375997;12.0781550350372;17.214080448089682;12.519784524727475;13.748544054979593;12.721766068907511;14.288400145727044;4.077521702472739;16.008543596840116;13.82082745588563;11.931331816805878;10.469207803389953;
-6.935666808868267;-4.472488319138081;-8.73395150868858;-5.71152972880122;-3.821398316684755;-3.3569510952749217;-4.53295834572557;-6.803575581818349;4.150092560271918;4.257556449702343;2.193360465651962;1.383950510881223;-3.482281649979732;5.684731588869425;-5.42727146106438;-0.052679268357093925;-5.136969460166622;2.010551254173609;-0.7285886895327952;8.227518114366633;2.9052560222019084;7.991926664308524;0.5745312914539221;3.3418888610336728;3.9786599026713656;6.309688593461826;5.0413847916763155;8.559335426930744;-7.080697399667551;1.9668598818004104;6.3760814020674275;8.052072396878858;9.17198433272687;10.976963701524868;6.192857306915374;10.309148698085888;11.126798008634974;6.901650764195772;15.29023148375997;14.2432878238294;9.925808603049084;13.898835144123593;11.182193326623356;11.514982332752146;11.10450721893431;12.101324718466236;4.071302628740269;13.065057371918947;11.341282234475639;10.573668338739672;9.082894790506467;
-5.796295168933044;-3.299789872146433;-7.623206445542329;-3.641863330994274;-2.893044269969925;-2.0850036541457886;-2.680418392207171;-5.364837144041875;3.336757075846971;5.381881032400239;2.1936508625182745;3.029700632415914;-1.5698489925313868;5.695547023686262;-4.814832601508788;0.24205543012680586;-4.2795034804176;2.8515558949526656;-0.9046583482136485;8.729786170552845;4.44485203668761;6.63600247925869;1.749264202927172;4.677767083218094;2.8956286153473845;5.0419180040076235;5.94384062766329;8.108546117138951;-6.409146252383768;1.5915605043172838;7.909880487755278;8.801281117166495;10.71136683107971;9.667778941550676;8.281694002410587;8.83045510947866;8.75306517942169;7.577679131451886;12.0781550350372;9.925808603049084;12.767117712108252;11.139241886986131;10.685978381266413;10.134736431232048;9.827491233479316;10.666019290381298;3.0104937608313924;11.843124178728901;10.316245513847218;8.093832067907288;7.455404293915736;
-7.346874064628517;-4.891317902508642;-9.140084366269427;-5.6144175743020375;-3.932941231527475;-2.958519168060455;-3.805519217542808;-6.588097350076476;4.950969120765683;5.107077924021923;3.1835921784821095;1.9179276663396028;-3.563369861836096;6.668840663415084;-5.357177212452587;-1.5033259740201115;-4.859290748842301;3.0083931999276032;-2.12517855918051;9.201358550532193;4.577549861208232;8.99131766056416;1.1611635967624807;4.462691319946946;4.994658113594262;7.132369834876066;5.072502603110091;9.152168953811051;-6.998302536745504;2.539396965817523;8.214367602252258;10.311898993264466;11.963853645174565;10.969192203749978;8.27196590903865;10.63488531526042;10.134317205773286;8.937835496498757;17.214080448089682;13.898835144123593;11.139241886986131;16.737084979237984;10.920884584382424;12.840797138390492;11.044366008859944;12.885340465681177;3.643306451580111;14.019651788849382;12.1336617691514;10.297213985984444;8.701478438801615;
