197
1.4361036976315442;1.7722247140379952;1.8286892187340513;1.6318979539660403;1.2841079534623705;1.6768386334052077;1.5849651266481628;0.9005487025722847;1.6910481814767466;1.5867422956436652;1.680431004969056;0.71451631303367;1.6240550675494465;1.6158754983838635;1.5910701000275287;0.7730536210626087;0.872112591033945;1.635496546901838;0.9161017588018476;1.3980555138483957;1.4506403167008568;1.045862897875756;0.20271798778261937;0.6458218203100659;1.2728845303507461;0.4873448513602183;0.799217037559655;0.917675436267457;0.6885639081031728;0.7869801631038124;0.5243165230474671;0.6517649168298325;0.6290413562646243;0.6960145900622691;0.6500161208125889;0.6770983150599644;0.4388077837593859;0.5706392611868882;0.6378153031690407;0.02290558132022333;-0.14791265975679693;0.2533304407587157;0.6505237020424618;0.54679695094666;0.2212604454775939;-0.18477979298326405;0.6144794567812895;-0.25832792678466493;-0.572169353263472;0.5383180717207462;-0.8182327716706699;-0.4465562867868177;-0.5601482431766347;-0.19970375205461957;-0.19440240755243635;-0.7271857346812894;-0.7849472873932083;-0.32336019195666993;-0.8711257804743754;-0.8744696058158936;-0.947825489254924;-0.7831505977966958;-0.5025190007198934;-1.3078651393002743;-1.2523670149956045;0.07280296222952284;
1.7722247140379952;2.917409141470593;3.0371834474861097;2.80059415689429;1.640792875333016;2.5025794497828584;2.2430334685771567;1.3373272447720264;2.5053234132374427;2.4652985808898635;2.448647238768524;1.0254792076372734;2.4058892419271825;2.3762269264018983;2.280500351204762;1.2435922851503396;1.1271556095274766;2.4720974880188438;1.631468704954665;1.9512089717390722;2.0812479091924874;1.846263234372264;-0.13571317381983777;0.9600828141873451;2.0979144364774407;0.7430423052076803;1.5425339664950406;1.663484096232005;1.2495154272479791;1.5135322754517866;1.2178212233418277;1.3743380914124317;1.387617166911574;1.4756651024247913;1.3669448001026951;1.3728488000831223;1.0692787733202487;1.3128161034059542;1.2919241463852895;-0.2495576091769086;-0.6535262457115538;0.7519183246399748;1.350471408084416;1.2777703968994516;0.7703837091601066;-0.72109741133938;1.4498768202404366;-0.2938258880128626;-1.2965213622932397;1.2452883450574415;-1.5803639698242749;-0.49949796627219795;-1.2071354162123962;0.06002501492183752;0.06947225459963963;-1.4432771133524367;-1.527764195467858;-0.14658590912727437;-1.4208573333294263;-1.7156541862153656;-1.8354635913858317;-1.0261627614423299;-0.6600322989633655;-2.2404067466382034;-2.0919790001629295;0.41446896416835;
1.8286892187340513;3.0371834474861097;3.202023519396882;2.939494613630105;1.7113146441188467;2.6198699225504223;2.347944908482428;1.4110076537577465;2.667700759745582;2.6110347024843708;2.594258493613772;1.0283734931452586;2.534133002981173;2.5092966382730166;2.417860689945386;1.2890215302255992;1.193762225810229;2.627351004735574;1.71096726257535;2.070506489895289;2.2264772119791263;1.8880598525543606;-0.17827541701362426;1.0154212370595481;2.2028027518335835;0.7744134120121986;1.5401855234835944;1.689197481088949;1.366309432304203;1.6318776565861324;1.2553866848467254;1.5381396935856857;1.547570175503264;1.6309072438820815;1.5270151041770454;1.5311789317097815;1.0552700727295123;1.4598853433524572;1.442737190527107;-0.27620367340991364;-0.7156978488954673;0.7398936234212541;1.461400716412838;1.4243411905904826;0.738749963373934;-0.7848480353921933;1.5488030156296346;-0.3617242137583704;-1.372658095097614;1.3236993110195832;-1.6740676751202581;-0.5723305045870201;-1.2843426008610406;-0.010660005543376063;0.002301197903604158;-1.529473938372635;-1.6178179862964215;-0.22150841687225917;-1.499509452591736;-1.8110788410243448;-1.9371515319006751;-1.117710209893701;-0.7052309992863448;-2.3474690871599693;-2.1921101166477097;0.4641903977354974;
1.6318979539660403;2.80059415689429;2.939494613630105;2.9085957095296875;1.5763442148748779;2.4018314773651372;2.0390939741397407;1.4258813782737974;2.415392486147467;2.5693431130960973;2.260760729582818;1.2320323695978075;2.204573454336539;2.1499327808348134;2.0365964241149084;1.3764637453652795;1.0689102150221819;2.3488222156372593;1.7719757514756804;1.7449037304584316;1.904911777918102;2.083896301026888;-0.13113685412629938;1.1345015931562397;2.3312413704784665;0.9483653189815587;1.8669073534966742;2.0072684653389596;1.1927495509621622;1.5335578228297053;1.4472939112733803;1.3829419080085483;1.4284295391514112;1.5031175492506654;1.3796878699254362;1.3533287375310252;1.3356159821570108;1.3926753512843653;1.2788288624756854;-0.18459354933473113;-0.6827234817385741;1.0238846998122035;1.3949516907616706;1.3584160693833862;1.0654008811771478;-0.7406974399129548;1.5676332073415085;-0.0710773633690963;-1.2985336811420918;1.3250028845944677;-1.4934867413128075;-0.2950167854734163;-1.1558151908868322;0.3466395946122995;0.3456271166868833;-1.3945114060625072;-1.493016692887137;0.10899101509619291;-1.297058755769589;-1.7009574658930768;-1.8395986103363404;-0.86078968255036;-0.5228744760700766;-2.2237128865253757;-2.062803818746569;0.46178367362219785;
1.2841079534623705;1.640792875333016;1.7113146441188467;1.5763442148748779;2.1358098656718902;2.7047930491803753;2.541379405937511;0.8489252278971473;2.861574804505761;2.5750910972840066;2.8021596521648324;1.2161980602249896;2.678607258608661;2.6128262662574118;2.5265502004754166;0.9584194442201728;0.9527080429511667;2.6785134063554863;0.8327885088474569;2.3082089815348144;2.468119516168427;1.6431999221647315;0.16070356736314215;0.733920617810802;2.225297012070762;0.5239317561423453;1.367395104297035;1.636654190572629;0.4609362851914822;0.8099325349675641;0.530232094265599;0.4830746872745026;0.48577699236012695;0.6415592853121929;0.47479799360723346;0.5149514764431067;0.756695787199843;0.503857089270335;0.4524685448898782;0.049210274530329924;-0.4139909816616092;0.5060452266528529;0.7562786398316144;0.49860059281302027;0.4575313367342184;-0.380780780486208;0.8602641969611322;-0.09066032359100516;-0.8370645865345838;0.8903528394817619;-1.01575475378899;-0.5164548860565484;-0.7993593963890963;0.036775797743857835;0.03477713533330956;-1.0273266031401322;-1.1161750800903765;-0.1368784312089899;-1.070862621356873;-1.1423571463243198;-1.3078877004782286;-0.8334367849959137;-0.5639356782373204;-1.6102495386381785;-1.5137702394701873;0.11808613165343144;
1.6768386334052077;2.5025794497828584;2.6198699225504223;2.4018314773651372;2.7047930491803753;4.0739973611758264;3.6713773819785507;1.05252421010796;4.279108528535896;3.8777845742186225;4.079227842622568;1.526872568038761;3.958450832325509;3.849825714544164;3.634093197439781;1.4276796211380562;1.2223852802584376;4.0306713164634544;1.263444761356736;3.263721938189087;3.563411713949024;2.513656905666179;-0.1790684773476599;0.8825855571178479;3.4142841974668965;0.5434592194171116;2.095148960953335;2.5236454587117922;0.9981520219278325;1.4476612952647412;0.9189120563250759;1.17551454287931;1.193996224605482;1.4000607451725335;1.1579155047474876;1.184140974746005;1.211086111315802;1.208216393383873;1.0686086524311371;-0.30505780876874655;-0.9279822375043143;0.8424421346900406;1.4165109107169334;1.2036199541154773;0.7706259461596295;-0.9045220216503914;1.6897275786101023;-0.24821116844061922;-1.585538303350219;1.634716493978894;-1.8716689830987618;-0.823276196968883;-1.506033833264767;0.18882341564165986;0.1974474199267767;-1.8177079377041017;-1.9309765987598277;-0.06086918217076134;-1.7788592176795182;-2.018533754671015;-2.2366598786888674;-1.2545846855934721;-0.8369272883800153;-2.584849962740675;-2.394199684271914;0.45662385744363965;
1.5849651266481628;2.2430334685771567;2.347944908482428;2.0390939741397407;2.541379405937511;3.6713773819785507;3.6706443523169643;0.8672167738411879;3.9631900611588686;3.3190713843733857;3.979534421248272;1.1107623495472283;3.805746088260152;3.8336552130122503;3.7438035953706366;1.1225825170291164;1.2293543032147312;3.7385833801830333;0.983574655110721;3.4112193576917247;3.6104350575774027;1.9603457838885534;-0.15806491343219786;0.6728505523449544;2.758047812419868;0.3324919526692336;1.4735625113747004;1.8445925797938374;1.06822723698065;1.2762879503998223;0.5836661624405227;1.1772898541241927;1.1409412486526445;1.3380263032466595;1.1503021972547465;1.2058344537351018;0.7371626635550407;1.0905386061514621;1.0859913934557412;-0.320620951328924;-0.8073996118392945;0.4277109501758122;1.27828425563168;1.0863543268065432;0.32652833544658894;-0.7871964392578173;1.393485256663031;-0.5210484118303861;-1.4570977766313653;1.3862422819438682;-1.7977925087472277;-1.024150161744665;-1.3957643958223291;-0.2230768405888026;-0.20328501275046706;-1.679672469686032;-1.7785285332445484;-0.4186793117212282;-1.7685034988793549;-1.8527490223813043;-2.040761390572359;-1.386838352058442;-0.9437997118003049;-2.419966859961503;-2.268730792734274;0.3666731024787919;
0.9005487025722847;1.3373272447720264;1.4110076537577465;1.4258813782737974;0.8489252278971473;1.05252421010796;0.8672167738411879;1.5993107700105789;1.0816130056212694;1.2823155479206758;0.9840399179077209;0.7962735769256498;0.9456084432817664;0.9175837018666857;0.8703404989803604;0.7304946503029539;1.0564780476732796;1.081247229206812;1.2088291024577615;0.7125949087860203;0.7932782028967108;1.0272244680182183;0.3598561077859036;1.5343605019306683;1.0655304412162692;1.473270074009908;0.9213088798717259;1.0121445207457158;0.6682623609151367;0.8600948580129388;0.8779535527116658;0.8355639489118374;0.830273188406878;0.7922032758896549;0.8457165056130562;0.8052936107901777;0.6127473846380713;0.7676780147295583;0.8209026027977968;0.3827906159228832;-0.0038472132060153215;0.4868816054854215;0.5661883714536903;0.7616773324807008;0.46744839688603074;-0.019574791475680225;0.6212069829275535;0.08299915762432498;-0.35015158909763966;0.40515816462226906;-0.4464335917006497;-0.0021297887789137222;-0.20080762742282743;-0.036973565827903496;-0.045498272599817195;-0.37684646186155346;-0.46096479994195955;-0.17800117160964984;-0.28348542599212195;-0.6061099238055333;-0.7192431890063806;-0.3906509423905227;-0.13041361752253305;-1.0449921228366292;-0.9861558997729798;0.08037127910338579;
1.6910481814767466;2.5053234132374427;2.667700759745582;2.415392486147467;2.861574804505761;4.279108528535896;3.9631900611588686;1.0816130056212694;4.748081795052078;4.145170204717148;4.521101647409145;1.515339868572706;4.337883087243134;4.261427041633925;4.03807361943807;1.4395459564640047;1.3001234975278577;4.452542690522128;1.2807385232852488;3.6418928169585505;4.050456033486363;2.532322010316196;-0.3124307435418779;0.9160327504192592;3.5745394930680785;0.53999523821601;2.0590872695440297;2.5465500107152534;1.1631356812869844;1.6001689343073402;0.9168925329893705;1.4499958818085732;1.4586237162096802;1.6583857966445932;1.4210419345577716;1.4517824154480914;1.1706876209244368;1.4595610285827156;1.3124927336524668;-0.3743383384634317;-1.0963099105356648;0.8135747882057309;1.6235886796848122;1.4613881273925888;0.7141823870253299;-1.0699328608710355;1.8864164247468278;-0.35818986770814676;-1.7937554681569285;1.8254267136490814;-2.0787739276167048;-0.9609383456428983;-1.6996713645647963;0.08494323351987787;0.10044170641297961;-2.027237992190827;-2.146606045118893;-0.16831789379170556;-1.9309343265013204;-2.238700652674276;-2.4734199343126235;-1.3987228586204976;-0.9261375355152742;-2.8055024300741533;-2.588954857670447;0.5618668648385126;
1.5867422956436652;2.4652985808898635;2.6110347024843708;2.5693431130960973;2.5750910972840066;3.8777845742186225;3.3190713843733857;1.2823155479206758;4.145170204717148;4.129994231604958;3.7616551549515056;1.8617576981530903;3.6120539953980613;3.4796083592942986;3.2354650720742533;1.6610737727734466;1.193598857311493;3.836338199881613;1.5184686525898883;2.9212072547756898;3.2965172522561628;2.8743666673524206;-0.114169765835279;1.2069987647057814;3.8108969589401487;0.8990877710708929;2.601548695587681;3.097036747604334;1.0254722591796601;1.5432014790209285;1.2463583224646098;1.3042903331324776;1.3533914961608577;1.522062196401264;1.2931797479678988;1.2797260907070402;1.5825784755524173;1.396164953180985;1.1752983637850964;-0.1774359431009695;-0.9116575581605181;1.221997153792325;1.5104512545434723;1.3932536217258176;1.1793801843030358;-0.887209009050127;1.881099185243812;0.06999145729204571;-1.5846484041277453;1.7154609317611473;-1.7634927116120922;-0.5514041397520666;-1.4201615574161324;0.5913789724462791;0.5851902274612132;-1.7469388933328125;-1.8776659270586198;0.29187760396590884;-1.6313717436811424;-2.0155589994961223;-2.2550767046229447;-1.051589057962777;-0.6384979554811219;-2.598664608477401;-2.384140684178309;0.5439510196341167;
1.680431004969056;2.448647238768524;2.594258493613772;2.260760729582818;2.8021596521648324;4.079227842622568;3.979534421248272;0.9840399179077209;4.521101647409145;3.7616551549515056;4.529953919191249;1.2482512435179847;4.350534846307996;4.32091230638712;4.166568065986627;1.2492709482522593;1.3170471409947515;4.314715785106732;1.1457417010816853;3.735769942862222;4.059038121457642;2.1956756696790953;-0.32978709392078653;0.7820323749572032;3.1198245942161424;0.40896213768951795;1.6598515092795527;2.078773259266944;1.1984929567042233;1.5144696081623457;0.7418431088398985;1.430046825617254;1.4109294963076904;1.6156121054782884;1.39588398178635;1.4458766942806607;0.9106743463412642;1.370850259649502;1.3042973779438174;-0.3978629835990049;-1.0703193267209143;0.5523031918442792;1.5391157460914218;1.3714842312240305;0.4615343146898274;-1.0493865360398125;1.7082642733521975;-0.5433534598795077;-1.7420503299083754;1.6862634409351422;-2.060928283292985;-1.0657161478338217;-1.680566879842645;-0.19074519442921353;-0.1684432695460355;-1.9887743925341979;-2.097605690957562;-0.40878684808398486;-1.9225439327683107;-2.1720721152649802;-2.3878618275028436;-1.4664220644723713;-1.00723105046598;-2.7242264768647657;-2.5319274654687822;0.5006255036081471;
0.71451631303367;1.0254792076372734;1.0283734931452586;1.2320323695978075;1.2161980602249896;1.526872568038761;1.1107623495472283;0.7962735769256498;1.515339868572706;1.8617576981530903;1.2482512435179847;1.6359303224338175;1.225165394990879;1.1014269947104012;0.9425251308104926;0.9784291629711067;0.4459879591290153;1.3642697690577714;0.8697713181002232;0.8614847936976199;1.0234692255166749;1.7475683309371575;0.33971648311155855;0.8786574628784369;2.0393706699287053;0.8890312482472126;1.9811797192116398;2.149062365331329;-0.07899599805931978;0.43776850592514216;0.8832201791167819;-0.05537509220895384;0.014284160616283813;0.10726907736847206;-0.03878392962479677;-0.059752867412081315;1.4255047643301675;0.11501275358403035;-0.06316099198919325;0.3691086081669393;-0.14812067454996447;1.1290456377703506;0.38293565304405597;0.10927547017136527;1.3091615258579292;-0.11193297292774612;0.6378709996593761;0.8345775715879089;-0.40988235217450775;0.6178157084167059;-0.2826870470538172;0.4316095766341322;-0.2537925197757361;1.073387500840442;1.0217344521105736;-0.4303805802753756;-0.5230231009667615;0.8590023434811831;-0.28382467358871577;-0.6210519847787563;-0.7726726164951115;0.1015803866595532;0.06986768419024361;-0.995308999921198;-0.8925946696703807;0.03789470409776641;
1.6240550675494465;2.4058892419271825;2.534133002981173;2.204573454336539;2.678607258608661;3.958450832325509;3.805746088260152;0.9456084432817664;4.337883087243134;3.6120539953980613;4.350534846307996;1.225165394990879;4.280059733789917;4.198681208356932;3.982061559202996;1.214694883130071;1.2320544217930096;4.233610574142846;1.1566432198444823;3.529245767365749;3.864375097466118;2.1444220283827717;-0.3553304220962944;0.7374163860726245;3.0156917223951365;0.3885098206931423;1.6510174804924267;2.044073575298554;1.0695598920677867;1.4912684617717622;0.780244901997188;1.289390490430031;1.2799751006715232;1.480931423085315;1.2603052877708025;1.309205389974279;0.9628111696981119;1.2528428431300205;1.1750775540095382;-0.38424196753504064;-1.0662444427363102;0.5907962358182335;1.4901436144483706;1.252252034139244;0.5264647801376194;-1.0505625975854973;1.6707694177405832;-0.47646495925706134;-1.7090964058850044;1.6675141637911373;-2.014875896387878;-0.9666893722745789;-1.6563837224771574;-0.11174393793970575;-0.09112371962028373;-1.9540470742245846;-2.057256987485508;-0.32569386229787756;-1.8487385566314773;-2.131047651609838;-2.3390561525557407;-1.3627100108799637;-0.9612632326148378;-2.652851460646132;-2.456271942265253;0.47833297908717776;
1.6158754983838635;2.3762269264018983;2.5092966382730166;2.1499327808348134;2.6128262662574118;3.849825714544164;3.8336552130122503;0.9175837018666857;4.261427041633925;3.4796083592942986;4.32091230638712;1.1014269947104012;4.198681208356932;4.247268013015257;4.079630354604554;1.1466115315821825;1.2636339388348834;4.125994713828749;1.1061285134959546;3.642463057605919;3.9598358798531588;2.007685635417127;-0.36364195259461407;0.69900057013832;2.8569388766079253;0.3419993622753657;1.4874460962830964;1.871228165508137;1.1631332587494516;1.4890177512062435;0.6901442048463402;1.3854737094666498;1.346832833931488;1.5419871354863808;1.3498346270797767;1.4106708968252892;0.8268883012217157;1.2837193278897665;1.2692342769758118;-0.41602161300753304;-1.0545662807299394;0.4716738825753149;1.4943383297062385;1.283816032371198;0.3917428434748783;-1.0415438520912788;1.6166055295797879;-0.5827090699883;-1.702120969780442;1.624744476557924;-2.038613955303402;-1.0583981645343443;-1.6549889607776922;-0.2485329841203854;-0.22377434144873098;-1.9490920167857875;-2.0498748271641625;-0.4505893238204015;-1.8927220016055122;-2.125556977543869;-2.325696558405476;-1.4443924051409087;-1.0133865513998679;-2.6646234854654822;-2.4764199440090815;0.4757052924534568;
1.5910701000275287;2.280500351204762;2.417860689945386;2.0365964241149084;2.5265502004754166;3.634093197439781;3.7438035953706366;0.8703404989803604;4.03807361943807;3.2354650720742533;4.166568065986627;0.9425251308104926;3.982061559202996;4.079630354604554;4.03737857222681;1.0408543408656292;1.275246146049375;3.8728935151493693;0.9929832896458427;3.6520032062786068;3.88688119894032;1.7828445293835482;-0.30653571719389333;0.6442251926451017;2.588022425596071;0.28669899738925886;1.2344606703807766;1.5944960664044727;1.2124487331931117;1.381481215180173;0.543640597232949;1.392986734130127;1.328512196812345;1.5189445951956446;1.350415052569675;1.4306209602913307;0.6093128213061321;1.2393730958337517;1.2862938176109089;-0.4017168960565027;-0.9590824022454572;0.2883944465966395;1.4139219880077105;1.238677885117015;0.1860573211609135;-0.9468261220534059;1.4504193042935996;-0.6967568858372537;-1.5886461241521876;1.4600494145390712;-1.9527269009284927;-1.1450328779244128;-1.5582394777828221;-0.43285887043710713;-0.4043904704115177;-1.839081232228599;-1.934326444749782;-0.6125670853674918;-1.8541360085056544;-1.9985726138229902;-2.1839002249594213;-1.5033938223776855;-1.0396671901229895;-2.5413668426438845;-2.379219704351392;0.42320727159257354;
0.7730536210626087;1.2435922851503396;1.2890215302255992;1.3764637453652795;0.9584194442201728;1.4276796211380562;1.1225825170291164;0.7304946503029539;1.4395459564640047;1.6610737727734466;1.2492709482522593;0.9784291629711067;1.214694883130071;1.1466115315821825;1.0408543408656292;1.1917560290911873;0.4784776347457411;1.336208894594883;0.9687439060882036;0.9181692918014724;1.0419502534205227;1.4645478748253251;0.05761340483750764;0.727610994004579;1.6254773494850054;0.6701434637233757;1.4851111650631263;1.5952009288463906;0.4805239794854366;0.7182123512905837;0.9404181098587104;0.6105777522352234;0.7041886405371676;0.7571077381239749;0.6154394540195482;0.5648875449853809;1.137615900073152;0.7898353069084821;0.5271156846142793;0.03847935642903553;-0.2789312943306042;0.9258702139860455;0.7035496088130507;0.7730449561717869;1.0187768081302075;-0.3040151868163149;0.9226422480806145;0.2905215710335535;-0.6292849829753709;0.744817314803005;-0.5388864235121067;0.051207680747756334;-0.4735520044404874;0.7431793782764922;0.7229153487132487;-0.6013072117636142;-0.6564954332660558;0.5600126298528935;-0.6162699949328327;-0.874577431742142;-0.9332050659961016;-0.2788226637764062;-0.0574324829091422;-1.2162049347626347;-1.1354811119055281;0.2470701342889695;
0.872112591033945;1.1271556095274766;1.193762225810229;1.0689102150221819;0.9527080429511667;1.2223852802584376;1.2293543032147312;1.0564780476732796;1.3001234975278577;1.193598857311493;1.3170471409947515;0.4459879591290153;1.2320544217930096;1.2636339388348834;1.275246146049375;0.4784776347457411;1.1824129971312494;1.2666518899542694;0.7013980161203149;1.121002470100782;1.1461191769813606;0.7041907279409035;0.35683572224478666;0.9993405505217974;0.8603802871308579;0.8311500127724821;0.4393813901744466;0.5713073187000558;0.7887698322617771;0.6560587216046551;0.34135728778310137;0.8214881021397462;0.7754266911003097;0.788930639580711;0.8278024824336498;0.8146366308543399;0.11668610671473602;0.6868173176444975;0.8220883818871828;0.2092351605120051;0.09309677067191374;0.020124447552720748;0.47354435811157874;0.6814678378609694;-0.06875619805282775;0.08709283891681222;0.4849489903548021;-0.3305818172414921;-0.31342568636762447;0.3125887723078579;-0.590663116934015;-0.5008278814691774;-0.22464814019935508;-0.505352146980787;-0.49988214167996436;-0.387123212381802;-0.4532632403634367;-0.6015150656440157;-0.5615108003856903;-0.5564135018370205;-0.6410606098431574;-0.7475026385336294;-0.4097870189140204;-1.0181462562332335;-0.9953078848892177;0.0354149869448528;
1.635496546901838;2.4720974880188438;2.627351004735574;2.3488222156372593;2.6785134063554863;4.0306713164634544;3.7385833801830333;1.081247229206812;4.452542690522128;3.836338199881613;4.314715785106732;1.3642697690577714;4.233610574142846;4.125994713828749;3.8728935151493693;1.336208894594883;1.2666518899542694;4.317881505700966;1.3057605417332796;3.4259869791672766;3.818318079519597;2.317049601353447;-0.3438698545738019;0.891703005700046;3.2594046599411315;0.5381119552757666;1.847280951607299;2.2810809212071623;1.1261251752953503;1.6100438300841784;0.9326171857934773;1.4042123361288072;1.4114728559993555;1.5954663873103403;1.3781189514762544;1.4084589964078988;1.1096720120849595;1.4029463306435375;1.2768378204392594;-0.34548786950807603;-1.0795719515667053;0.7356288849651877;1.5845600920463196;1.4027785029584563;0.6711051511374113;-1.0644608529461832;1.8178149876919694;-0.3906750573876139;-1.7444939768426346;1.7627435252161323;-2.0339897819167714;-0.9026207771943349;-1.667828346850671;0.00312041952580195;0.020237417799466827;-1.978162902898969;-2.089446266819451;-0.2324657477407716;-1.8363633222466451;-2.181054986448696;-2.400206943095639;-1.3343880704405584;-0.9110384625226957;-2.717698947352497;-2.506270144361724;0.536088086034208;
0.9161017588018476;1.631468704954665;1.71096726257535;1.7719757514756804;0.8327885088474569;1.263444761356736;0.983574655110721;1.2088291024577615;1.2807385232852488;1.5184686525898883;1.1457417010816853;0.8697713181002232;1.1566432198444823;1.1061285134959546;0.9929832896458427;0.9687439060882036;0.7013980161203149;1.3057605417332796;1.5919040553339492;0.804269959718132;0.9387133057916195;1.3678713239209181;-0.06353577859912694;1.0612117526323552;1.4123763969222485;1.003786487861406;1.303764602189217;1.3748384658451518;0.8179748876443911;1.2590827066656045;1.3463103441608224;1.0496428793539443;1.0869190579982089;1.0708619413507563;1.054466679093863;1.004680373316655;1.0841917709694617;1.0593998734726298;0.9714754797086803;0.04912602189574111;-0.42385385186559904;0.8951731332812383;0.9273823798174868;1.0431794515105535;0.9579291679271983;-0.4780187103334213;1.1265445280080963;0.19179600160311172;-0.8517953791191576;0.8898884690092488;-0.8714704603432231;0.1487124847190609;-0.6792047474128786;0.4096109559811268;0.39818053088918776;-0.8433385483320968;-0.9156958312007359;0.22761817608477652;-0.6848433425887921;-1.149134003457964;-1.2376877057159748;-0.33403340117189856;-0.1175941548299645;-1.5323674024340916;-1.4025329068638688;0.3500593510515078;
1.3980555138483957;1.9512089717390722;2.070506489895289;1.7449037304584316;2.3082089815348144;3.263721938189087;3.4112193576917247;0.7125949087860203;3.6418928169585505;2.9212072547756898;3.735769942862222;0.8614847936976199;3.529245767365749;3.642463057605919;3.6520032062786068;0.9181692918014724;1.121002470100782;3.4259869791672766;0.804269959718132;3.4195425211284602;3.5923150991159885;1.6078365798774101;-0.2449759527056703;0.5243135187220762;2.362308207756554;0.19982686631494417;1.1259675774038322;1.4665240795726036;1.0428140825105836;1.1584471253766297;0.41225780091446207;1.1723504957223454;1.106543378796259;1.2885388065812335;1.1310999421177563;1.223285279116497;0.505276890230599;1.0314378087975635;1.0831042282914318;-0.36848899646312683;-0.8320758022418422;0.2427712027449797;1.2381715877825328;1.0316176873167615;0.12687372633768496;-0.8141582465833045;1.2457549337649494;-0.6285968621276897;-1.4136740977623918;1.282332592177553;-1.7442254194506195;-1.0747821399215587;-1.3746426188261174;-0.3816621385703298;-0.3559824115528887;-1.6312249707349493;-1.7183913458970865;-0.544004627712619;-1.7047888966037412;-1.7765370720954918;-1.9461880623320655;-1.3868936209002636;-0.9482668331674926;-2.2847790334391624;-2.142586857370542;0.35853039268468007;
1.4506403167008568;2.0812479091924874;2.2264772119791263;1.904911777918102;2.468119516168427;3.563411713949024;3.6104350575774027;0.7932782028967108;4.050456033486363;3.2965172522561628;4.059038121457642;1.0234692255166749;3.864375097466118;3.9598358798531588;3.88688119894032;1.0419502534205227;1.1461191769813606;3.818318079519597;0.9387133057916195;3.5923150991159885;3.9278919480336474;1.852106565389391;-0.3712049896274516;0.608579866389665;2.7267179762263645;0.2657052276560457;1.3730306101141376;1.769934096421143;1.0864272559764316;1.3358156867650306;0.5582532073991675;1.3203815445100817;1.2630756469640607;1.4467744893201733;1.274334265487472;1.368314748126411;0.7033886482269645;1.1969498359257211;1.208612471581102;-0.4280033011564416;-1.022984411430492;0.4125991170622892;1.438890078154655;1.2013073995666494;0.30012154538098484;-1.0042553524886604;1.4915389601232232;-0.5771561776381621;-1.6308839879006805;1.529478091223366;-1.941347195593675;-1.0660979215615425;-1.5815033418980862;-0.25163542179154824;-0.2258710300500914;-1.8607014589052235;-1.9564887012470222;-0.43934670237167517;-1.8253574402929396;-2.0223290181922335;-2.214903096344309;-1.4144401658302377;-0.9687518609192333;-2.5281081453026855;-2.3456810357630102;0.466098198657807;
1.045862897875756;1.846263234372264;1.8880598525543606;2.083896301026888;1.6431999221647315;2.513656905666179;1.9603457838885534;1.0272244680182183;2.532322010316196;2.8743666673524206;2.1956756696790953;1.7475683309371575;2.1444220283827717;2.007685635417127;1.7828445293835482;1.4645478748253251;0.7041907279409035;2.317049601353447;1.3678713239209181;1.6078365798774101;1.852106565389391;2.7575280379526705;-0.11662844527520293;1.0876910848855683;3.007811858314197;0.9604404585536497;2.766887464836951;3.008860153150245;0.7423482223080252;1.1495434626737666;1.4219854574937152;0.9922135975947106;1.1002816048265331;1.2114135625140103;0.995718426281381;0.9261401627968477;1.8465305103619396;1.184950220627807;0.8618242471898885;-0.13056948435361415;-0.7813172342205583;1.5839490119657815;1.2224126299649798;1.1808699617366853;1.5981560955351164;-0.784485433302274;1.693628176012954;0.5035471087375787;-1.2898864531654515;1.461934707049197;-1.2564878153521575;-0.014265107082502462;-1.0782833448400053;1.1492010452712034;1.1231433959897008;-1.328525300124954;-1.4431972581351773;0.8526919909878427;-1.1355448905844672;-1.6077211065385428;-1.7998705467099596;-0.4776015181418375;-0.2026969413945432;-2.0747174964027457;-1.8816886685255891;0.518736765071812;
0.20271798778261937;-0.13571317381983777;-0.17827541701362426;-0.13113685412629938;0.16070356736314215;-0.1790684773476599;-0.15806491343219786;0.3598561077859036;-0.3124307435418779;-0.114169765835279;-0.32978709392078653;0.33971648311155855;-0.3553304220962944;-0.36364195259461407;-0.30653571719389333;0.05761340483750764;0.35683572224478666;-0.3438698545738019;-0.06353577859912694;-0.2449759527056703;-0.3712049896274516;-0.11662844527520293;1.3083757445241813;0.44732360209488825;-0.11519859586187824;0.47453152003501525;-0.011474212557954333;0.013403435970380677;-0.44479351418952257;-0.4855739077449898;-0.28183533553394413;-0.7591571867796396;-0.7825639185399794;-0.748887755928609;-0.7301678869128426;-0.7180724642148627;-0.23630534905234507;-0.7649578754794265;-0.6467763881342992;0.8869245685828527;1.3557545062535026;-0.32257821749290383;-0.6773945149197818;-0.7785339996521169;-0.26054193953400495;1.4220804228764474;-0.7893507263662588;0.1904509816972791;1.1948415060661073;-0.7817624902478785;0.996904194929441;0.013679813635152265;1.2753585392783047;-0.2781247917851828;-0.3172648459820304;1.208213076514259;1.1678383083706592;-0.31784893466455816;0.3698411866680205;1.0963127936285892;1.094310158577563;-0.07187956990474624;0.03490528447058889;0.6142006401927717;0.4514786612703299;-0.605533099475731;
0.6458218203100659;0.9600828141873451;1.0154212370595481;1.1345015931562397;0.733920617810802;0.8825855571178479;0.6728505523449544;1.5343605019306683;0.9160327504192592;1.2069987647057814;0.7820323749572032;0.8786574628784369;0.7374163860726245;0.69900057013832;0.6442251926451017;0.727610994004579;0.9993405505217974;0.891703005700046;1.0612117526323552;0.5243135187220762;0.608579866389665;1.0876910848855683;0.44732360209488825;1.7242981077315154;1.082156775290259;1.670761570700157;1.0532576311854716;1.1651326647399336;0.596212385010264;0.6828576316737714;0.8261601003912434;0.8002144881463903;0.8131828259495426;0.7671228003207055;0.815909444287959;0.7400774758434163;0.6815164746297666;0.7806677960935934;0.7714927844372383;0.5084005504068123;0.06867810047819294;0.5776534738613298;0.45838380307958887;0.7812378665131268;0.558114933876614;0.0797521886649494;0.5845463333473249;0.2501200868242183;-0.19459169328989845;0.3192566372872589;-0.20067959416643646;0.08562287575457363;7.747105471472213E-4;0.10319626191111178;0.08375269151268536;-0.1667783682923248;-0.2646678916358477;-0.04744996303643663;-0.05573182577645669;-0.40272061521624875;-0.5326901125091776;-0.23788829512671064;0.013820242756751174;-0.8358427256643605;-0.7928920628749238;0.06727172341444668;
1.2728845303507461;2.0979144364774407;2.2028027518335835;2.3312413704784665;2.225297012070762;3.4142841974668965;2.758047812419868;1.0655304412162692;3.5745394930680785;3.8108969589401487;3.1198245942161424;2.0393706699287053;3.0156917223951365;2.8569388766079253;2.588022425596071;1.6254773494850054;0.8603802871308579;3.2594046599411315;1.4123763969222485;2.362308207756554;2.7267179762263645;3.007811858314197;-0.11519859586187824;1.082156775290259;3.96042577380608;0.8524882613860103;3.014043764950029;3.542046633439254;0.6636274529749847;1.29941520968134;1.3170015723903703;0.8984740853065734;0.9732711365126803;1.1401252045715942;0.8970364321807717;0.8717017473980916;1.8736661395674354;1.0638162781237153;0.7839711829404673;-0.17291734303743148;-0.868458177905665;1.5349103528757309;1.3384279525648122;1.0609071908845886;1.5392268581073305;-0.8395844833440355;1.7808080320318274;0.4579645475228525;-1.458792726195929;1.6714421844380811;-1.5386149337277062;-0.21309393472289861;-1.263893347158797;1.149953796897879;1.1290222421909792;-1.5698228570678279;-1.696772986103893;0.8298271222662943;-1.4063661265803198;-1.839502168497275;-2.0745192206086234;-0.6927537015584977;-0.4174150816002746;-2.3635939004211526;-2.134664319727447;0.5162270243725124;
0.4873448513602183;0.7430423052076803;0.7744134120121986;0.9483653189815587;0.5239317561423453;0.5434592194171116;0.3324919526692336;1.473270074009908;0.53999523821601;0.8990877710708929;0.40896213768951795;0.8890312482472126;0.3885098206931423;0.3419993622753657;0.28669899738925886;0.6701434637233757;0.8311500127724821;0.5381119552757666;1.003786487861406;0.19982686631494417;0.2657052276560457;0.9604404585536497;0.47453152003501525;1.670761570700157;0.8524882613860103;1.7435917898227535;1.055759014761254;1.099303163374782;0.38038012156087314;0.5202346003671676;0.8639608891174209;0.5568736042944465;0.591661064400335;0.5325961948149494;0.5777582315290964;0.49216903905576154;0.7864646112993046;0.5786223094629646;0.5360867296455585;0.5969229411680713;0.13737927656679194;0.656999039372091;0.29618394371510154;0.5787677720715735;0.7196446668914163;0.15041717362937057;0.4237092519442286;0.46879941839310685;-0.056676973949741;0.18704674871401014;0.04928924444178666;0.36175776573851276;0.16224361416202568;0.31499788465898493;0.2831972731414976;0.02121607849877155;-0.07254307321211165;0.1682981100597867;0.20776860306433484;-0.21569094263528424;-0.33991989586920307;0.04397998800418773;0.19235741453171581;-0.6013254239732692;-0.5664561500310559;5.318268793907954E-5;
0.799217037559655;1.5425339664950406;1.5401855234835944;1.8669073534966742;1.367395104297035;2.095148960953335;1.4735625113747004;0.9213088798717259;2.0590872695440297;2.601548695587681;1.6598515092795527;1.9811797192116398;1.6510174804924267;1.4874460962830964;1.2344606703807766;1.4851111650631263;0.4393813901744466;1.847280951607299;1.303764602189217;1.1259675774038322;1.3730306101141376;2.766887464836951;-0.011474212557954333;1.0532576311854716;3.014043764950029;1.055759014761254;3.214921093284764;3.3840578780003443;0.2761785475086192;0.8717907009755026;1.5223191415492643;0.45843647536034005;0.6033294191960051;0.7144998305378477;0.47402013024828943;0.39922727558328447;2.273459586775914;0.7480476077768933;0.3579528269406756;0.011386740119213382;-0.6180129795966246;1.9257429931822743;0.9455081383593048;0.7423721443647209;2.1127862478822492;-0.6136814971928877;1.465843010372685;1.0286824112303203;-1.0779398903752238;1.305792283597031;-0.8928862938446396;0.4751638186485382;-0.7945043842239242;1.849257882433954;1.7968862501994922;-1.021699950743685;-1.1369944701573351;1.5249278402103608;-0.7879160496329949;-1.346927063761853;-1.5352816108786096;0.02399806732156344;0.06372721426314716;-1.7788372945728068;-1.5802589605831678;0.40607735572081705;
0.917675436267457;1.663484096232005;1.689197481088949;2.0072684653389596;1.636654190572629;2.5236454587117922;1.8445925797938374;1.0121445207457158;2.5465500107152534;3.097036747604334;2.078773259266944;2.149062365331329;2.044073575298554;1.871228165508137;1.5944960664044727;1.5952009288463906;0.5713073187000558;2.2810809212071623;1.3748384658451518;1.4665240795726036;1.769934096421143;3.008860153150245;0.013403435970380677;1.1651326647399336;3.542046633439254;1.099303163374782;3.3840578780003443;3.823619592121542;0.34863740703082746;0.9847565491121876;1.502049896699533;0.5412677050861675;0.6521249339383758;0.7771022386507311;0.5621511481294114;0.48486491514303565;2.2376402807946127;0.7771394842271115;0.4466555506719595;0.00891839725777668;-0.6327107626822027;1.884047949218283;1.0062315481585382;0.77425198522234;2.041001771338405;-0.6184137437317359;1.563316691803711;0.989660060153665;-1.1539969115105277;1.3574362528012538;-1.0308153386013303;0.37080367127481706;-0.8492083960413656;1.7939680279456196;1.7458529082714362;-1.1132280377807104;-1.2383836962077919;1.45429015548467;-0.9106865283926244;-1.453420674576107;-1.6671892770600765;-0.10625224991130465;-0.022815153263106652;-1.9293450922747262;-1.7091324554083958;0.4257995413074771;
0.6885639081031728;1.2495154272479791;1.366309432304203;1.1927495509621622;0.4609362851914822;0.9981520219278325;1.06822723698065;0.6682623609151367;1.1631356812869844;1.0254722591796601;1.1984929567042233;-0.07899599805931978;1.0695598920677867;1.1631332587494516;1.2124487331931117;0.4805239794854366;0.7887698322617771;1.1261251752953503;0.8179748876443911;1.0428140825105836;1.0864272559764316;0.7423482223080252;-0.44479351418952257;0.596212385010264;0.6636274529749847;0.38038012156087314;0.2761785475086192;0.34863740703082746;2.5367950711746903;1.327601499292249;0.6116660072458682;2.87203082871633;2.767355078505498;2.640322609066076;2.853434787245355;2.7305845348358564;0.05229419980454305;2.4892267384905553;2.6902136211891614;-0.521494014133107;-0.740944236684188;0.09948646419286289;1.375886819000848;2.4891374091416387;-0.11332853218662421;-0.8150009637200557;1.4990409793221573;-0.7725118311916601;-1.227469473829889;0.9922170844939844;-1.4240094804736816;-0.8814416111852691;-1.1204721087935376;-0.6552018564984773;-0.6242698832677468;-1.2479095192141574;-1.3041337000978324;-0.7534606256466806;-1.2912256659195023;-1.509045444097574;-1.535297969653696;-1.1621501647247816;-0.5379792285455733;-1.877398275228096;-1.775038023507416;0.7839847526680912;
0.7869801631038124;1.5135322754517866;1.6318776565861324;1.5335578228297053;0.8099325349675641;1.4476612952647412;1.2762879503998223;0.8600948580129388;1.6001689343073402;1.5432014790209285;1.5144696081623457;0.43776850592514216;1.4912684617717622;1.4890177512062435;1.381481215180173;0.7182123512905837;0.6560587216046551;1.6100438300841784;1.2590827066656045;1.1584471253766297;1.3358156867650306;1.1495434626737666;-0.4855739077449898;0.6828576316737714;1.29941520968134;0.5202346003671676;0.8717907009755026;0.9847565491121876;1.327601499292249;1.6495931859721118;1.0836994479286142;1.7661178465339633;1.7746135542362238;1.7306376462573005;1.748374907623732;1.6822960176865074;0.6903557190172033;1.6799886837063092;1.616545682519705;-0.372372121266619;-0.8574643704524721;0.6437491902240611;1.2874136151494004;1.6834832376827162;0.5372483925879442;-0.9244164042640859;1.5276223615901523;-0.265696095568929;-1.3115175735788278;1.2487447251713406;-1.3923754061181426;-0.31453791202732473;-1.2001471349026493;0.025532782025989784;0.044596262570665075;-1.360638502008152;-1.4198746255087407;-0.11637614186014214;-1.1464466997147764;-1.614439896952523;-1.693163691070802;-0.7222631385032082;-0.3564140405755229;-1.9328453358285134;-1.76661731957437;0.6803581745749592;
0.5243165230474671;1.2178212233418277;1.2553866848467254;1.4472939112733803;0.530232094265599;0.9189120563250759;0.5836661624405227;0.8779535527116658;0.9168925329893705;1.2463583224646098;0.7418431088398985;0.8832201791167819;0.780244901997188;0.6901442048463402;0.543640597232949;0.9404181098587104;0.34135728778310137;0.9326171857934773;1.3463103441608224;0.41225780091446207;0.5582532073991675;1.4219854574937152;-0.28183533553394413;0.8261601003912434;1.3170015723903703;0.8639608891174209;1.5223191415492643;1.502049896699533;0.6116660072458682;1.0836994479286142;1.5945499849958775;0.9126575425243046;1.0374272187342288;1.0221845437741477;0.9175507928370203;0.8310979217027921;1.4440764926371181;1.1058308715662035;0.7950352769443807;-0.05249837082840625;-0.6342208517810963;1.2708673015013352;0.9539201555117057;1.0999269347174367;1.4105242365821937;-0.6893609838649744;1.3203711957428372;0.49831461283139106;-0.9722170482950506;1.0540810086753707;-0.7755837098657818;0.49539789181421323;-0.7806965818595739;0.9498270661309447;0.9262940867031574;-0.8990557551878374;-0.9614766085070761;0.7552454345212183;-0.5148319241647716;-1.192000729158376;-1.2672809383664116;0.045919818796355476;0.0793406424496244;-1.4447570164753198;-1.2875436561765379;0.45443433849677684;
