1503
8.277385487159137;7.104420771310709;5.172011037704602;5.531150219760465;4.834443691091161;4.574794329813699;3.9535064912441906;4.023689001583498;3.589602146320697;4.45410182407851;4.518683261250834;4.008662200292765;4.653289744011978;3.4868565714836963;3.616434957611446;3.3080877744777224;3.2995244393013965;2.868755919720546;3.542679461390563;2.932770061423831;2.91730317726547;2.8766752045908146;3.305070184397863;2.7320131391483704;3.3921620299401276;2.8838738466999385;3.0246900189687187;2.6703413594810215;3.039676543878908;3.6768825166067827;1.584244588176979;2.3261482855289404;2.76244560902861;2.2576885733732546;2.6973629219560915;1.829264761330673;1.8183317971656685;1.0973221570392528;2.056074067205592;1.3416964340452435;2.0344644891550243;1.3227429377777788;0.7699869772188961;1.957390625808385;1.454930900459088;2.1871103609580778;0.7658357704324685;1.5251643843978697;-0.6355574855422559;1.5067593827944077;0.73754718203593;
7.104420771310709;7.852384357498385;4.197859803213579;4.780653082335322;4.023237843805715;5.47237235959413;4.872079200924826;4.5124187784497805;3.882469704484361;5.297835574956768;3.044642155582162;4.6908345949234835;4.860093578383247;3.4930120485894856;4.550668318010663;2.2461555243978673;4.879467860978042;3.124678494391208;5.049542923386574;3.9620840566733184;1.5388907258283429;1.4801099035728575;3.0158082285096444;3.4962884738589404;2.9813445280838424;2.9587798599534265;2.8952809881104495;4.091675326726545;3.082314175236198;2.4047028147504967;2.50791440388556;3.1344478902594712;3.1639128300266104;1.602382931277446;1.3460328592614772;1.345277331470393;3.2060074559680642;2.5432036574783763;2.262147733912179;1.7283441416699916;0.49401850851630047;0.47698329444444404;0.4695741332268788;0.4452359858682624;-0.07085676864271352;1.3412579806586844;1.984277892727875;0.09232984850964575;0.19061352042581486;1.737971106087829;1.5375492551497;
5.172011037704602;4.197859803213579;13.796845371377252;10.4471827581437;10.895266157345302;-1.8916934958882299;5.652929093253504;1.4668165950499008;4.551477386207586;7.1310055635529;-0.3885165447505051;5.519675987824374;7.459564523592814;11.181718475109765;-4.509697936566874;0.16248300331337245;5.762469180419158;8.03792127616766;0.8548159171656672;-1.3987274928542974;6.891644709640716;9.615903947245508;8.385253829361272;0.1835354245109806;-2.3152024279640635;12.272277579980056;2.1419282206187615;-3.0240429556886244;9.830408693672664;6.856592092035929;0.9768616730938117;-0.3400522213173652;-3.972286621417171;6.829336911976046;8.481863166826331;8.595339399201594;3.609827969700597;0.4416207817764527;-1.960511338323348;7.2885402335728475;8.177636796506976;8.747271843333335;6.540404885668654;0.7151275125149699;7.055911797724542;-2.860882172574851;3.201777009740518;6.5129799693613;4.312019887325346;-3.7374394616766473;-2.8261971992215598;
5.531150219760465;4.780653082335322;10.4471827581437;10.885189141197559;9.029594366766458;0.3885535298203639;5.101652381556872;2.241286906526946;3.2241499739520907;7.474859960718577;1.0913052826347296;4.5435761774251535;7.7969062599401155;9.415618530359259;-1.3466730569460983;2.1164669053892227;4.655985636826352;5.667253974730558;1.053550225269461;0.5812227706586833;6.354074787005991;8.0477398037126;6.189128652455088;2.2622147020359273;0.19106635029939956;9.348109015389216;2.5755179729341293;-1.2285655140718588;8.453285678383228;6.273241020299384;0.854923734670658;1.7661875856886244;-1.3897456173652578;5.780574166467066;7.848070166886201;6.484167675568852;2.6867156408383286;0.31602720035928067;-0.8607282826946144;5.3253437053293275;7.528862613113776;6.005502129999988;4.492035199461083;2.2245305409580802;6.051276474371265;-0.6271992147904168;1.5011993900598772;5.522740862455079;2.306232472155688;-1.682229357305389;-1.8865589401796377;
4.834443691091161;4.023237843805715;10.895266157345302;9.029594366766458;12.578615312508333;-0.07431531140385814;8.00390262401862;2.8472718669328043;5.296536719773799;7.6730292489487715;0.769131117997337;4.384482605063209;6.69248379916168;9.34196659725219;-2.2031539883566316;2.402317547671324;8.053482712235528;8.791082942894214;-0.5458763584497659;-1.2772447685562196;8.4529538047505;9.265896175309372;8.074167829926786;1.5065734107252169;-2.293250715808388;10.382982516560206;4.938452603300065;-2.428713970339324;7.264343459587479;5.743410410858289;3.762643359833665;0.8306608263073841;-1.86264092089156;8.121613967205585;7.522685919740514;8.398616795741857;3.015185145069857;3.9637525494743824;-3.5421308210578877;6.248060999055232;6.631925474703911;9.437305871111104;8.016565956899532;0.3401380134131732;6.608514074530932;-2.4197520070658736;3.4427994286161057;6.78348841992682;5.957940395735199;-3.7395596589421154;-3.521367602514973;
4.574794329813699;5.47237235959413;-1.8916934958882299;0.3885535298203639;-0.07431531140385814;9.954051920971406;5.513904805655358;4.561722661743172;3.0857672441849617;3.0406031594477736;2.7662044220492343;2.4686255113306705;2.223225085508984;-0.6999355241650049;9.542036604597431;2.5448518730805074;4.869804698642715;1.090391461457086;3.409263996320695;5.592145018290092;-0.8417697378842299;-2.9119247782235567;-0.16257195364604385;5.704309961583502;3.634107752455091;-1.619627891363939;2.454066808948767;7.41342282127744;-0.8556985223685991;-1.2474649908782376;4.899729168077179;5.313659443313389;6.161650136493671;-1.2506858783033952;-2.6243429701996033;-1.4024111512242217;3.2572388362075793;4.35648023472388;2.6624271945708644;-0.12230254252162286;-3.574158762022603;-2.8858665355555533;-1.502513612641379;-0.5118429781437176;-2.846319018822351;3.1351680507185686;1.9024700856021262;-2.7132075136460396;0.63559309389887;4.370526785429155;3.39933677652695;
3.9535064912441906;4.872079200924826;5.652929093253504;5.101652381556872;8.00390262401862;5.513904805655358;12.494816265801706;5.813745031929495;7.033238186693273;8.009831754045273;-0.8092910336859539;5.418767292541587;5.926753298922153;6.947803654244846;4.001713866081166;1.9038985247837672;12.032578106207579;8.87384658848301;0.8889367170725218;2.7025561396340665;4.3512278594411145;3.677721973493011;6.90781576863607;6.294903004424489;-2.362643944610775;7.583931165894877;4.492390400592142;3.133585760039925;4.9490052886759734;0.9338182787225546;9.965378659627415;5.318091795728536;1.8419719352029285;5.092316679740516;1.8120719406187615;6.041618732461738;7.51043498175647;9.204737012022656;-2.3845917551696654;7.11147011148369;0.8409975549367928;5.323933798888897;6.346600905854956;-1.8272314527544908;1.5999181553493038;-2.3262821762275414;7.155343293300054;1.7397580886360653;9.144223963246837;-0.8507002848303407;0.18881156676646904;
4.023689001583498;4.5124187784497805;1.4668165950499008;2.241286906526946;2.8472718669328043;4.561722661743172;5.813745031929495;6.912334375182945;4.45724651942781;3.9086347896939437;3.1891815025815156;4.706513488689287;3.145972153173653;2.506058495402528;5.512969375921497;3.9702442488156993;4.772975701536931;3.6652324826147753;2.877492296274124;3.695559109534275;1.7887179420159682;0.8072589999001989;4.345835490991345;5.316233036540241;2.2646018941317405;2.3086709165934813;3.8418303689354634;2.296299499141716;1.6993889001330675;-0.47003974253493014;5.790764681343979;4.663248911836318;4.644240154803731;2.6321310205788415;-0.1615956983033916;1.4540701904058548;4.0986275822355225;5.5510746798469714;0.7160773761477076;3.5738116664337998;-0.5914957228077137;1.4657022622222229;2.2337028774517607;0.9627872992215555;-0.9716668150099811;0.8774890538922175;3.5781893123819035;-0.49438870900864895;3.347001406859616;1.9135094638522943;1.6907429295209613;
3.589602146320697;3.882469704484361;4.551477386207586;3.2241499739520907;5.296536719773799;3.0857672441849617;7.033238186693273;4.45724651942781;6.412302910152993;4.412239336593484;1.054447590472388;5.05638945628078;3.3340587488023985;4.558772032741188;2.1014620933000634;2.08730023333999;6.638132243193628;6.569220291277436;2.5020481498336653;1.912368908729207;3.5909938867864235;3.1053572875848294;5.73374438799069;3.854348526274125;-0.5721817440119804;5.268996775562216;3.9707999442381876;0.9205234252295417;3.6368817732202263;1.1078923526546915;6.196058734524297;3.234558290439125;1.8855250482501666;3.826928306007982;1.4244783110578847;4.792804575821683;4.625660690099793;5.692642898296743;-0.9914876772255496;5.158616427697933;0.8199414400532272;4.117207397777776;4.75999149033268;0.029302699161676965;1.415084500758483;-0.8858797158083836;4.622888655642048;0.8118368779906855;5.673654272002664;-0.5018401227744504;-0.26736626359281374;
4.45410182407851;5.297835574956768;7.1310055635529;7.474859960718577;7.6730292489487715;3.0406031594477736;8.009831754045273;3.9086347896939437;4.412239336593484;9.37329352887559;-0.2827786548636113;4.422771418010646;8.152315067964059;7.7215865233266685;1.6671033282767804;1.5112673443446438;8.066258825429145;6.402912354171661;1.2740360380505658;1.705127063506322;4.647357411536925;4.615030482894213;5.816104851250835;3.8013754803326663;-1.0771118898203602;7.743830918789073;3.6303577408715912;1.1849861148902208;7.241222026141076;3.325636543512974;4.433144581024614;3.132763196746513;0.5981224706919476;5.692210373213575;4.500427740798409;4.959017338230206;4.263779355169656;5.087123924437787;-1.3785819282834326;5.064493323419831;3.779824841423819;4.771938075555551;4.7023740738988655;-0.9002634174251463;2.6868775752894143;-1.2448155828742506;3.847482280924821;2.78361826125083;4.738012661071193;-0.7118449417165695;-1.074235146107784;
4.518683261250834;3.044642155582162;-0.3885165447505051;1.0913052826347296;0.769131117997337;2.7662044220492343;-0.8092910336859539;3.1891815025815156;1.054447590472388;-0.2827786548636113;8.225508526240775;1.0224411667797741;0.3331076858682649;-1.1759892763206985;3.6913704862741237;4.798105550745166;-2.11557902231536;-0.901605896926148;1.7563086147039264;1.6066824043379921;2.2461413000798385;1.1260023195009987;0.4664407716234187;1.3216742193679314;5.228885890658696;-2.100162013699275;2.5641733713439803;0.23933193570858263;-1.0552262726680082;2.012197587325347;-0.14583265994677191;1.174108529181638;4.192854690685296;1.0082828828942123;1.3665104384830344;-1.135312394637385;-1.8308002388223554;-0.34610141743180123;1.946133730738517;-1.6228157544976762;1.1891935892947447;-0.5436978055555525;-1.2083681294078439;4.837857916107782;0.7946801649500994;4.316082419461092;-2.242844424757143;0.89819202162342;-2.9312931090352627;2.529481089261484;0.3225650376047881;
4.008662200292765;4.6908345949234835;5.519675987824374;4.5435761774251535;4.384482605063209;2.4686255113306705;5.418767292541587;4.706513488689287;5.05638945628078;4.422771418010646;1.0224411667797741;7.172769506480345;4.451135795628743;5.227453775116426;1.6502728884896882;1.8219827323020628;5.200265304990008;5.085280911996003;4.48429081578177;3.5152654969727193;2.4744476981037926;3.0647794943512947;5.5639636314437775;4.448676807511648;0.9576631018562882;5.563199257857615;3.0647428130805117;1.0250643894211575;4.996689350864943;1.89978818852295;4.09171289873586;3.910499441936125;1.0966701812242192;2.9238038887624684;2.4479553060279473;3.424854767638066;5.902750344530909;3.8106632840053227;1.126477189960081;5.864370226819706;1.9517256517498343;2.3756103044444403;2.691459378436467;1.0295414999401193;0.9829486924351328;-0.6196363997006019;4.228020165482367;0.6163170514437797;3.245049929587496;0.4245875000399202;0.9295840668862271;
4.653289744011978;4.860093578383247;7.459564523592814;7.7969062599401155;6.69248379916168;2.223225085508984;5.926753298922153;3.145972153173653;3.3340587488023985;8.152315067964059;0.3331076858682649;4.451135795628743;8.538331288502972;7.649515198982019;0.9651951863473052;1.756764744730538;5.637220390658686;4.894708528263465;1.4073792017365279;1.6481285064670652;4.052915265149708;4.500491162814376;5.397183671377243;3.1587142108982036;0.09092239748503118;7.456947934730535;2.6775550733532962;0.3230374882035938;7.599641339580839;4.198921597485037;2.356602736766467;2.650073652215571;0.2507569658682667;4.739766471676645;5.2496185421556865;4.236638979221567;3.5060423409580865;2.4569980989820355;-0.17827106736526832;4.520029093233525;4.720226077844322;3.838057570000001;3.309695706526938;0.7693765339520955;3.0431864292814397;-0.3915956797604774;2.595974951497006;3.1199701713772474;2.472819963892215;-0.22444862263473134;-0.937488314491017;
3.4868565714836963;3.4930120485894856;11.181718475109765;9.415618530359259;9.34196659725219;-0.6999355241650049;6.947803654244846;2.506058495402528;4.558772032741188;7.7215865233266685;-1.1759892763206985;5.227453775116426;7.649515198982019;12.413333403885582;-2.973183976972735;0.2818891293945429;6.496123769381229;8.101475763752486;-0.08040493819694143;-0.840147541024619;6.277379202435132;8.456824019780429;8.007007716180965;1.7818230823885555;-3.006757674910184;13.27414398050565;2.4869096176580174;-2.2192163358882198;10.229328930292768;4.400879698423149;3.017269884956752;1.1225925300399193;-2.6833585674318043;6.908770023273439;7.229676153732557;8.67570474689289;4.402309700918151;2.6054050316633393;-2.551096782475049;7.947028336154364;7.220930941823043;8.723145098888892;7.768648766393872;-0.24456556371257399;6.179806760978046;-3.2468372014371156;3.915546563240191;5.776930086180973;6.560231981091161;-3.2618977875249424;-2.4141268330538916;
3.616434957611446;4.550668318010663;-4.509697936566874;-1.3466730569460983;-2.2031539883566316;9.542036604597431;4.001713866081166;5.512969375921497;2.1014620933000634;1.6671033282767804;3.6913704862741237;1.6502728884896882;0.9651951863473052;-2.973183976972735;11.889828320731752;3.8853507798536184;3.276951129740508;-0.8162610581037939;3.6233048003260153;6.4086980712907495;-1.9291276293013984;-4.397831346866266;-1.1400248324617406;6.283421865302731;5.5089442682634635;-4.176389305701933;2.4464070000931444;7.265792254950116;-2.6962745275116458;-2.7706493684031734;5.065391607132412;6.0182735403393215;8.640111801829693;-2.030763392175655;-4.20447283327346;-3.4197564114105043;2.4872397278043925;4.4535113541383975;3.502280518962081;-1.265322612687961;-4.808436544504338;-4.594483084444446;-2.664444490652031;0.36138774844311433;-4.733115506686626;4.216103447784433;1.6305587625415827;-4.207067562461747;0.0313167892747849;5.811579621037918;4.463873829041919;
3.3080877744777224;2.2461555243978673;0.16248300331337245;2.1164669053892227;2.402317547671324;2.5448518730805074;1.9038985247837672;3.9702442488156993;2.08730023333999;1.5112673443446438;4.798105550745166;1.8219827323020628;1.756764744730538;0.2818891293945429;3.8853507798536184;6.494222992029298;0.5941535040518949;1.0099756796207582;1.2671603459347973;2.364296925741852;3.300731199860281;1.463936783373253;1.9615472204923463;3.6173098669394466;4.062369846347306;-0.3832988768596146;3.9289686659813765;-0.5217653249900177;0.19445885550232772;1.2522934796806386;2.1493840065735172;3.340275463932129;4.625889869634065;2.216497982435127;1.4085605926546911;0.6139740422821041;-0.24505344956087635;1.9692294571723257;0.35755086620758575;0.41477172453759076;0.8872656529008643;0.700775498888889;1.0494558881304066;4.65550419431137;0.8851067913373264;2.7277518584431215;-0.4967537725083181;0.8257653504923484;-0.1362639458549577;1.554326983792414;-0.5276550758083829;
3.2995244393013965;4.879467860978042;5.762469180419158;4.655985636826352;8.053482712235528;4.869804698642715;12.032578106207579;4.772975701536931;6.638132243193628;8.066258825429145;-2.11557902231536;5.200265304990008;5.637220390658686;6.496123769381229;3.276951129740508;0.5941535040518949;13.199070804910171;8.605010857964066;1.2524648687025948;2.30527857608783;3.91301250293413;3.3036415791616784;6.265958316327353;5.238776290938125;-3.117963003293408;7.413881457385219;4.659544911057887;3.719124524790418;4.742146351117762;0.8930596667065861;9.475060725289424;4.32907912742515;0.9952652943512983;4.73260643886227;1.612391594251496;5.426471685409177;8.000143970778447;9.952579582714579;-2.739510380359284;6.507057298043928;0.4187049224151708;5.013867326666671;6.193478802594806;-3.383446520538928;0.9960669219161679;-3.352519007305382;7.950786466007997;1.2272143363273444;9.22349931962077;-1.5775992996407178;0.11385155197604763;
2.868755919720546;3.124678494391208;8.03792127616766;5.667253974730558;8.791082942894214;1.090391461457086;8.87384658848301;3.6652324826147753;6.569220291277436;6.402912354171661;-0.901605896926148;5.085280911996003;4.894708528263465;8.101475763752486;-0.8162610581037939;1.0099756796207582;8.605010857964066;9.635646887185656;0.4429116894810381;0.22029329243512855;5.473417993173656;5.88627693766468;7.726470924530947;3.215035042375256;-3.0827296213173585;9.415281862954094;3.9220102684231555;-0.9040935480838352;6.231324546447117;2.3943477286826336;6.345199512115775;2.5052266449700595;-0.8903563002594787;6.325231767544906;3.8369401697005987;7.975275448163682;5.044800074311382;6.250210697085834;-2.94338885814371;7.691099191217564;3.0782128669660693;8.050354546666666;7.919171001037912;-1.1668719922155646;3.856296486766461;-3.13738547892215;5.589849608403201;3.3562604545309282;8.390261375848292;-2.587553001856281;-1.9960746452095826;
3.542679461390563;5.049542923386574;0.8548159171656672;1.053550225269461;-0.5458763584497659;3.409263996320695;0.8889367170725218;2.877492296274124;2.5020481498336653;1.2740360380505658;1.7563086147039264;4.48429081578177;1.4073792017365279;-0.08040493819694143;3.6233048003260153;1.2671603459347973;1.2524648687025948;0.4429116894810381;8.748783384963405;4.202300613120429;-1.1226595265069883;-1.0400814143313355;0.9883542143579511;2.3823465031803033;4.128620571317356;-0.4023368251763129;1.1707348771324018;2.965459564750495;0.7527496591084497;0.4029464979840317;0.6551900389953442;2.4308513816966033;3.688694055815032;-1.191243500878242;-0.9830292063672658;-0.8405835937192276;2.66803648902196;0.44266001402528254;3.560206754810376;0.8214250298935463;-1.3119277291882874;-2.4123099288888934;-2.0400030599268137;1.1414715222155694;-1.9518367634331293;1.2837212289221567;1.3926128660412498;-2.465103465642045;-1.3781504569594138;2.2482414051896162;2.387610215209582;
2.932770061423831;3.9620840566733184;-1.3987274928542974;0.5812227706586833;-1.2772447685562196;5.592145018290092;2.7025561396340665;3.695559109534275;1.912368908729207;1.705127063506322;1.6066824043379921;3.5152654969727193;1.6481285064670652;-0.840147541024619;6.4086980712907495;2.364296925741852;2.30527857608783;0.22029329243512855;4.202300613120429;6.854052886640037;-1.535850703313378;-2.5498192842914116;-0.2427910707052603;5.828014587897538;3.96442731766467;-1.7200266431470392;1.5837988508915546;4.237210363093808;0.056405172388555344;-0.722949479002001;2.9430391311244195;5.833425368962087;4.069963593226885;-1.3277085451097819;-1.8455653970459114;-1.6884573292149014;3.2774803461277484;2.8031944767531596;3.8445276243512962;0.8229136899866928;-2.591201047398531;-3.4594702211111086;-2.0676438562408546;1.4306265465269459;-2.850890595429144;2.390335327365273;1.373653365755155;-3.2039308507052566;-0.4135738383699275;4.162648055648686;2.872993609401189;
2.91730317726547;1.5388907258283429;6.891644709640716;6.354074787005991;8.4529538047505;-0.8417697378842299;4.3512278594411145;1.7887179420159682;3.5909938867864235;4.647357411536925;2.2461413000798385;2.4744476981037926;4.052915265149708;6.277379202435132;-1.9291276293013984;3.300731199860281;3.91301250293413;5.473417993173656;-1.1226595265069883;-1.535850703313378;8.908162237485024;8.372396630718544;5.902084232195614;1.1308652082435133;-1.487781335748501;6.752541923193615;4.679645190998001;-3.4659998198203623;5.3052546723752485;4.807968834251489;2.407786844990021;0.6454370907784446;-0.9929264132534905;7.039474933832345;6.905668767784435;6.3434299477445055;0.755093337904192;2.9316021657684623;-3.3407806082634686;4.170514848343316;6.930248638882242;7.204277626666662;6.49202746301397;2.27511762760479;6.612663504071868;-0.9684816480239529;1.1889012915169659;5.954754912195611;4.275033117944112;-3.0412811617365265;-3.8563824845508994;
2.8766752045908146;1.4801099035728575;9.615903947245508;8.0477398037126;9.265896175309372;-2.9119247782235567;3.677721973493011;0.8072589999001989;3.1053572875848294;4.615030482894213;1.1260023195009987;3.0647794943512947;4.500491162814376;8.456824019780429;-4.397831346866266;1.463936783373253;3.3036415791616784;5.88627693766468;-1.0400814143313355;-2.5498192842914116;8.372396630718544;11.188256885508967;6.663766581277452;-0.09726433902196052;-2.409844244071861;9.399478630039894;2.400516988762473;-4.30350993862277;7.100295992654688;6.2060218459281575;0.9077101038123728;-0.5360267173652733;-3.2911612071656613;7.197758386047894;8.610392576347277;7.883463111596807;1.3885305505988037;0.4308519264471057;-3.364470243353294;5.610182822854277;9.921724996986047;8.35095224333334;6.668824238662683;2.1061167349700605;8.280818214550898;-2.067620254850301;1.378990780518964;7.568350151277437;4.384517205349299;-4.085734146646715;-3.789548831556889;
3.305070184397863;3.0158082285096444;8.385253829361272;6.189128652455088;8.074167829926786;-0.16257195364604385;6.90781576863607;4.345835490991345;5.73374438799069;5.816104851250835;0.4664407716234187;5.5639636314437775;5.397183671377243;8.007007716180965;-1.1400248324617406;1.9615472204923463;6.265958316327353;7.726470924530947;0.9883542143579511;-0.2427910707052603;5.902084232195614;6.663766581277452;9.026833004644109;2.677906667618095;-1.8954588668862247;9.073962158270096;3.7546708569594145;-1.992098673013971;6.6124477816300855;2.8702563964470973;4.983413111463742;1.9726281324950115;-0.6544923261543575;6.622323134590812;4.596147548283434;7.289600177471724;4.797898557385226;4.568640600625414;-2.1453711546906153;7.537157716314025;4.647160630605457;7.589300812222232;6.9763140312840894;0.5975289879640721;4.0628289561277455;-2.2798883898203566;5.0230251641783115;3.6619245146440482;6.678363541530273;-2.4337801853093803;-1.6587127858682633;
2.7320131391483704;3.4962884738589404;0.1835354245109806;2.2622147020359273;1.5065734107252169;5.704309961583502;6.294903004424489;5.316233036540241;3.854348526274125;3.8013754803326663;1.3216742193679314;4.448676807511648;3.1587142108982036;1.7818230823885555;6.283421865302731;3.6173098669394466;5.238776290938125;3.215035042375256;2.3823465031803033;5.828014587897538;1.1308652082435133;-0.09726433902196052;2.677906667618095;8.073419067238904;1.9673806055089824;1.2118330180505668;3.115710573765799;3.5276409644111744;1.7865298520292772;-0.50498591115768;6.627644835495681;7.496315528003985;4.142664308256823;1.491166616327346;-0.35563629662674223;1.2953408486892872;5.169784194091826;5.929003250166342;1.2057575137524927;3.992818035615433;-0.9131674578177003;-0.4643447211111103;1.3105322436393876;1.5916745856287453;-1.0443211289021948;1.0514239118562885;3.505997691324012;-1.4522719023819088;3.646516042109118;2.683321396247499;1.9905759426946104;
3.3921620299401276;2.9813445280838424;-2.3152024279640635;0.19106635029939956;-2.293250715808388;3.634107752455091;-2.362643944610775;2.2646018941317405;-0.5721817440119804;-1.0771118898203602;5.228885890658696;0.9576631018562882;0.09092239748503118;-3.006757674910184;5.5089442682634635;4.062369846347306;-3.117963003293408;-3.0827296213173585;4.128620571317356;3.96442731766467;-1.487781335748501;-2.409844244071861;-1.8954588668862247;1.9673806055089824;7.87652045257485;-4.226288573652695;0.8643563632335329;2.0998590089820355;-1.9477246779041877;0.2621671225748486;-1.9186573738323351;2.238720968922153;5.495280790658689;-2.2810342383832367;-1.1871090807784472;-3.4177443861077808;-1.6669319247904173;-2.3271620249101734;4.586318716826337;-2.8192562361676656;-1.6485570092215527;-4.2119669999999925;-4.065449832634733;4.190717530239509;-2.2866854264071854;5.307048168802395;-2.841066187485031;-2.2029417868862287;-5.12656244946107;4.816208003173656;2.21976228245509;
2.8838738466999385;2.9587798599534265;12.272277579980056;9.348109015389216;10.382982516560206;-1.619627891363939;7.583931165894877;2.3086709165934813;5.268996775562216;7.743830918789073;-2.100162013699275;5.563199257857615;7.456947934730535;13.27414398050565;-4.176389305701933;-0.3832988768596146;7.413881457385219;9.415281862954094;-0.4023368251763129;-1.7200266431470392;6.752541923193615;9.399478630039894;9.073962158270096;1.2118330180505668;-4.226288573652695;14.905081518695967;2.5547409270924812;-2.980713321656687;10.792227056613442;4.327819373013979;3.5017197287957376;0.5278822672654694;-3.630450209254823;7.659018255768455;7.457731149321348;10.13368998117097;4.952405047105795;3.1103427193945437;-3.4334373004590906;9.08327627675978;7.543464818456415;10.40225846444444;9.34496269035263;-1.0216041056886216;6.7950179580039896;-4.3013472415568845;4.856033256380574;6.1594020182701215;8.189514101922816;-4.264369089540913;-2.9462585158083847;
3.0246900189687187;2.8952809881104495;2.1419282206187615;2.5755179729341293;4.938452603300065;2.454066808948767;4.492390400592142;3.8418303689354634;3.9707999442381876;3.6303577408715912;2.5641733713439803;3.0647428130805117;2.6775550733532962;2.4869096176580174;2.4464070000931444;3.9289686659813765;4.659544911057887;3.9220102684231555;1.1707348771324018;1.5837988508915546;4.679645190998001;2.400516988762473;3.7546708569594145;3.115710573765799;0.8643563632335329;2.5547409270924812;6.98697297346642;-0.20141477864271248;1.8098013683166996;1.1964485565668663;4.284373393998668;2.616999024770459;3.004575990232871;4.510027451177646;1.854897531037923;2.3282902503659333;1.6937925197205588;6.488423725435804;-1.2450350457684622;2.0794528471124427;0.9499313345176316;3.3769896288888868;4.317844115735197;0.4582372463473055;1.1169425518762475;0.019959098263472398;2.374243998868927;1.3619863669594146;3.473621603725885;-0.40229596423153713;-1.556221929940122;
2.6703413594810215;4.091675326726545;-3.0240429556886244;-1.2285655140718588;-2.428713970339324;7.41342282127744;3.133585760039925;2.296299499141716;0.9205234252295417;1.1849861148902208;0.23933193570858263;1.0250643894211575;0.3230374882035938;-2.2192163358882198;7.265792254950116;-0.5217653249900177;3.719124524790418;-0.9040935480838352;2.965459564750495;4.237210363093808;-3.4659998198203623;-4.30350993862277;-1.992098673013971;3.5276409644111744;2.0998590089820355;-2.980713321656687;-0.20141477864271248;9.741435057844262;-2.210049605169662;-2.5638655910179624;3.4085579667864288;3.2940020106586854;3.880248562375253;-3.2421094459880306;-4.153228183413184;-3.045982346267468;3.9557344551497073;2.6792639474451088;2.9467130091616722;-1.2577073334530942;-4.672541709920161;-4.593227463333315;-3.252190389501001;-2.6335462112574874;-4.453071498862272;1.8548796662874236;2.4766570584630734;-4.231672873013976;-0.2425673019960075;3.7536120208383297;4.909069474610786;
3.039676543878908;3.082314175236198;9.830408693672664;8.453285678383228;7.264343459587479;-0.8556985223685991;4.9490052886759734;1.6993889001330675;3.6368817732202263;7.241222026141076;-1.0552262726680082;4.996689350864943;7.599641339580839;10.229328930292768;-2.6962745275116458;0.19445885550232772;4.742146351117762;6.231324546447117;0.7527496591084497;0.056405172388555344;5.3052546723752485;7.100295992654688;6.6124477816300855;1.7865298520292772;-1.9477246779041877;10.792227056613442;1.8098013683166996;-2.210049605169662;10.425618156460365;4.59698567542914;1.4979879282501658;1.3040689431536923;-2.600324053779105;6.010506608602788;7.12471093487025;6.80730427120426;3.767918922534938;1.6015001980705263;-1.299894185528946;6.815523812860934;7.107544810685296;6.1987061888888935;5.673554691783101;0.492469186706587;5.193912937265478;-2.0564419535329352;2.739025562641385;4.378473071630069;4.3605423495342635;-1.9723614944710555;-2.190961881257483;
3.6768825166067827;2.4047028147504967;6.856592092035929;6.273241020299384;5.743410410858289;-1.2474649908782376;0.9338182787225546;-0.47003974253493014;1.1078923526546915;3.325636543512974;2.012197587325347;1.89978818852295;4.198921597485037;4.400879698423149;-2.7706493684031734;1.2522934796806386;0.8930596667065861;2.3943477286826336;0.4029464979840317;-0.722949479002001;4.807968834251489;6.2060218459281575;2.8702563964470973;-0.50498591115768;0.2621671225748486;4.327819373013979;1.1964485565668663;-2.5638655910179624;4.59698567542914;6.873339552574871;-1.9221670871656715;-0.6056412510778441;-2.2546040160079857;3.3872475716167734;6.668099569221539;3.347789590558879;-0.34701417479041824;-1.8400185182435125;-0.6205095131736513;1.5939524604990032;6.876748367445095;3.4354763466666625;1.4979925040319346;2.956696820239517;5.672204003592817;0.007575758802395555;-0.9474362908183608;5.196432576447102;-1.0120834361277433;-1.6887746368263536;-2.742334567544906;
1.584244588176979;2.50791440388556;0.9768616730938117;0.854923734670658;3.762643359833665;4.899729168077179;9.965378659627415;5.790764681343979;6.196058734524297;4.433144581024614;-0.14583265994677191;4.09171289873586;2.356602736766467;3.017269884956752;5.065391607132412;2.1493840065735172;9.475060725289424;6.345199512115775;0.6551900389953442;2.9430391311244195;2.407786844990021;0.9077101038123728;4.983413111463742;6.627644835495681;-1.9186573738323351;3.5017197287957376;4.284373393998668;3.4085579667864288;1.4979879282501658;-1.9221670871656715;11.568625803326677;5.7132169138523015;3.5027394278310093;3.49516331588822;-1.254165494810384;3.590523835163007;7.365987098602794;10.20326713051232;-2.1562077488423137;5.712414538895544;-1.732500264078507;2.8617599077777807;4.9762490320093145;-1.352875008263471;-0.8323056206187618;-1.758711188682635;7.525455237677972;-0.8538148585362614;9.58648582529606;-0.040531031157685304;1.0603197202994004;
2.3261482855289404;3.1344478902594712;-0.3400522213173652;1.7661875856886244;0.8306608263073841;5.313659443313389;5.318091795728536;4.663248911836318;3.234558290439125;3.132763196746513;1.174108529181638;3.910499441936125;2.650073652215571;1.1225925300399193;6.0182735403393215;3.340275463932129;4.32907912742515;2.5052266449700595;2.4308513816966033;5.833425368962087;0.6454370907784446;-0.5360267173652733;1.9726281324950115;7.496315528003985;2.238720968922153;0.5278822672654694;2.616999024770459;3.2940020106586854;1.3040689431536923;-0.6056412510778441;5.7132169138523015;7.183015579521016;3.900731275848305;0.9344394107185623;-0.6338772747904204;0.8632604406187635;4.453881818982035;5.084920133373258;1.6204978197006008;3.3115740294810347;-1.1661853085429115;-0.9728841533333333;0.7231664866067864;1.836200674550895;-1.1899826917365255;1.3262898472455094;2.808328974451098;-1.7101964575049897;2.8374068935728554;2.877006190299393;1.9083028066467096;
2.76244560902861;3.1639128300266104;-3.972286621417171;-1.3897456173652578;-1.86264092089156;6.161650136493671;1.8419719352029285;4.644240154803731;1.8855250482501666;0.5981224706919476;4.192854690685296;1.0966701812242192;0.2507569658682667;-2.6833585674318043;8.640111801829693;4.625889869634065;0.9952652943512983;-0.8903563002594787;3.688694055815032;4.069963593226885;-0.9929264132534905;-3.2911612071656613;-0.6544923261543575;4.142664308256823;5.495280790658689;-3.630450209254823;3.004575990232871;3.880248562375253;-2.600324053779105;-2.2546040160079857;3.5027394278310093;3.900731275848305;8.892329559574131;-1.092160940439122;-3.2856772381836366;-2.6082357435262877;0.4701671745109782;3.020921050345978;2.411772437405193;-1.5052618567198983;-3.697585456260821;-3.167042651111111;-1.6282789016300736;1.7888335261077846;-3.5237918217165674;3.565399569461075;0.5155203363539592;-3.1347538661543597;-0.40509915681304215;4.086331572594808;2.5731867576047907;
2.2576885733732546;1.602382931277446;6.829336911976046;5.780574166467066;8.121613967205585;-1.2506858783033952;5.092316679740516;2.6321310205788415;3.826928306007982;5.692210373213575;1.0082828828942123;2.9238038887624684;4.739766471676645;6.908770023273439;-2.030763392175655;2.216497982435127;4.73260643886227;6.325231767544906;-1.191243500878242;-1.3277085451097819;7.039474933832345;7.197758386047894;6.622323134590812;1.491166616327346;-2.2810342383832367;7.659018255768455;4.510027451177646;-3.2421094459880306;6.010506608602788;3.3872475716167734;3.49516331588822;0.9344394107185623;-1.092160940439122;8.153462318922173;5.680675987185629;6.316078640738529;1.8435148265269459;4.822894766606788;-3.3281150845508956;5.215963457445109;5.802403539481039;7.846872466666654;7.259356211756481;0.39268322317365306;4.867015907604788;-1.7197331958682633;2.7801887449900167;4.718239864590819;5.944169272974044;-2.7037726354490967;-3.3596755349700644;
2.6973629219560915;1.3460328592614772;8.481863166826331;7.848070166886201;7.522685919740514;-2.6243429701996033;1.8120719406187615;-0.1615956983033916;1.4244783110578847;4.500427740798409;1.3665104384830344;2.4479553060279473;5.2496185421556865;7.229676153732557;-4.20447283327346;1.4085605926546911;1.612391594251496;3.8369401697005987;-0.9830292063672658;-1.8455653970459114;6.905668767784435;8.610392576347277;4.596147548283434;-0.35563629662674223;-1.1871090807784472;7.457731149321348;1.854897531037923;-4.153228183413184;7.12471093487025;6.668099569221539;-1.254165494810384;-0.6338772747904204;-3.2856772381836366;5.680675987185629;9.01894213209586;5.415663132854293;0.3182917798203592;-0.8790626896007989;-2.1344308129940086;3.874175821477042;9.191652731237491;6.032820743333331;4.238097342734527;2.7400889755089843;7.38533397263474;-1.1767239875449118;-0.2371104788223537;6.911597678283435;1.2036306490618758;-2.9068500470059813;-3.6606295635329356;
1.829264761330673;1.345277331470393;8.595339399201594;6.484167675568852;8.398616795741857;-1.4024111512242217;6.041618732461738;1.4540701904058548;4.792804575821683;4.959017338230206;-1.135312394637385;3.424854767638066;4.236638979221567;8.67570474689289;-3.4197564114105043;0.6139740422821041;5.426471685409177;7.975275448163682;-0.8405835937192276;-1.6884573292149014;6.3434299477445055;7.883463111596807;7.289600177471724;1.2953408486892872;-3.4177443861077808;10.13368998117097;2.3282902503659333;-3.045982346267468;6.80730427120426;3.347789590558879;3.590523835163007;0.8632604406187635;-2.6082357435262877;6.316078640738529;5.415663132854293;9.711381900173011;2.8331905442315284;2.5853173791151036;-3.432246268363275;7.131733963725874;5.6061534715901615;8.984338121111115;8.329693377438453;0.4526948224550902;6.560274410159691;-2.892961722275447;3.1553013585562226;4.927672097471717;7.301024033579496;-3.6422876916367213;-3.2394322923353354;
1.8183317971656685;3.2060074559680642;3.609827969700597;2.6867156408383286;3.015185145069857;3.2572388362075793;7.51043498175647;4.0986275822355225;4.625660690099793;4.263779355169656;-1.8308002388223554;5.902750344530909;3.5060423409580865;4.402309700918151;2.4872397278043925;-0.24505344956087635;8.000143970778447;5.044800074311382;2.66803648902196;3.2774803461277484;0.755093337904192;1.3885305505988037;4.797898557385226;5.169784194091826;-1.6669319247904173;4.952405047105795;1.6937925197205588;3.9557344551497073;3.767918922534938;-0.34701417479041824;7.365987098602794;4.453881818982035;0.4701671745109782;1.8435148265269459;0.3182917798203592;2.8331905442315284;9.42300060658685;6.232335497584831;-0.37469230688622673;6.271611678063857;0.011133293512974762;1.5099546933333319;2.468540631956087;-1.650884795329345;-0.5937009499401166;-2.422349553353296;7.665510142375263;-0.9004053326147687;6.3497400221756495;-0.1685754531137734;2.113608382874252;
1.0973221570392528;2.5432036574783763;0.4416207817764527;0.31602720035928067;3.9637525494743824;4.35648023472388;9.204737012022656;5.5510746798469714;5.692642898296743;5.087123924437787;-0.34610141743180123;3.8106632840053227;2.4569980989820355;2.6054050316633393;4.4535113541383975;1.9692294571723257;9.952579582714579;6.250210697085834;0.44266001402528254;2.8031944767531596;2.9316021657684623;0.4308519264471057;4.568640600625414;5.929003250166342;-2.3271620249101734;3.1103427193945437;6.488423725435804;2.6792639474451088;1.6015001980705263;-1.8400185182435125;10.20326713051232;5.084920133373258;3.020921050345978;4.822894766606788;-0.8790626896007989;2.5853173791151036;6.232335497584831;13.398386257218938;-2.55925401914172;4.741304921709913;-1.760237829288089;3.424353707777777;5.863465591949432;-2.8763014137125738;-1.2685953023552905;-2.354957731437125;7.09535089546242;-0.9383622293745852;9.110339465535601;-0.31417659085828353;0.0165847369461087;
2.056074067205592;2.262147733912179;-1.960511338323348;-0.8607282826946144;-3.5421308210578877;2.6624271945708644;-2.3845917551696654;0.7160773761477076;-0.9914876772255496;-1.3785819282834326;1.946133730738517;1.126477189960081;-0.17827106736526832;-2.551096782475049;3.502280518962081;0.35755086620758575;-2.739510380359284;-2.94338885814371;3.560206754810376;3.8445276243512962;-3.3407806082634686;-3.364470243353294;-2.1453711546906153;1.2057575137524927;4.586318716826337;-3.4334373004590906;-1.2450350457684622;2.9467130091616722;-1.299894185528946;-0.6205095131736513;-2.1562077488423137;1.6204978197006008;2.411772437405193;-3.3281150845508956;-2.1344308129940086;-3.432246268363275;-0.37469230688622673;-2.55925401914172;6.596313038562866;-1.7896568978243532;-2.3938513103393166;-4.729477883333342;-4.363001409620759;1.3851737578443144;-3.105349602335328;3.125175130778439;-1.8846397459680657;-3.226703534690617;-4.542823181516967;4.060552551437128;3.4182343479041934;
1.3416964340452435;1.7283441416699916;7.2885402335728475;5.3253437053293275;6.248060999055232;-0.12230254252162286;7.11147011148369;3.5738116664337998;5.158616427697933;5.064493323419831;-1.6228157544976762;5.864370226819706;4.520029093233525;7.947028336154364;-1.265322612687961;0.41477172453759076;6.507057298043928;7.691099191217564;0.8214250298935463;0.8229136899866928;4.170514848343316;5.610182822854277;7.537157716314025;3.992818035615433;-2.8192562361676656;9.08327627675978;2.0794528471124427;-1.2577073334530942;6.815523812860934;1.5939524604990032;5.712414538895544;3.3115740294810347;-1.5052618567198983;5.215963457445109;3.874175821477042;7.131733963725874;6.271611678063857;4.741304921709913;-1.7896568978243532;9.225956143326691;3.9121041296340526;6.266284707777773;6.545792570212911;-0.06566506173652727;3.3540483672854275;-3.221842991317365;5.548081261210917;2.668689496314041;7.805188202481712;-2.026122412175649;-0.7456684802994016;
2.0344644891550243;0.49401850851630047;8.177636796506976;7.528862613113776;6.631925474703911;-3.574158762022603;0.8409975549367928;-0.5914957228077137;0.8199414400532272;3.779824841423819;1.1891935892947447;1.9517256517498343;4.720226077844322;7.220930941823043;-4.808436544504338;0.8872656529008643;0.4187049224151708;3.0782128669660693;-1.3119277291882874;-2.591201047398531;6.930248638882242;9.921724996986047;4.647160630605457;-0.9131674578177003;-1.6485570092215527;7.543464818456415;0.9499313345176316;-4.672541709920161;7.107544810685296;6.876748367445095;-1.732500264078507;-1.1661853085429115;-3.697585456260821;5.802403539481039;9.191652731237491;5.6061534715901615;0.011133293512974762;-1.760237829288089;-2.3938513103393166;3.9121041296340526;11.24633745654025;6.013662224444445;4.033213938376579;2.92613779449102;8.19757775069859;-1.2410544524550884;-0.4713032867331997;7.615381390605448;1.3707012898270137;-3.2279674796606814;-3.6990843764670687;
