197
3.8947058103553305;4.052440749238573;3.561717121269039;2.905981157309644;4.177221282030458;3.785796626852791;4.298052262081214;4.298052262081214;4.1624984501522855;4.1624984501522855;3.8679583603553316;3.8234415185279214;3.2227738287309653;3.3219606946192872;2.994372995279188;3.156032000456853;2.8463443902030483;2.679582612233502;2.8166156741116772;2.2515203184771573;2.3822484786802045;2.5659791755329957;2.0723875609644677;2.842920679543147;2.7369448723857888;2.718551459441623;2.718551459441623;2.665638665583756;2.665638665583756;2.6106386895431486;1.3884010161421323;2.471447773045685;1.486445108426396;2.3735202707106593;1.028658333350254;2.155211293096446;0.7991344503045688;1.185547694822335;0.6554255725888325;0.349340566040609;1.5589960951269035;0.004065197258883338;0.23439813324873088;0.02805393091370563;-0.2991943093908628;-0.017340912487309325;-0.9727823158883248;-1.2042067776649745;-1.9495423754822334;-1.8951301336548252;-2.3446196705583757;-2.3902961464974637;-2.3845154087309663;-2.4604173471065978;-2.4591681708121826;-2.544316661421319;-3.172011748121827;-2.6729538493401024;-2.620992112690354;-3.10597597076142;-3.354120612944163;-2.739617687208123;-3.086245046192891;-3.0081887994923857;-0.5269388295939084;-2.6761730637563454;
4.052440749238573;4.497317380203039;3.6953365829949214;3.1639634400507584;4.164284052791878;3.90702615817259;4.345652514111674;4.345652514111674;4.129030023959391;4.129030023959391;3.8237253792385766;3.7701058817258875;3.3839399670050745;3.242333480101523;3.211260477258883;3.0723281118781727;2.9211839752791864;2.8260732380710665;2.8088555469035543;2.341548510406092;2.3974129956852805;2.696113463857868;2.2310308150761418;3.0670699781218262;2.661192512030456;2.9217049854822323;2.9217049854822323;2.8915508751776664;2.8915508751776664;2.8123924881218265;1.4364419996954312;2.683121899187815;1.6074843090862942;2.579395978477157;1.101209277106599;2.3370440805076145;0.8189442579187821;1.2764324353807106;0.7039777973096445;0.38191196705583735;1.5008563932994927;0.009412518730963992;0.245750984467006;0.03552739375634521;-0.31191066416243723;-0.03179742467005078;-1.0016841330964463;-1.2510804692893391;-2.023393912538073;-1.9690445450253784;-2.433833464517767;-2.4805777089340117;-2.473656687005077;-2.5560212247715737;-2.54888254111675;-2.6317473269543123;-3.2946143211675123;-2.7680735028426398;-2.7111194199492408;-3.223537489796953;-3.481656896548224;-2.843276247411167;-3.1991176810152275;-3.113666066802033;-0.527936019441624;-2.769736257664975;
3.561717121269039;3.6953365829949214;3.6626239916751264;2.696450813248731;4.188301768680203;3.698374813045685;4.309509793147209;4.309509793147209;4.2202066134010146;4.2202066134010146;3.930429401269036;3.895305960456854;3.093443548324874;3.3862770164974623;2.9200357845685265;3.2294427302030466;2.8789689378680197;2.5993336165482246;2.8430806618274103;2.1929740759898477;2.411963053857868;2.430689786903554;1.9509303848730966;2.830908969796954;2.8083619299492417;2.6817160008629446;2.6817160008629446;2.69228333137056;2.69228333137056;2.612156159796955;1.3411658005076148;2.515219308020305;1.3794310215228425;2.41400292253807;0.8867320448223354;2.19872149248731;0.7679933068020308;1.0695803143654825;0.5986445578172588;0.22943486157360338;1.6093535911675116;-0.07055831121827436;0.19754360588832454;-0.05738760959390891;-0.32181241639593855;-0.02061652888324877;-1.0399463781725877;-1.2569795145177667;-1.954271572436547;-1.8986976916243639;-2.3346352391370555;-2.3948903917766486;-2.372313648324872;-2.444075275380712;-2.4749261614720823;-2.5343312650761445;-3.1509362247208124;-2.6830348319289343;-2.6312318867512694;-3.087190907005076;-3.3323548090862944;-2.7194821243147205;-3.06204256497462;-2.984666285329949;-0.5353721042639594;-2.6556016005583745;
2.905981157309644;3.1639634400507584;2.696450813248731;2.929091947512691;3.1336281231979695;3.112937769543148;3.293031798527919;3.293031798527919;2.9120996059898476;2.9120996059898476;2.5798528773096447;2.5411192054314697;3.240243786751268;2.1046643150253805;2.7297217643147205;2.000446447969545;2.0979494913197962;2.572698934517766;2.173935061725889;2.2655233601015223;2.33679088142132;2.90520376096447;2.522465961269037;2.400540512030456;1.7057338205076145;2.4607652913705587;2.4607652913705587;2.118227526294416;2.118227526294416;2.2048379220304564;1.952049974923858;1.8761314397969537;2.141062514771573;1.8132235946192896;1.9108129117766506;1.6088762551269038;1.5458153819796954;1.756419526345178;1.1832107718274116;1.2822633142639588;1.224031218324873;0.9233238221827412;1.0820228911167513;0.8183410759390861;0.5442665639593909;0.3735816188324874;-0.14993875827411218;-0.3708147248223356;-1.0300525056345198;-0.9640107437563457;-1.462141458629441;-1.6633362722335021;-1.5872503367512691;-1.6589136261928936;-1.7975542052791884;-1.841923639238579;-2.4600191127918793;-2.0821439007106592;-2.0506609824873103;-2.490265129949237;-2.713717219137055;-2.1796445868527914;-2.5111567202538065;-2.645202896700509;-0.369906737360406;-2.3487625244162444;
4.177221282030458;4.164284052791878;4.188301768680203;3.1336281231979695;6.154648885888326;5.085647924873098;6.360277129035532;6.360277129035532;6.124040889441623;6.124040889441623;5.515792042030456;5.458158238730968;4.491190551319801;4.5558248363959395;3.746003347309644;4.308673148324874;3.662939532588833;3.533418698477157;3.9075682049238574;2.9128385955837564;3.2263591981725863;3.5918292030456858;2.5778022097969533;3.623058231675126;3.662533907918783;3.5540586953807076;3.5540586953807076;3.288084916192892;3.288084916192892;3.3614381716751285;1.808418950812183;2.9703653488324875;1.8526253924365492;2.8514045140609143;1.4576433377157354;2.557706511979696;1.0570429988832488;1.726324728984772;0.8429368705076143;0.5693889345177673;2.11900940786802;0.07439184005076206;0.3196483714213202;0.14047909664974687;-0.3563053522335028;0.029969395786801818;-1.115104815076142;-1.4207052652284262;-2.4145658998984776;-2.3514154965989853;-2.9098809946192894;-2.9241518928426404;-2.959316601319797;-3.026344410609137;-2.97743072035533;-3.144228298121826;-3.8901523535532996;-3.239587459086293;-3.1853812768020284;-3.796943157208122;-4.102347692538066;-3.3499756769035542;-3.77840137395939;-3.643995638527921;-0.6272383948223351;-3.2407638228934;
3.785796626852791;3.90702615817259;3.698374813045685;3.112937769543148;5.085647924873098;4.738263876446696;5.336633472994929;5.336633472994929;4.928772414365488;4.928772414365488;4.429044366852792;4.364169594467004;4.2820828769543136;3.6209185990862944;3.6126921946700508;3.408553633096446;3.2736520624873124;3.3542303273604075;3.2998611078680202;2.7066871563451795;2.882624398832487;3.5552463252791866;2.7438267043147198;3.462571396903553;2.90287331172589;3.377135160659899;3.377135160659899;3.179578893401015;3.179578893401015;3.189449146903555;1.8263754627411166;2.8806425873096444;2.148031948223351;2.765689113705583;1.7642392160406088;2.4708596354314722;1.1786583187309643;1.917471771573604;1.036161464213198;0.9046256964974617;1.7217478703045688;0.3840406814213199;0.5856263597969542;0.408167486192893;-0.07434013253807112;0.09054955203045677;-0.7805031621319803;-1.0931806063959395;-2.0160115471573623;-1.9543739647715732;-2.509934899340102;-2.583098589593909;-2.5874399569543134;-2.6656919070558356;-2.6479696299492383;-2.783990397411168;-3.530340019492383;-2.9209247144162456;-2.867809580456852;-3.469964781827412;-3.756850891065989;-3.0586150732994923;-3.458379780862945;-3.404116288781725;-0.5146416850253805;-3.0259564210152283;
4.298052262081214;4.345652514111674;4.309509793147209;3.293031798527919;6.360277129035532;5.336633472994929;6.815314970761416;6.815314970761416;6.298130765177666;6.298130765177666;5.577638382081217;5.49149253994924;4.850234086852789;4.511608077055833;4.035573479492384;4.253960215532999;3.815680286903554;3.740019575939085;4.0714918997969525;3.100519788223349;3.379789085126904;3.8865387381218293;2.7563467927918763;3.990995454467004;3.6058690011167482;3.936513571015229;3.936513571015229;3.6401126098477166;3.6401126098477166;3.7342103644670055;1.9220352488324868;3.2851801835533;1.9890520564974616;3.158180884162438;1.6128905339086292;2.818093245279187;1.1172410603553298;1.9381225839593916;0.8984740880203046;0.6581575853807101;2.1193448443147203;0.10256606680203098;0.3448318404568527;0.19317384106598923;-0.36735588928934;0.03586358543147216;-1.1158927702030443;-1.4518177306091384;-2.5207087963959385;-2.4567676342639606;-3.0403980089847704;-3.043597910913707;-3.0897697868527922;-3.161861701624364;-3.0780788276142115;-3.2691710183248746;-4.055937876142129;-3.3483133275634516;-3.2900939014720803;-3.953384355888326;-4.271718630101523;-3.490233805076146;-3.9337152105583764;-3.784084502741119;-0.6266598061928931;-3.3649963777157352;
4.298052262081214;4.345652514111674;4.309509793147209;3.293031798527919;6.360277129035532;5.336633472994929;6.815314970761416;6.815314970761416;6.298130765177666;6.298130765177666;5.577638382081217;5.49149253994924;4.850234086852789;4.511608077055833;4.035573479492384;4.253960215532999;3.815680286903554;3.740019575939085;4.0714918997969525;3.100519788223349;3.379789085126904;3.8865387381218293;2.7563467927918763;3.990995454467004;3.6058690011167482;3.936513571015229;3.936513571015229;3.6401126098477166;3.6401126098477166;3.7342103644670055;1.9220352488324868;3.2851801835533;1.9890520564974616;3.158180884162438;1.6128905339086292;2.818093245279187;1.1172410603553298;1.9381225839593916;0.8984740880203046;0.6581575853807101;2.1193448443147203;0.10256606680203098;0.3448318404568527;0.19317384106598923;-0.36735588928934;0.03586358543147216;-1.1158927702030443;-1.4518177306091384;-2.5207087963959385;-2.4567676342639606;-3.0403980089847704;-3.043597910913707;-3.0897697868527922;-3.161861701624364;-3.0780788276142115;-3.2691710183248746;-4.055937876142129;-3.3483133275634516;-3.2900939014720803;-3.953384355888326;-4.271718630101523;-3.490233805076146;-3.9337152105583764;-3.784084502741119;-0.6266598061928931;-3.3649963777157352;
4.1624984501522855;4.129030023959391;4.2202066134010146;2.9120996059898476;6.124040889441623;4.928772414365488;6.298130765177666;6.298130765177666;6.588841027208125;6.588841027208125;6.040963360152289;6.00388211365482;4.065449696598985;5.085033261979695;3.7236312665482227;4.779246201624366;3.801848012944163;3.4212522923857884;3.968996494619286;2.6652416079187824;2.9224012108629425;3.1131665052284268;2.2290587189847715;3.720303098375636;4.080055369593907;3.558527166903553;3.558527166903553;3.4564693809644678;3.4564693809644678;3.4529783183756346;1.3808834940609136;3.1616042941624367;1.4606404921827407;3.0322337303045694;0.9323087185786803;2.728828549898475;0.6031360444162435;1.3301935149238575;0.5511281725380709;0.07478365258883161;2.2010915693401025;-0.3787798397461936;-0.10657735289340078;-0.2639975167512686;-0.745020191167512;-0.2044852610659898;-1.461684935380711;-1.7535150061421314;-2.736750189492386;-2.6798804929949274;-3.1894177930964456;-3.140278564213196;-3.199572426598983;-3.2641550930456855;-3.1653479817766494;-3.336136080609135;-4.058209057766498;-3.3859330654314728;-3.3240037640101523;-3.929819606040608;-4.234295082690357;-3.473710344517767;-3.8938666697969544;-3.6771718826395947;-0.6703610441116754;-3.272916994467006;
4.1624984501522855;4.129030023959391;4.2202066134010146;2.9120996059898476;6.124040889441623;4.928772414365488;6.298130765177666;6.298130765177666;6.588841027208125;6.588841027208125;6.040963360152289;6.00388211365482;4.065449696598985;5.085033261979695;3.7236312665482227;4.779246201624366;3.801848012944163;3.4212522923857884;3.968996494619286;2.6652416079187824;2.9224012108629425;3.1131665052284268;2.2290587189847715;3.720303098375636;4.080055369593907;3.558527166903553;3.558527166903553;3.4564693809644678;3.4564693809644678;3.4529783183756346;1.3808834940609136;3.1616042941624367;1.4606404921827407;3.0322337303045694;0.9323087185786803;2.728828549898475;0.6031360444162435;1.3301935149238575;0.5511281725380709;0.07478365258883161;2.2010915693401025;-0.3787798397461936;-0.10657735289340078;-0.2639975167512686;-0.745020191167512;-0.2044852610659898;-1.461684935380711;-1.7535150061421314;-2.736750189492386;-2.6798804929949274;-3.1894177930964456;-3.140278564213196;-3.199572426598983;-3.2641550930456855;-3.1653479817766494;-3.336136080609135;-4.058209057766498;-3.3859330654314728;-3.3240037640101523;-3.929819606040608;-4.234295082690357;-3.473710344517767;-3.8938666697969544;-3.6771718826395947;-0.6703610441116754;-3.272916994467006;
3.8679583603553316;3.8237253792385766;3.930429401269036;2.5798528773096447;5.515792042030456;4.429044366852792;5.577638382081217;5.577638382081217;6.040963360152289;6.040963360152289;5.880228450355333;5.8779562585279175;3.442296188730965;5.179164314619289;3.3867988652791867;4.866603870456854;3.5985651602030457;3.051507472233504;3.689274824111674;2.294394288477158;2.4981447886802033;2.555414785532994;1.852410990964468;3.4379994995431478;4.199319532385788;3.219458119441626;3.219458119441626;3.2665976055837525;3.2665976055837525;3.1813780595431482;1.0213470161421319;3.0311821730456847;1.1245863584263958;2.9039988307106612;0.5537481033502538;2.6296701430964493;0.2977037903045682;0.9696354948223348;0.3345731125888326;-0.22053146395939133;2.1485807951269047;-0.6145055327411163;-0.3397568667512688;-0.4922157190862934;-0.9132169693908642;-0.34287814248731013;-1.5805503958883262;-1.8462862276649763;-2.742552705482231;-2.691653393654823;-3.1456818105583753;-3.0779830864974627;-3.136742118730964;-3.2004861571065986;-3.0948819508121828;-3.244416001421319;-3.9152227381218276;-3.2816479793401006;-3.2186166826903557;-3.779132200761423;-4.064865612944164;-3.343676547208122;-3.7337053861928933;-3.496435669492383;-0.6648101695939088;-3.1137279637563453;
3.8234415185279214;3.7701058817258875;3.895305960456854;2.5411192054314697;5.458158238730968;4.364169594467004;5.49149253994924;5.49149253994924;6.00388211365482;6.00388211365482;5.8779562585279175;5.930950004670053;3.375046439543145;5.242460100862941;3.3507460567005083;4.922897920964463;3.564818964873097;3.0135014636040607;3.6629897286802016;2.2655317534517763;2.465000638324873;2.498482982791878;1.8157602631472083;3.389046969035534;4.253296507258882;3.1746948265989823;3.1746948265989823;3.21159531401015;3.21159531401015;3.1328682390355334;0.9987869774111671;2.975684673096447;1.0931794322335027;2.851351417055838;0.5169253304060919;2.580926704314719;0.2833242173096447;0.9241574757360409;0.31968658213197987;-0.2455051450253786;2.1650655430456847;-0.6274380657868022;-0.3505548620304577;-0.5091412280710673;-0.9173174453807101;-0.3469733196954309;-1.5874471813197966;-1.84763824395939;-2.730988881573603;-2.6800752877157366;-3.129240033401015;-3.0631091359390847;-3.1196460195431484;-3.1824754705583724;-3.0826997194923846;-3.228581884111676;-3.891555214923856;-3.267721354162436;-3.2053207745685275;-3.7566139382741124;-4.040278650659899;-3.3232418429949235;-3.7109556786294404;-3.4747486278172603;-0.6677779402538067;-3.0945370901522864;
3.2227738287309653;3.3839399670050745;3.093443548324874;3.240243786751268;4.491190551319801;4.2820828769543136;4.850234086852789;4.850234086852789;4.065449696598985;4.065449696598985;3.442296188730965;3.375046439543145;5.175851791675132;2.6626957135025386;3.713051865431473;2.529385679796956;2.6878292821319794;3.532442733451777;3.1688664781725886;3.2899877740101515;3.246496476142132;4.718093013096446;3.401973545126902;3.5614079702030454;2.124169260050761;3.811567109137056;3.811567109137056;3.093770818629441;3.093770818629441;3.3654359002030465;2.8193364494923867;2.6814084819796937;2.938437748477157;2.605752597461929;3.2202768251776654;2.26079718751269;2.22556320319797;3.085091995634518;1.5942171421827405;2.253658908426396;1.6383983788324863;1.537427751218274;1.554934814111675;1.4846517595939093;0.8224705363959393;0.5682052088832489;0.17657740817258885;-0.2114619054822328;-1.2814686375634508;-1.2076800983756346;-1.8991810108629439;-2.090951688223353;-2.073013641675127;-2.1508170246192893;-2.17316466852792;-2.369986404923857;-3.186302525279188;-2.5508099680710647;-2.517881033248729;-3.2052632129949243;-3.499066200913704;-2.816319735685279;-3.2475599050253785;-3.3769698546700515;-0.40661338573604044;-2.996075589441624;
3.3219606946192872;3.242333480101523;3.3862770164974623;2.1046643150253805;4.5558248363959395;3.6209185990862944;4.511608077055833;4.511608077055833;5.085033261979695;5.085033261979695;5.179164314619289;5.242460100862941;2.6626957135025386;5.150611170050755;2.8139999986294417;4.840338645939091;3.1234525426395923;2.4797605390355333;3.201132833451777;1.8468052402030457;1.9944379228426394;1.9063389819289343;1.3832860525380715;2.888322004060915;4.282467201015232;2.664701142741115;2.664701142741115;2.7884084925888337;2.7884084925888337;2.665993944060914;0.6864855498477153;2.6157621395939064;0.7492476695431469;2.505080659238579;0.20153486355329958;2.2859562902538064;0.06388185395939164;0.5761489326903557;0.12575926365482287;-0.44308269147208224;2.0592579166497456;-0.7438886356345182;-0.4847385377664979;-0.6372798581218271;-0.9664448420812177;-0.4157607423350243;-1.5727232165482217;-1.79243575964467;-2.552225171269036;-2.5070124275126906;-2.890859057258884;-2.8225164644670047;-2.8711546035025384;-2.9264568123857857;-2.844308610558376;-2.9616251084771563;-3.5427418155837564;-2.9978305614213188;-2.9398513949746206;-3.4155458798984784;-3.6690283182741115;-3.0227241137055847;-3.3691286805076155;-3.1413295134010166;-0.637424634720812;-2.799142278832487;
2.994372995279188;3.211260477258883;2.9200357845685265;2.7297217643147205;3.746003347309644;3.6126921946700508;4.035573479492384;4.035573479492384;3.7236312665482227;3.7236312665482227;3.3867988652791867;3.3507460567005083;3.713051865431473;2.8139999986294417;3.608207027005076;2.633976179644671;2.725118698730963;3.0065978660406096;2.8000208068020287;2.4721335045177666;2.319771703248729;3.1752784479187808;2.592508761472082;3.72187800035533;2.2851585725888333;3.662452405989848;3.662452405989848;3.477040410101522;3.477040410101522;3.4805731503553314;1.731536344111676;3.129125580964466;2.0521368923350263;3.035455440558373;1.7719294440609143;2.654825933147207;1.156979213096447;1.9387411573604065;0.9645923413197968;0.9894027697461926;1.4380077404568525;0.48715003213197994;0.6318629796954311;0.5065507492893402;0.04260276619289277;0.07588571304568517;-0.5526255131979695;-0.8626405595939098;-1.7192980357360406;-1.6618392271573605;-2.1869465940101542;-2.2860185593908633;-2.274346825431471;-2.3587918255837588;-2.338482444923858;-2.4545626311167505;-3.1798638192385758;-2.601198691624366;-2.5477826756852795;-3.143096722741116;-3.406533476598985;-2.7707040799492377;-3.1387137462944175;-3.1382601981725897;-0.4224569825380714;-2.789414291522843;
3.156032000456853;3.0723281118781727;3.2294427302030466;2.000446447969545;4.308673148324874;3.408553633096446;4.253960215532999;4.253960215532999;4.779246201624366;4.779246201624366;4.866603870456854;4.922897920964463;2.529385679796956;4.840338645939091;2.633976179644671;4.677046524873095;2.9443993188324864;2.336030317157359;3.041440073857868;1.7718864137563448;1.926545582588833;1.8185133956852786;1.302117246954315;2.7042400551269017;4.160978998781725;2.499615470710662;2.499615470710662;2.6118150028934006;2.6118150028934006;2.4979581151269046;0.6856167121827411;2.4565181124873106;0.7047887065482239;2.353734800913706;0.2087320557360413;2.1490424596954316;0.0985275032487313;0.5537664647715732;0.12056834761421302;-0.40189346223350203;1.9997147980203036;-0.68026459923858;-0.43317281868020274;-0.5886149902538081;-0.891210113502538;-0.37600913319796975;-1.4840483061421317;-1.691875578426398;-2.4084222584771564;-2.364109378984771;-2.734076759289339;-2.6795509126395958;-2.7193825797969557;-2.7714945891370575;-2.7075590153299505;-2.8146917518274095;-3.3686499232994924;-2.858754466294419;-2.8045350720304585;-3.252486298121829;-3.4947525180710652;-2.8770287335532982;-3.209997229390861;-3.0043495879187825;-0.6153419423350254;-2.677067223401015;
2.8463443902030483;2.9211839752791864;2.8789689378680197;2.0979494913197962;3.662939532588833;3.2736520624873124;3.815680286903554;3.815680286903554;3.801848012944163;3.801848012944163;3.5985651602030457;3.564818964873097;2.6878292821319794;3.1234525426395923;2.725118698730963;2.9443993188324864;2.9912516172588837;2.350404779847716;2.5560188994923854;1.772652850558376;1.8361422778172585;2.061436280304568;1.6026678519796955;2.9573542211675137;2.579337902791881;2.715643292538071;2.715643292538071;2.9358579946192895;2.9358579946192895;2.7463718411675133;0.899996702081218;2.794399208883249;1.076783046243655;2.6557600004060906;0.6330298347715738;2.4046994631979697;0.36728034588832503;0.9524171498984775;0.36992275005076136;0.017367453451776385;1.3675330257868024;-0.30788613299492446;-0.09671100385786816;-0.24223599233502532;-0.5515300282233501;-0.22570073142132013;-1.0898111205076146;-1.320970921522843;-1.9970690559898483;-1.9548162506598983;-2.330589507461929;-2.3338878222842623;-2.345869892131979;-2.4093788740609123;-2.3612310290355323;-2.4527389108121835;-3.017808900355331;-2.5269366739086285;-2.472644688680201;-2.93433999472081;-3.160916780253808;-2.5921451826903557;-2.899715956395937;-2.777169306852791;-0.4407661554822333;-2.4727082792893404;
2.679582612233502;2.8260732380710665;2.5993336165482246;2.572698934517766;3.533418698477157;3.3542303273604075;3.740019575939085;3.740019575939085;3.4212522923857884;3.4212522923857884;3.051507472233504;3.0135014636040607;3.532442733451777;2.4797605390355333;3.0065978660406096;2.336030317157359;2.350404779847716;3.0835670083248705;2.4522924944162434;2.2965123361421322;2.2817569459898492;3.2188021633502544;2.7078793317766485;2.860089922842638;1.9881492707106587;2.881974617918782;2.881974617918782;2.5492369208121834;2.5492369208121834;2.632918222842639;1.8662974728934019;2.249751187715736;2.3123109986802026;2.173304794467006;2.1996651724873115;1.9055590251776644;1.4319989147715744;2.1691243488832486;1.2999038705583759;1.481317467969543;1.2744443536548222;1.0112282570558375;1.075689047563452;0.9349117343147207;0.49222671954314706;0.25926970436548225;-0.10387071558375664;-0.38505503675126973;-1.1814802158883235;-1.115480647258884;-1.6544812120812187;-1.8152083051269032;-1.784063633451777;-1.8372591946700512;-1.9238099793908632;-2.042054518934009;-2.687174143908629;-2.2258771629949234;-2.1955494254822345;-2.7044276619289325;-2.9527042627918765;-2.3704823595939097;-2.738265470355332;-2.8436126453807105;-0.3660868303045684;-2.5255699821827418;
2.8166156741116772;2.8088555469035543;2.8430806618274103;2.173935061725889;3.9075682049238574;3.2998611078680202;4.0714918997969525;4.0714918997969525;3.968996494619286;3.968996494619286;3.689274824111674;3.6629897286802016;3.1688664781725886;3.201132833451777;2.8000208068020287;3.041440073857868;2.5560188994923854;2.4522924944162434;3.2494950547208092;2.4371858238071056;2.488258743299493;2.635462731167512;1.8635916825888323;2.9768126661421315;2.6746666590355317;3.0182277463959406;3.0182277463959406;2.7660327860406113;2.7660327860406113;2.8756939561421313;1.5975062696446694;2.515607512385786;1.3741864289340096;2.45077043822335;1.3173581316243659;2.1802401372588838;1.0356867292385787;1.4523122829441621;0.5669973285279191;0.671649239898477;1.8179715021827416;0.2776992568527923;0.36742266187817263;0.3156845577157358;-0.10154803152284235;0.11292038121827398;-0.6508202152791872;-0.9062465558375624;-1.686414206294416;-1.633422510862944;-2.104876103604058;-2.171878273756346;-2.176191188172591;-2.2396817822335007;-2.2275660079695414;-2.351340586446701;-2.969983049695432;-2.4644555166497457;-2.4249427182741115;-2.931943913096444;-3.1728946226395927;-2.5872646319796972;-2.9358770145177684;-2.9218355112690357;-0.4855903810152281;-2.5985257006091365;
2.2515203184771573;2.341548510406092;2.1929740759898477;2.2655233601015223;2.9128385955837564;2.7066871563451795;3.100519788223349;3.100519788223349;2.6652416079187824;2.6652416079187824;2.294394288477158;2.2655317534517763;3.2899877740101515;1.8468052402030457;2.4721335045177666;1.7718864137563448;1.772652850558376;2.2965123361421322;2.4371858238071056;2.8727799208121843;2.679978671370559;3.0953082377157344;2.2790771001522843;2.394690676243655;1.5190713640609141;2.6666240809644677;2.6666240809644677;2.084962060355331;2.084962060355331;2.3553527062436563;2.597775139390862;1.806974058375635;2.00007816817259;1.7861791469543142;2.3432355942131986;1.5467270910152284;2.1955149758375625;2.058388020761422;1.11683923461929;1.7953231341116749;1.4577782065989846;1.4135176774619287;1.3511620189340106;1.3331241475126903;0.902661541675127;0.7153070406598983;0.35858535380710654;0.14761472142131993;-0.5844147950761418;-0.5177323700507619;-1.0672765790355325;-1.3376117078680205;-1.2452775240101521;-1.3290207095431483;-1.4638940122335036;-1.5752980939086298;-2.1711993723350265;-1.8080120756852793;-1.7967862698984771;-2.2588488895939087;-2.474880823096445;-1.974085464822335;-2.323808492030458;-2.5862469836040605;-0.3585449088832485;-2.29474069532995;
2.3822484786802045;2.3974129956852805;2.411963053857868;2.33679088142132;3.2263591981725863;2.882624398832487;3.379789085126904;3.379789085126904;2.9224012108629425;2.9224012108629425;2.4981447886802033;2.465000638324873;3.246496476142132;1.9944379228426394;2.319771703248729;1.926545582588833;1.8361422778172585;2.2817569459898492;2.488258743299493;2.679978671370559;3.068250799187817;3.016417418020303;2.30928928213198;1.9996610174111673;1.6246431068527922;2.242557273502539;2.242557273502539;1.6722940449746193;1.6722940449746193;1.934494617411168;2.5382262214720837;1.434120177258883;2.037319434416244;1.4089817773604063;2.195766488984771;1.2405113742131977;2.1994009517258877;1.8674368506598984;1.1943594546700507;1.6623698675634515;1.5867751423857868;1.3750923344670054;1.5000738650761418;1.1992789851776657;1.0346169234517768;0.788039949238579;0.2185048632994926;0.03218774989847722;-0.5619467210659902;-0.4791896707106602;-1.0155941364974617;-1.3429536101522839;-1.195639046142131;-1.250569763604061;-1.5320046012690351;-1.547336774720813;-2.135897402690357;-1.8726561895939078;-1.862496218578679;-2.2361966243147204;-2.4479157433502525;-1.93379495751269;-2.281163908426396;-2.5530355804568536;-0.38425843436548235;-2.2643236146192893;
2.5659791755329957;2.696113463857868;2.430689786903554;2.90520376096447;3.5918292030456858;3.5552463252791866;3.8865387381218293;3.8865387381218293;3.1131665052284268;3.1131665052284268;2.555414785532994;2.498482982791878;4.718093013096446;1.9063389819289343;3.1752784479187808;1.8185133956852786;2.061436280304568;3.2188021633502544;2.635462731167512;3.0953082377157344;3.016417418020303;4.696001673299493;3.429986176446702;2.8633989443147208;1.50184602857868;3.2066496141624348;3.2066496141624348;2.373031108375634;2.373031108375634;2.7068248143147207;2.981432154213197;1.9932095245685277;3.1965945626395955;1.9520375410659903;3.8585979750253827;1.6752572596446687;2.582097020456854;3.4154112022335017;1.8709366588832494;2.984035174060913;1.3987663626903555;2.227188335888326;2.088274114873096;2.070278871370558;1.3955839109137056;0.7508440312690352;0.8405957911675126;0.46509753350253813;-0.5489304182233504;-0.4709468154822337;-1.1909321558375632;-1.4789308897461921;-1.4297125330964466;-1.4943248706598988;-1.6011661512182749;-1.7936741921319785;-2.5715870321827405;-2.029898574010151;-2.018309169035533;-2.662956996142133;-2.9316895944162424;-2.330865260812183;-2.7441202092893393;-3.030320599238579;-0.3009688293908628;-2.6851972456345177;
2.0723875609644677;2.2310308150761418;1.9509303848730966;2.522465961269037;2.5778022097969533;2.7438267043147198;2.7563467927918763;2.7563467927918763;2.2290587189847715;2.2290587189847715;1.852410990964468;1.8157602631472083;3.401973545126902;1.3832860525380715;2.592508761472082;1.302117246954315;1.6026678519796955;2.7078793317766485;1.8635916825888323;2.2790771001522843;2.30928928213198;3.429986176446702;3.262111286903554;2.0538888830456856;1.070242330761421;2.2753412870558374;2.2753412870558374;1.6687230094416245;1.6687230094416245;1.8903803430456845;2.3170440423857874;1.3944510796954317;3.10885656715736;1.3611797019289338;3.1435472376649747;1.1739567826903552;2.063782907969543;2.6863697445177657;1.8666316327411163;2.487174786395938;1.0260842224873097;1.972089158274112;1.9387188016751276;1.7532422239086285;1.3461524459390866;0.5880223632487308;0.7484276425888323;0.4780954177664973;-0.20812725345177713;-0.13122603563451815;-0.7299763229441626;-1.0689363633502533;-0.9567996651269038;-1.0211948792893406;-1.2562839379187818;-1.3031385038578687;-1.9814482891878176;-1.6395046010659904;-1.6282784887309643;-2.1035079249238584;-2.3245200337055834;-1.8309183152791875;-2.1755080553807122;-2.5237298500507626;-0.22104600604060912;-2.2362427516243657;
2.842920679543147;3.0670699781218262;2.830908969796954;2.400540512030456;3.623058231675126;3.462571396903553;3.990995454467004;3.990995454467004;3.720303098375636;3.720303098375636;3.4379994995431478;3.389046969035534;3.5614079702030454;2.888322004060915;3.72187800035533;2.7042400551269017;2.9573542211675137;2.860089922842638;2.9768126661421315;2.394690676243655;1.9996610174111673;2.8633989443147208;2.0538888830456856;5.132572064873096;2.412336321218275;4.761732899289339;4.761732899289339;5.083044887106599;5.083044887106599;4.859083504873095;1.3243361178172592;4.6265131275126885;1.441391783451777;4.505880849086288;1.25149454426396;3.8844296903045685;0.6528650867512689;1.778851005228426;0.47260812238578676;0.44200081223350257;1.422689621979695;-0.09395017076142123;0.05695522868020243;0.02772661025380719;-0.4841750364974633;-0.21140901680203067;-0.9695625938578695;-1.3334415415736034;-2.2373444615228446;-2.1903143310152284;-2.6753967607106586;-2.693042907360405;-2.7134798702030447;-2.808112520862945;-2.6751344846700515;-2.820212688172587;-3.5701554267005076;-2.884461073705583;-2.809080517969542;-3.480033851878173;-3.7549324819289325;-3.0789679364467015;-3.4461582206091395;-3.3354223420812183;-0.44870447766497484;-2.968034236598984;
2.7369448723857888;2.661192512030456;2.8083619299492417;1.7057338205076145;3.662533907918783;2.90287331172589;3.6058690011167482;3.6058690011167482;4.080055369593907;4.080055369593907;4.199319532385788;4.253296507258882;2.124169260050761;4.282467201015232;2.2851585725888333;4.160978998781725;2.579337902791881;1.9881492707106587;2.6746666590355317;1.5190713640609141;1.6246431068527922;1.50184602857868;1.070242330761421;2.412336321218275;3.8910290203045683;2.2123766748223357;2.2123766748223357;2.3664482017766493;2.3664482017766493;2.2374723012182725;0.5382094269543148;2.2456965318781736;0.5445816608629445;2.153636804771573;0.09679202106598925;1.9705833750761428;0.020270749187816822;0.41581704380710655;0.04021720309644683;-0.43530735944162535;1.8132784729949247;-0.6710898826903561;-0.45094055532994903;-0.5874303324365489;-0.8483761016243654;-0.37588249670050716;-1.373053190964468;-1.5569853428934013;-2.1874655353807095;-2.1482704602538063;-2.472827715177666;-2.4211660293401;-2.4562301500507613;-2.503465597715736;-2.446306791167514;-2.537361309543145;-3.030755651675125;-2.5774019884263986;-2.5276638494923853;-2.9256912679695417;-3.1420506854822325;-2.589144754111676;-2.886767540152286;-2.7016614680203053;-0.5606179244162437;-2.4080616466497466;
2.718551459441623;2.9217049854822323;2.6817160008629446;2.4607652913705587;3.5540586953807076;3.377135160659899;3.936513571015229;3.936513571015229;3.558527166903553;3.558527166903553;3.219458119441626;3.1746948265989823;3.811567109137056;2.664701142741115;3.662452405989848;2.499615470710662;2.715643292538071;2.881974617918782;3.0182277463959406;2.6666240809644677;2.242557273502539;3.2066496141624348;2.2753412870558374;4.761732899289339;2.2123766748223357;4.8752795280203065;4.8752795280203065;4.533441049796957;4.533441049796957;4.663479459289342;1.72839691177665;4.0469062580710675;1.7192223353299496;3.9699484788832455;1.7460930018781728;3.4021766837055845;1.0767886838071068;2.123445235279188;0.6960848073604061;0.9345848705076141;1.495223849086295;0.3566379257360409;0.42493572060913687;0.44241616142131984;-0.12165309238578692;0.014762453908629649;-0.5895552436040598;-0.9609384008121822;-1.8821971785279195;-1.8306241356852797;-2.357818421979694;-2.430304671218275;-2.435528509137056;-2.528746428832487;-2.4342541101522825;-2.588889437766498;-3.345568851522844;-2.6841103067512693;-2.6219967686294408;-3.2928198745177664;-3.5644783568020326;-2.9090583101015235;-3.282051697411168;-3.255517483654823;-0.4260637949238577;-2.894592616954314;
2.718551459441623;2.9217049854822323;2.6817160008629446;2.4607652913705587;3.5540586953807076;3.377135160659899;3.936513571015229;3.936513571015229;3.558527166903553;3.558527166903553;3.219458119441626;3.1746948265989823;3.811567109137056;2.664701142741115;3.662452405989848;2.499615470710662;2.715643292538071;2.881974617918782;3.0182277463959406;2.6666240809644677;2.242557273502539;3.2066496141624348;2.2753412870558374;4.761732899289339;2.2123766748223357;4.8752795280203065;4.8752795280203065;4.533441049796957;4.533441049796957;4.663479459289342;1.72839691177665;4.0469062580710675;1.7192223353299496;3.9699484788832455;1.7460930018781728;3.4021766837055845;1.0767886838071068;2.123445235279188;0.6960848073604061;0.9345848705076141;1.495223849086295;0.3566379257360409;0.42493572060913687;0.44241616142131984;-0.12165309238578692;0.014762453908629649;-0.5895552436040598;-0.9609384008121822;-1.8821971785279195;-1.8306241356852797;-2.357818421979694;-2.430304671218275;-2.435528509137056;-2.528746428832487;-2.4342541101522825;-2.588889437766498;-3.345568851522844;-2.6841103067512693;-2.6219967686294408;-3.2928198745177664;-3.5644783568020326;-2.9090583101015235;-3.282051697411168;-3.255517483654823;-0.4260637949238577;-2.894592616954314;
2.665638665583756;2.8915508751776664;2.69228333137056;2.118227526294416;3.288084916192892;3.179578893401015;3.6401126098477166;3.6401126098477166;3.4564693809644678;3.4564693809644678;3.2665976055837525;3.21159531401015;3.093770818629441;2.7884084925888337;3.477040410101522;2.6118150028934006;2.9358579946192895;2.5492369208121834;2.7660327860406113;2.084962060355331;1.6722940449746193;2.373031108375634;1.6687230094416245;5.083044887106599;2.3664482017766493;4.533441049796957;4.533441049796957;5.466169382030457;5.466169382030457;4.896407347106601;0.9433269122335022;5.108594119289345;1.0629480767005075;4.934101531167511;0.7837506212182747;4.283472592944162;0.29421540192893386;1.3929652272081219;0.20609743639593908;0.03548085492385859;1.3056303491370556;-0.44285527736040664;-0.2569573360913703;-0.29614208421319865;-0.7487995061421326;-0.37540956908629425;-1.203031263959391;-1.5456612018781724;-2.3891704647208147;-2.3474553431472085;-2.7774117902030437;-2.760500617817259;-2.7856937386294405;-2.880054711675126;-2.725034478477156;-2.853264932335027;-3.566396084771574;-2.89555853248731;-2.813928673705585;-3.4566685148223337;-3.720322981979695;-3.0614942589847716;-3.4072413258883256;-3.248197323451778;-0.4424368207614211;-2.8925765404568535;
2.665638665583756;2.8915508751776664;2.69228333137056;2.118227526294416;3.288084916192892;3.179578893401015;3.6401126098477166;3.6401126098477166;3.4564693809644678;3.4564693809644678;3.2665976055837525;3.21159531401015;3.093770818629441;2.7884084925888337;3.477040410101522;2.6118150028934006;2.9358579946192895;2.5492369208121834;2.7660327860406113;2.084962060355331;1.6722940449746193;2.373031108375634;1.6687230094416245;5.083044887106599;2.3664482017766493;4.533441049796957;4.533441049796957;5.466169382030457;5.466169382030457;4.896407347106601;0.9433269122335022;5.108594119289345;1.0629480767005075;4.934101531167511;0.7837506212182747;4.283472592944162;0.29421540192893386;1.3929652272081219;0.20609743639593908;0.03548085492385859;1.3056303491370556;-0.44285527736040664;-0.2569573360913703;-0.29614208421319865;-0.7487995061421326;-0.37540956908629425;-1.203031263959391;-1.5456612018781724;-2.3891704647208147;-2.3474553431472085;-2.7774117902030437;-2.760500617817259;-2.7856937386294405;-2.880054711675126;-2.725034478477156;-2.853264932335027;-3.566396084771574;-2.89555853248731;-2.813928673705585;-3.4566685148223337;-3.720322981979695;-3.0614942589847716;-3.4072413258883256;-3.248197323451778;-0.4424368207614211;-2.8925765404568535;
2.6106386895431486;2.8123924881218265;2.612156159796955;2.2048379220304564;3.3614381716751285;3.189449146903555;3.7342103644670055;3.7342103644670055;3.4529783183756346;3.4529783183756346;3.1813780595431482;3.1328682390355334;3.3654359002030465;2.665993944060914;3.4805731503553314;2.4979581151269046;2.7463718411675133;2.632918222842639;2.8756939561421313;2.3553527062436563;1.934494617411168;2.7068248143147207;1.8903803430456845;4.859083504873095;2.2374723012182725;4.663479459289342;4.663479459289342;4.896407347106601;4.896407347106601;4.8142748448731;1.308439467817259;4.510327217512695;1.318297693451777;4.417787109086293;1.2125796342639594;3.8033544203045686;0.6663359767512693;1.7132477552284262;0.4137718223857867;0.4568866122335024;1.402157961979695;-0.05872638076142166;0.057719948680202963;0.06048493025380667;-0.44156214649746217;-0.17306602680203054;-0.8839171038578679;-1.233603681573603;-2.097018171522842;-2.0515218210152266;-2.51877943071066;-2.545602547360407;-2.5605405202030456;-2.652749900862942;-2.5284321846700513;-2.6675129381725897;-3.3873758967005076;-2.733711893705585;-2.6627402079695415;-3.3082572618781727;-3.5702449319289338;-2.9269065564467005;-3.279061640609138;-3.190585122081218;-0.42913699766497443;-2.839182436598984;
1.3884010161421323;1.4364419996954312;1.3411658005076148;1.952049974923858;1.808418950812183;1.8263754627411166;1.9220352488324868;1.9220352488324868;1.3808834940609136;1.3808834940609136;1.0213470161421319;0.9987869774111671;2.8193364494923867;0.6864855498477153;1.731536344111676;0.6856167121827411;0.899996702081218;1.8662974728934019;1.5975062696446694;2.597775139390862;2.5382262214720837;2.981432154213197;2.3170440423857874;1.3243361178172592;0.5382094269543148;1.72839691177665;1.72839691177665;0.9433269122335022;0.9433269122335022;1.308439467817259;3.342027330456852;0.698740091218274;2.299924301370559;0.7162686922842638;2.9010451993401007;0.5852131792385785;3.178681158121829;2.247381581928933;1.491803159035534;2.5780789344162423;1.0958834000507613;2.337504566903552;2.199327063299492;2.0879951243654826;1.8422945762436558;1.2251434770050764;1.2743392196446706;1.1471624789340105;0.5911865338071067;0.6667331325380713;0.0911716117766498;-0.3836714765989848;-0.1888723994923856;-0.26623330284263946;-0.6004896483248732;-0.6567117845685276;-1.1733245232487308;-1.0303830557360398;-1.054166215076142;-1.3964995603045691;-1.5680662551776658;-1.1918995088832487;-1.5240903584771575;-2.067207809796955;-0.21933219583756344;-1.8289932435025382;
