5000
69.08352415403728;66.46879254539836;58.98191556657116;51.41280522545756;50.11903451122547;41.51904573416617;45.57747575491413;28.204196443316572;24.925404655831542;38.14521652949909;40.81201870994229;26.28729888551483;17.10474526285774;39.19953616854066;16.061171551556107;33.999232476268084;3.779240830455912;33.083736860131054;22.746231789303327;15.781003783598312;8.497727307944412;-13.195695819664962;9.492621913650643;13.391978736042581;-1.4662236257501207;16.13140881909511;5.48613739402329;6.753290368226372;7.109861430436655;6.792384509017228;10.194973722217409;5.263125108930703;-1.0074520252907304;2.8910757634084625;-0.8355130971098109;14.132364602753066;-2.571786183726329;-10.286049773752866;-0.0046140377312961;-0.6671776992257906;2.2621985514042975;-11.568521087879379;-0.39090875941952063;-6.50218415967966;-5.93128874603382;-2.969173674581087;-11.484115754996884;-8.981930063846368;0.9825116285336489;-14.911962509321283;
66.46879254539836;72.21812761089305;57.68251669378658;49.46412693555099;51.44937939191044;49.329553670217194;44.18085811459163;35.00252170682236;28.842958731059714;40.442547578702225;49.20704710905178;33.94674606086749;19.532524528494765;41.86310187510416;13.997318070466184;33.64239045126558;8.320797979066636;40.348276669709584;22.954108414659444;12.69087026460984;13.460916725288152;-14.315465806213517;7.360413004362497;19.427651770019004;-6.890339607076731;18.95535491232266;11.515096063173766;13.066285066551691;10.463919350124522;13.250175593775307;9.81380684382382;9.861461782589098;-5.206837178487275;7.154124083021908;-1.82866545474931;14.456038002426101;-3.771705275560097;-14.230194534587401;3.2931861066061807;-5.2593238449279704;-1.7935324938043515;-14.899199152585155;-3.37198023639926;-9.694199851186289;-7.853077147186856;-5.887271032756501;-10.404881776103593;-8.244018392587869;-1.197002788757354;-16.726068863242322;
58.98191556657116;57.68251669378658;56.506791639959395;44.80408966082004;41.327263644596144;36.30452699009708;43.78405134594902;22.355137172116347;20.958790752911693;34.79445045102233;37.078869779214344;21.956271559980866;13.881741996225923;38.32565463504282;13.125966288687456;32.424481966728194;-0.8645760899060082;32.236267274762966;19.23744439169469;15.096658090229123;3.016558248489383;-14.274405250948744;10.232121545683;8.392739431276228;-0.39032568334162837;15.832709985398377;1.8490028141040733;1.5985996045110236;1.809644992797708;1.2418504154365069;9.226693350730217;0.6502121838570898;0.3075894257669348;-1.2365347990586784;-1.8970913878416906;14.197774471139198;-3.119425062609671;-8.765965828440079;-4.695929729622025;0.8110658669848424;3.359908580557311;-10.612168865290306;3.5363870598738716;-3.3083256542454276;-4.870917622626673;0.9602284469341927;-9.444285497601745;-7.47401743012354;4.0743472886386325;-13.084116806826849;
51.41280522545756;49.46412693555099;44.80408966082004;47.44546219522064;36.45134760763828;34.56936519868255;42.52672372635947;26.45359760455941;22.12813270382694;37.323652738849674;39.24822707876676;23.576848447004455;15.130851851539973;36.919939968090155;15.96656155202041;32.63984010034879;1.055649107329147;33.652096134165895;20.928171881572972;11.668323862943348;2.311292789197493;-10.935083726574307;11.79437782882051;9.4206179224144;0.15246734519231014;13.145218704400506;0.035480274268511;1.8838516145474165;1.1015531396273373;0.705912691282633;8.425609707830684;1.7107917882338561;2.094243456581166;0.895660688934972;-1.5504918759615878;15.1888773629118;-2.8357655315993426;-12.158331866373084;-1.516622642886513;4.806336042480842;5.4772294509727635;-12.249441480552587;3.244231969794906;-3.825632172843064;-8.165171294463601;1.3373480669299482;-8.708108407497464;-8.708716753495926;4.739757267292911;-16.19267724926672;
50.11903451122547;51.44937939191044;41.327263644596144;36.45134760763828;48.24121567850397;38.26449457964473;31.758558251626077;31.349261646734455;22.76310427637963;31.391634908630248;34.7282419869048;27.70331863905332;16.544115973455845;30.619741539961666;12.846640753087353;25.179494971081027;7.683686516650143;30.0115177960205;19.21718368156259;10.32988644317647;15.058948901992604;-12.066428727156799;4.113406032507697;19.73611241893292;-5.596463565767421;13.08006963599413;8.546356778014632;10.397632586844061;10.561831106535037;15.678602221353792;5.549280586566266;11.308107073197101;-4.708418898606787;6.829064843231083;-0.29401632844979814;9.566923083626023;-2.7634155763022337;-10.319120546441559;5.2350338204750395;-4.07065866688055;-2.1301150288521153;-12.59788122210006;-5.283572858215177;-9.625132987367113;-6.584424040305472;-7.052481326858849;-8.527745185047323;-8.364204957181549;-3.7869483363036394;-13.390455435499952;
41.51904573416617;49.329553670217194;36.30452699009708;34.56936519868255;38.26449457964473;47.96177682757893;32.13737895477283;33.3201274988758;20.88146278058738;34.98354916938081;45.87342855364178;33.72011132778061;17.69274602049043;30.562508915879317;11.510082417635696;23.920738218637894;6.7533090104661415;36.53556457110391;17.783388525083673;8.632521692306577;13.85403495019883;-12.571176610752861;7.988366498906422;17.157925425708246;-7.029603607115099;19.30582217658657;11.954967808953038;13.302032737840268;7.171356296400736;12.915249841669196;5.720762440052214;10.460429184542269;-4.472750158478149;7.4455181373666735;-2.2198257145123224;14.059255946261205;-4.035186204636304;-13.78267071278707;2.7616967174475104;-3.929372691443457;-0.8820983488475354;-14.641171198787777;-1.7169706010249541;-7.0310084574254175;-9.680972912452557;-3.5013912462199817;-5.146003995339768;-5.243346200549464;-0.23710201943876433;-15.487888089112962;
45.57747575491413;44.18085811459163;43.78405134594902;42.52672372635947;31.758558251626077;32.13737895477283;57.801565373251904;24.95319713775291;27.98441322309174;44.93658114292164;44.234710938085215;25.404484781769245;15.11887375695052;49.475098269277375;17.657841977046317;46.04658108307914;-4.009094005543264;38.61206793839063;26.83356200517219;12.970791523518976;-3.326148854908739;-15.07385624032298;18.065610772193946;11.548524456949547;2.266163499204574;12.304923265641008;-3.0033928932110276;-4.156718908739083;-1.6178823707035108;-1.326609381442544;6.978345863833165;3.6800128483435213;3.969688239772619;-1.5653964743119582;-1.577016550124174;18.99978358490808;-3.7436325906851367;-10.773547854737936;0.40732276323858746;7.366320866624653;8.297105396318031;-12.746584497035707;8.585296917141354;-0.9346940198130308;-5.711537371890886;5.876253814230513;-5.502284706763025;-7.396763777580841;7.4440562032780555;-15.21929359244647;
28.204196443316572;35.00252170682236;22.355137172116347;26.45359760455941;31.349261646734455;33.3201274988758;24.95319713775291;43.775913834452034;26.39500929543576;33.84687244890941;39.66323461207165;34.81939019487135;20.62456274972435;30.41528129602107;16.32192896360374;23.602406173817993;11.541858071486686;39.034797537695155;22.37907998321938;0.9115543727946948;14.20632581805322;-9.331095336674982;6.344991516473065;25.72633577761358;-7.1132932192662155;8.253868300391906;10.30913120617317;14.09718860927412;6.852432222783591;15.958428420768685;1.1655532101577872;16.29631563682836;-5.542209800894316;13.00801009970349;0.6791623956106525;11.485789155567247;-2.432327067172053;-17.34576497282416;9.329661649854886;-5.414649218106602;-3.4847061813396105;-15.683778354257639;-4.09990118389023;-8.92591213001418;-14.104144800738297;-5.223078212244887;-4.742974887012738;-11.724921671546625;-5.145636948927685;-18.100516903325815;
24.925404655831542;28.842958731059714;20.958790752911693;22.12813270382694;22.76310427637963;20.88146278058738;27.98441322309174;26.39500929543576;32.5550306229299;29.124492437486463;29.68793046091495;26.573939076236908;18.12663630252804;34.00300127328414;15.0748086118809;28.00229608494479;9.409323296424866;29.606549799769;24.175282247100462;-1.4792783846853175;7.228912407621685;-6.948010939457057;5.670999278342981;18.063714215822714;-3.8813705964911254;1.726350500050677;5.279433752183528;6.602535344888587;5.50572311928252;10.629643594693118;0.7705359151798997;13.627296978247239;-2.113097411412198;9.526865312855213;0.7356403519007506;9.109104083963263;-1.588996027244502;-15.331956246343424;11.098626270472462;-3.3597749472994267;-1.2953325452405995;-13.442756936490568;-1.1985810332014744;-5.73250487732413;-12.333667754269767;-1.8243829748418465;-5.2098610998534065;-10.367083793700846;-3.88643567554962;-16.043332681260697;
38.14521652949909;40.442547578702225;34.79445045102233;37.323652738849674;31.391634908630248;34.98354916938081;44.93658114292164;33.84687244890941;29.124492437486463;51.98538589287985;50.553481566633515;35.783450246231034;19.484707158550588;45.06221884182874;18.811340453434102;39.183895098160676;2.9023105323214016;48.56216085315135;26.747412227982778;5.439327882185993;2.416951437505346;-14.566449275935964;17.205993088898218;17.848002805966992;-1.260235240606622;10.893283365307198;4.970841176915391;3.9422698550757285;2.415936407883189;6.652855395757333;3.807234891565872;13.242663322611445;-0.7319078335687773;6.207183777426353;-0.4678765230901053;20.08730921642286;-3.2568244922724428;-16.769208580761756;5.397514829003913;0.8789422794713594;3.21938184269916;-14.108023534746378;4.2678008485818095;-2.565085673729125;-13.151407662565465;2.3582683887571907;-4.220639390392033;-10.02730350357622;2.544548518324977;-18.528886035069323;
40.81201870994229;49.20704710905178;37.078869779214344;39.24822707876676;34.7282419869048;45.87342855364178;44.234710938085215;39.66323461207165;29.68793046091495;50.553481566633515;62.22414533217808;43.01070972448363;20.943491615190503;44.81325550688627;16.282469613236124;36.90329870665874;5.8521012560516334;54.06169681544637;24.972359051518875;5.833749183816413;8.908009287043138;-14.658840688611445;16.33214508563791;21.4784108237463;-6.262653219287137;15.41472902555645;11.05136781520798;10.607704291302108;4.156624357992841;10.138954405377332;4.8237174920840085;15.91563306507528;-3.2600959852398863;9.582207759916562;-1.7947674021228284;20.402222083913173;-4.8648952734207445;-17.311550562416475;5.9517337027567025;-1.8724174440195374;0.6004340873483504;-16.124877668560043;2.1002311894703993;-5.379770037945234;-12.553694818268985;-0.13490286310006527;-2.2478260072218985;-7.487902013225366;0.878522287152996;-18.833166997150535;
26.28729888551483;33.94674606086749;21.956271559980866;23.576848447004455;27.70331863905332;33.72011132778061;25.404484781769245;34.81939019487135;26.573939076236908;35.783450246231034;43.01070972448363;43.46339264191127;24.43691151481791;32.59845560103906;18.565024291239638;25.212010467645257;9.958954354114336;39.32067744351835;23.279643033277054;-1.8871412675729486;13.246829054735198;-11.159298019775079;8.704776801218507;24.007634125862616;-7.002050105489544;7.7450164182460535;14.436504096733119;16.77949717735818;9.840926833366579;15.307279289799268;0.7566975218911971;21.606018968866646;-4.859692825154149;14.780126877176953;1.1713094984466639;13.617029203377344;-2.193891481961963;-17.434131801211972;10.554585701330627;-5.409289154218561;-2.6629342551924156;-13.286152799101522;0.8229708056887297;-5.9007756891222325;-14.434955648328971;-0.29174502278904346;-1.3667149036517652;-9.096953716398241;-4.756838086164986;-16.42569177259186;
17.10474526285774;19.532524528494765;13.881741996225923;15.130851851539973;16.544115973455845;17.69274602049043;15.11887375695052;20.62456274972435;18.12663630252804;19.484707158550588;20.943491615190503;24.43691151481791;30.493748638873402;19.647005150596733;25.78842939697142;15.30702618434186;8.085858538160377;19.33373898955086;19.549656412512242;-1.2553320501560923;7.0006040076933616;-4.968509225480238;3.628539320878361;13.196513907248292;4.509122190343148;2.838949602974441;3.354305533220069;7.000631233041656;4.18806483762109;7.81176077943003;0.9952949510604493;9.306108959901533;0.6790584769022887;6.607672043400665;-0.8097286913527931;7.935556283620494;-2.2126095278253337;-14.588221033994065;3.4109745136883474;-3.848051655310462;0.9065278549909165;-12.905744414670094;6.895815340391474;2.504122108427778;-13.200185976769564;7.7702579210171026;-4.3791842162248145;-10.21165031683496;-2.349942319454679;-14.908309003991517;
39.19953616854066;41.86310187510416;38.32565463504282;36.919939968090155;30.619741539961666;30.562508915879317;49.475098269277375;30.41528129602107;34.00300127328414;45.06221884182874;44.81325550688627;32.59845560103906;19.647005150596733;54.577162645144455;18.772055860794225;46.280722288873214;3.3220282219440134;44.53207577302992;28.61826445888178;4.124559613837234;2.621034378266348;-13.932883972045387;14.224818024806842;18.131475133741123;-2.2267792402973092;6.957975975291353;4.199140566514284;3.5651495425843107;4.911372078971231;7.201055747848077;3.717714158806707;12.260399730882597;0.283313388216057;5.732366675115384;-0.18506984558925924;17.407012723690546;-3.225364433415596;-16.99363985564741;8.645685934835052;2.310607109850641;3.4055294495934145;-14.092571245308074;4.820843121578284;-3.4839885127653116;-12.64100076972008;2.9669873368524895;-5.0559981526025615;-10.521846618727059;1.9344856436321973;-18.557951046068936;
16.061171551556107;13.997318070466184;13.125966288687456;15.96656155202041;12.846640753087353;11.510082417635696;17.657841977046317;16.32192896360374;15.0748086118809;18.811340453434102;16.282469613236124;18.565024291239638;25.78842939697142;18.772055860794225;26.802536607659356;16.925761475999376;2.730009964343995;16.350986053468024;19.688903249162887;1.8396529137337096;1.0936298178834598;-4.612002298217228;7.064781319200662;8.060496597791738;8.527387486334137;1.8521680576094628;-2.1748447371403175;1.2690012976986755;-0.10756960872809446;0.6174337714881714;1.1411876847317246;4.686341756910361;4.907953410099967;2.772420398365443;0.28098077160610285;8.873625287186389;-0.6925542787815604;-11.862177377614048;0.6997148795669857;0.9006536061199453;5.584863085273439;-10.501825961707745;10.282373102941284;4.814067666381516;-11.035906470707578;11.179007283676372;-4.107652212143578;-9.822382517136209;0.7490597393095371;-13.384412765296588;
33.999232476268084;33.64239045126558;32.424481966728194;32.63984010034879;25.179494971081027;23.920738218637894;46.04658108307914;23.602406173817993;28.00229608494479;39.183895098160676;36.90329870665874;25.212010467645257;15.30702618434186;46.280722288873214;16.925761475999376;43.40359100759607;-0.8724834985562633;35.76419855228808;25.081942511317763;5.995613392251923;-2.4815851342227515;-13.01786666242306;14.917132553636042;12.908331531737387;0.974118763734525;6.145678927479887;0.025188146586110242;-1.2225030201023097;2.4215220314140704;2.5824517731391783;4.470219319910098;7.821513470027953;2.510021100518425;1.9917491157986993;-0.3577894462909118;16.32171930060005;-2.734056081978319;-12.98168550431219;6.794062188588056;4.817481419050701;5.996034631135186;-10.978253949506248;6.438408050319303;-1.410187336634048;-8.537244336968325;4.412582735862315;-4.2056591462383555;-7.917790264959592;3.522594237809105;-15.224810784365179;
3.779240830455912;8.320797979066636;-0.8645760899060082;1.055649107329147;7.683686516650143;6.7533090104661415;-4.009094005543264;11.541858071486686;9.409323296424866;2.9023105323214016;5.8521012560516334;9.958954354114336;8.085858538160377;3.3220282219440134;2.730009964343995;-0.8724834985562633;19.79020602514956;5.346314288624231;3.5820321321633957;-9.123449381385011;13.779751978233257;2.921391398101953;-8.84968039333875;11.558765720438519;-8.714443411027453;-5.232445422993511;9.5750377774916;12.47901842071798;7.579352977316305;13.066536439730665;0.37220811323064945;11.197672751591785;-8.429401674764842;10.759487633729282;0.9276721677778769;-2.31744844838831;-0.34065604087363616;-10.037377395293587;8.137257065762318;-11.351025083824455;-10.160824708365585;-7.53287477090889;-11.332744045417991;-8.366113760117628;-9.91620137258716;-10.125859532510892;-5.368580750621574;-7.436227511186395;-8.179167448460912;-8.300849208265017;
33.083736860131054;40.348276669709584;32.236267274762966;33.652096134165895;30.0115177960205;36.53556457110391;38.61206793839063;39.034797537695155;29.606549799769;48.56216085315135;54.06169681544637;39.32067744351835;19.33373898955086;44.53207577302992;16.350986053468024;35.76419855228808;5.346314288624231;58.09971347510549;23.61870206660484;4.578031261807479;3.7327895949888825;-14.068655165774958;16.66394392110595;18.555443729686665;-3.6110338039112575;12.827437471261733;8.603271445823687;7.922771862494013;1.3194460360913485;7.2874201074731335;3.0641387227376606;12.086920538283117;-2.3950853200330706;8.493972669462348;-1.1594768395139343;19.604368560193635;-4.095221401819182;-17.118640926790214;4.328934639653322;-1.5093571101132832;0.9997290136753171;-13.312311019787073;2.6000039283114793;-4.593537226789188;-13.417431770748422;0.7164342224609418;-1.854650824565723;-9.458487966541774;0.18209928211948975;-17.289684395473472;
22.746231789303327;22.954108414659444;19.23744439169469;20.928171881572972;19.21718368156259;17.783388525083673;26.83356200517219;22.37907998321938;24.175282247100462;26.747412227982778;24.972359051518875;23.279643033277054;19.549656412512242;28.61826445888178;19.688903249162887;25.081942511317763;3.5820321321633957;23.61870206660484;26.822194082772587;0.0016810199557475416;3.469208156499999;-8.821700028706623;7.724465774199403;15.567184512130767;0.776970802698631;1.4385076855337418;1.140924889328267;3.1181099273211963;3.9547357016055384;6.158420531009995;0.7581583198981002;10.381713433402252;1.3142057327529808;5.71350287553363;2.197640745511415;10.61646155147821;-0.05839016116102057;-13.85534360117151;7.841933379361353;-0.38484587472524606;2.7950409599679102;-12.363988547312927;5.574125278202473;-1.3229480743208353;-10.766983927214774;4.4563733656214675;-5.5093442628398;-9.581948854699927;-0.9746079181121334;-15.708510210422025;
15.781003783598312;12.69087026460984;15.096658090229123;11.668323862943348;10.32988644317647;8.632521692306577;12.970791523518976;0.9115543727946948;-1.4792783846853175;5.439327882185993;5.833749183816413;-1.8871412675729486;-1.2553320501560923;4.124559613837234;1.8396529137337096;5.995613392251923;-9.123449381385011;4.578031261807479;0.0016810199557475416;29.87927582883086;-6.858448677396349;5.75618632070246;16.233275380030122;-9.293827145274028;16.054377473376356;19.89329987871278;-9.035635805784416;-10.113253403014056;-5.71938016301081;-8.673569620546786;2.4247166723054008;-10.817015020588007;11.112091187966142;-9.717508296478059;-6.171248229770994;3.0561654504225224;-4.374487148470207;15.110196770659742;-9.493191486240486;11.939105275827302;13.742305180213435;7.3263645837336275;5.78452580745579;4.684695899014338;14.367629902331545;4.562414995489705;4.78842303534493;7.326143107803774;4.892647362578752;11.319421176692599;
8.497727307944412;13.460916725288152;3.016558248489383;2.311292789197493;15.058948901992604;13.85403495019883;-3.326148854908739;14.20632581805322;7.228912407621685;2.416951437505346;8.908009287043138;13.246829054735198;7.0006040076933616;2.621034378266348;1.0936298178834598;-2.4815851342227515;13.779751978233257;3.7327895949888825;3.469208156499999;-6.858448677396349;39.99317401631366;-2.55418593971765;-11.356598605529172;18.82194669419611;-13.275209201219822;-2.7572180314657038;16.989580727757616;22.84612352490335;14.285840103089486;20.87917084613198;-2.0115376317880664;23.090768742295786;-11.60240245965094;15.42512722389504;5.536816015233115;-6.02929046440513;2.397973763754322;1.1170002093590166;10.31280084657178;-13.759277798888485;-12.877395364606565;-5.3382127807608235;-14.108672352364591;-12.404100079093599;-5.8198572548506835;-12.87421015506364;0.5840422135699183;-6.869181728637571;-10.295063189948003;1.713695764097287;
-13.195695819664962;-14.315465806213517;-14.274405250948744;-10.935083726574307;-12.066428727156799;-12.571176610752861;-15.07385624032298;-9.331095336674982;-6.948010939457057;-14.566449275935964;-14.658840688611445;-11.159298019775079;-4.968509225480238;-13.932883972045387;-4.612002298217228;-13.01786666242306;2.921391398101953;-14.068655165774958;-8.821700028706623;5.75618632070246;-2.55418593971765;30.074319999458343;3.5425178832394693;-7.175399735810199;11.303005901398311;2.972578878663347;-6.454465290504778;-5.09935616008193;-4.254618523749007;-3.906404117563707;-3.6769771973058774;-5.752200531722668;10.55419031270374;-3.6770112935378196;-6.504963536929897;-8.834171616940452;-4.890273955730872;6.658713309672272;-3.657420564328178;8.551280490436934;4.581908716904067;6.485888557393896;2.092074952458027;7.756215626374482;4.049836975856627;4.280256496153658;8.419791206949983;6.991590433995636;-2.252152406442916;6.964263456080969;
9.492621913650643;7.360413004362497;10.232121545683;11.79437782882051;4.113406032507697;7.988366498906422;18.065610772193946;6.344991516473065;5.670999278342981;17.205993088898218;16.33214508563791;8.704776801218507;3.628539320878361;14.224818024806842;7.064781319200662;14.917132553636042;-8.84968039333875;16.66394392110595;7.724465774199403;16.233275380030122;-11.356598605529172;3.5425178832394693;25.669587226546167;-4.738438353236054;16.542323591036663;14.78888391212653;-7.938045823072866;-10.242046634158223;-8.271860768886773;-10.82082435286432;-0.23426722363164157;-5.103194876015264;12.402177419024438;-6.3878891085099125;-6.028678393758041;11.143321087426141;-5.461285255217738;5.793425320669473;-6.192377892414042;14.470292548622936;15.088607355470137;4.205235577056249;13.35039805686947;9.805835871503001;5.008424559842002;11.492468111629682;8.86334325185615;4.062714519094193;7.321350641996403;3.6484883211462407;
13.391978736042581;19.427651770019004;8.392739431276228;9.4206179224144;19.73611241893292;17.157925425708246;11.548524456949547;25.72633577761358;18.063714215822714;17.848002805966992;21.4784108237463;24.007634125862616;13.196513907248292;18.131475133741123;8.060496597791738;12.908331531737387;11.558765720438519;18.555443729686665;15.567184512130767;-9.293827145274028;18.82194669419611;-7.175399735810199;-4.738438353236054;43.820098789944765;-12.737611504014467;-4.479935266905126;10.789889377968708;13.789234450330534;16.403930949821163;28.900098316779136;-1.874470653076389;24.582300727007095;-10.749863012889785;12.990467946835278;1.815646914639512;2.368588708269832;-3.2155150688626892;-14.494020280284555;18.281159140048967;-10.632604251619226;-10.29619156922669;-14.420115240590174;-9.0161575428775;-11.177026620070471;-7.422117108759679;-9.581295234149767;-1.1620836326995636;-7.835368507324304;-9.475946771916806;-14.088555823350841;
-1.4662236257501207;-6.890339607076731;-0.39032568334162837;0.15246734519231014;-5.596463565767421;-7.029603607115099;2.266163499204574;-7.1132932192662155;-3.8813705964911254;-1.260235240606622;-6.262653219287137;-7.002050105489544;4.509122190343148;-2.2267792402973092;8.527387486334137;0.974118763734525;-8.714443411027453;-3.6110338039112575;0.776970802698631;16.054377473376356;-13.275209201219822;11.303005901398311;16.542323591036663;-12.737611504014467;27.19823727426455;11.386582469410977;-15.658006751550614;-15.988233560380351;-11.428753900041142;-14.733389195031735;-0.07920174159315578;-12.913824990677234;15.979958496181524;-12.298156444929852;-7.033773256789134;2.640285912950274;-5.079548388379287;9.692572446066514;-11.449049361533245;12.795031643556568;15.640949649575726;5.913412519538958;14.840079422764413;16.30308294309833;6.36664093078142;15.847913793015241;5.899057816433209;2.5154235903929694;6.8888412167263615;7.024084879019781;
16.13140881909511;18.95535491232266;15.832709985398377;13.145218704400506;13.08006963599413;19.30582217658657;12.304923265641008;8.253868300391906;1.726350500050677;10.893283365307198;15.41472902555645;7.7450164182460535;2.838949602974441;6.957975975291353;1.8521680576094628;6.145678927479887;-5.232445422993511;12.827437471261733;1.4385076855337418;19.89329987871278;-2.7572180314657038;2.972578878663347;14.78888391212653;-4.479935266905126;11.386582469410977;26.019982899211787;-2.691019471839939;-3.619068920944405;-4.755320306881323;-4.888740086987133;2.642968698695706;-7.166273961852579;6.699375717149083;-6.479706928268415;-7.292062367863242;5.688104401508986;-5.927753170511634;7.057255984847422;-9.35936189164231;6.951287250808941;8.771265970849035;2.4618766286641867;5.646288880965279;4.322931932906133;7.434331919777124;5.012020186016701;5.247592862585489;5.738923870102352;4.820095918918845;6.150639992828779;
5.48613739402329;11.515096063173766;1.8490028141040733;0.035480274268511;8.546356778014632;11.954967808953038;-3.0033928932110276;10.30913120617317;5.279433752183528;4.970841176915391;11.05136781520798;14.436504096733119;3.354305533220069;4.199140566514284;-2.1748447371403175;0.025188146586110242;9.5750377774916;8.603271445823687;1.140924889328267;-9.035635805784416;16.989580727757616;-6.454465290504778;-7.938045823072866;10.789889377968708;-15.658006751550614;-2.691019471839939;34.829584423686406;33.155001127733435;16.513662866311464;16.5999203259595;-2.7928121052234554;18.078723871330467;-13.626950321163292;22.490401570352375;10.86284233311979;-2.4267030451544964;10.588131922265319;-3.5413769955754733;13.38647226956117;-12.295295028627047;-12.741665807812923;10.117504840111131;-12.589992676227968;-11.320171234746763;-5.913353100971411;-12.605685434718128;0.3911879289468218;-0.26177401484704116;-10.325528384858817;3.2424280248510526;
6.753290368226372;13.066285066551691;1.5985996045110236;1.8838516145474165;10.397632586844061;13.302032737840268;-4.156718908739083;14.09718860927412;6.602535344888587;3.9422698550757285;10.607704291302108;16.77949717735818;7.000631233041656;3.5651495425843107;1.2690012976986755;-1.2225030201023097;12.47901842071798;7.922771862494013;3.1181099273211963;-10.113253403014056;22.84612352490335;-5.09935616008193;-10.242046634158223;13.789234450330534;-15.988233560380351;-3.619068920944405;33.155001127733435;41.43177074196199;19.189767646190656;18.00783283032511;-2.6625004703682684;21.112675084304225;-13.148794423098904;27.0096606367797;10.65621111184075;-3.485034918348547;10.451749664617372;-6.981987973672235;14.209035920254818;-13.820395488420239;-12.755430818781331;5.0372773480464526;-13.533914940601274;-12.439969168384428;-8.355752571818668;-12.904963722886095;-1.9433529904314475;-3.9255268419862297;-10.910199366649978;-1.034676549623981;
7.109861430436655;10.463919350124522;1.809644992797708;1.1015531396273373;10.561831106535037;7.171356296400736;-1.6178823707035108;6.852432222783591;5.50572311928252;2.415936407883189;4.156624357992841;9.840926833366579;4.18806483762109;4.911372078971231;-0.10756960872809446;2.4215220314140704;7.579352977316305;1.3194460360913485;3.9547357016055384;-5.71938016301081;14.285840103089486;-4.254618523749007;-8.271860768886773;16.403930949821163;-11.428753900041142;-4.755320306881323;16.513662866311464;19.189767646190656;36.36739329073284;28.52956246553199;-1.8192830830887485;15.662884379646403;-10.154998960700343;14.641783816385942;4.37046069905687;-3.949002284566387;2.7317281622951373;-5.832356744630311;26.064957390451667;-9.362318222713482;-8.298485234010972;-0.5550828784346687;-11.968724134830005;-11.114290239558509;-0.573130422051612;-12.660334363868973;-4.152133202963841;3.553875130134583;-10.385138912723201;-2.59727976073722;
6.792384509017228;13.250175593775307;1.2418504154365069;0.705912691282633;15.678602221353792;12.915249841669196;-1.326609381442544;15.958428420768685;10.629643594693118;6.652855395757333;10.138954405377332;15.307279289799268;7.81176077943003;7.201055747848077;0.6174337714881714;2.5824517731391783;13.066536439730665;7.2874201074731335;6.158420531009995;-8.673569620546786;20.87917084613198;-3.906404117563707;-10.82082435286432;28.900098316779136;-14.733389195031735;-4.888740086987133;16.5999203259595;18.00783283032511;28.52956246553199;42.68909704327628;-2.510348396518666;20.877360440511676;-13.31517895181579;14.683261496220972;1.3914823690116123;-3.992003471325601;-1.2983299100269021;-10.79513920793751;24.72250388563291;-13.707616962208435;-12.237861837970106;-7.705374427773719;-16.02252837221451;-13.90309702023775;-4.769184311634644;-16.131502240951402;-3.583863883907147;-0.4404495827032775;-13.345001157628468;-8.066381732244377;
10.194973722217409;9.81380684382382;9.226693350730217;8.425609707830684;5.549280586566266;5.720762440052214;6.978345863833165;1.1655532101577872;0.7705359151798997;3.807234891565872;4.8237174920840085;0.7566975218911971;0.9952949510604493;3.717714158806707;1.1411876847317246;4.470219319910098;0.37220811323064945;3.0641387227376606;0.7581583198981002;2.4247166723054008;-2.0115376317880664;-3.6769771973058774;-0.23426722363164157;-1.874470653076389;-0.07920174159315578;2.642968698695706;-2.7928121052234554;-2.6625004703682684;-1.8192830830887485;-2.510348396518666;11.47219617638467;-4.422754029686037;-1.1287563236242955;-3.776343783054564;-2.9276191063777786;4.157677715105361;-3.3532164270323626;-3.117545158808072;-3.56856088976371;-0.38699517256706134;-0.36449394031625915;-4.00125632877325;0.03995668733015527;-0.3255345101139793;-0.17638092247536122;-0.3621659795514983;-4.8127018088969615;-1.5138161946583555;3.434882812642488;-4.222305318840111;
5.263125108930703;9.861461782589098;0.6502121838570898;1.7107917882338561;11.308107073197101;10.460429184542269;3.6800128483435213;16.29631563682836;13.627296978247239;13.242663322611445;15.91563306507528;21.606018968866646;9.306108959901533;12.260399730882597;4.686341756910361;7.821513470027953;11.197672751591785;12.086920538283117;10.381713433402252;-10.817015020588007;23.090768742295786;-5.752200531722668;-5.103194876015264;24.582300727007095;-12.913824990677234;-7.166273961852579;18.078723871330467;21.112675084304225;15.662884379646403;20.877360440511676;-4.422754029686037;39.41965445990367;-11.460203235665237;18.661377016153494;8.05205665411665;0.021066408740605294;3.1906484871215155;-4.1140874614739085;20.330423177982354;-11.10386571721155;-11.054314308516933;-4.224600347853473;-10.763287503946742;-11.13841204246435;-6.52302832358947;-10.353480319208257;2.7753644363236813;-6.386910408932074;-10.344330414898355;-2.459923845777425;
-1.0074520252907304;-5.206837178487275;0.3075894257669348;2.094243456581166;-4.708418898606787;-4.472750158478149;3.969688239772619;-5.542209800894316;-2.113097411412198;-0.7319078335687773;-3.2600959852398863;-4.859692825154149;0.6790584769022887;0.283313388216057;4.907953410099967;2.510021100518425;-8.429401674764842;-2.3950853200330706;1.3142057327529808;11.112091187966142;-11.60240245965094;10.55419031270374;12.402177419024438;-10.749863012889785;15.979958496181524;6.699375717149083;-13.626950321163292;-13.148794423098904;-10.154998960700343;-13.31517895181579;-1.1287563236242955;-11.460203235665237;21.06739353554854;-9.415796002273522;-4.192647181069905;2.3669949538931987;-2.099486597512324;3.141962190662605;-9.61171245730753;14.181012601705504;18.195351207227784;1.4459625447515496;14.528803044677923;13.627224547842387;2.0208780341536743;15.082416994961902;4.570598645020042;2.4806064377410255;6.950631524393104;0.9113570401194485;
2.8910757634084625;7.154124083021908;-1.2365347990586784;0.895660688934972;6.829064843231083;7.4455181373666735;-1.5653964743119582;13.00801009970349;9.526865312855213;6.207183777426353;9.582207759916562;14.780126877176953;6.607672043400665;5.732366675115384;2.772420398365443;1.9917491157986993;10.759487633729282;8.493972669462348;5.71350287553363;-9.717508296478059;15.42512722389504;-3.6770112935378196;-6.3878891085099125;12.990467946835278;-12.298156444929852;-6.479706928268415;22.490401570352375;27.0096606367797;14.641783816385942;14.683261496220972;-3.776343783054564;18.661377016153494;-9.415796002273522;24.418472487485023;7.710019923494043;-1.5715877517458317;7.636936311457533;-7.356161502468035;15.603375601131589;-9.6108782419599;-9.252201356105285;1.7714842445065604;-10.461517993392825;-10.01068413170408;-7.97157557195848;-10.017248852295586;-1.1308612078716187;-4.869020203921991;-9.113264957817163;-3.109815268477735;
-0.8355130971098109;-1.82866545474931;-1.8970913878416906;-1.5504918759615878;-0.29401632844979814;-2.2198257145123224;-1.577016550124174;0.6791623956106525;0.7356403519007506;-0.4678765230901053;-1.7947674021228284;1.1713094984466639;-0.8097286913527931;-0.18506984558925924;0.28098077160610285;-0.3577894462909118;0.9276721677778769;-1.1594768395139343;2.197640745511415;-6.171248229770994;5.536816015233115;-6.504963536929897;-6.028678393758041;1.815646914639512;-7.033773256789134;-7.292062367863242;10.86284233311979;10.65621111184075;4.37046069905687;1.3914823690116123;-2.9276191063777786;8.05205665411665;-4.192647181069905;7.710019923494043;15.328396248945003;-2.619273016777884;12.151651984073213;0.6915406125689438;5.180534473587565;-6.2180626147362155;-3.721559678848226;5.01346849610546;-6.563581177647221;-7.67670091807749;-2.436744283439293;-6.736670013589922;-2.110507259355458;-3.1998523538217944;-4.703920410114082;2.6459114133727315;
14.132364602753066;14.456038002426101;14.197774471139198;15.1888773629118;9.566923083626023;14.059255946261205;18.99978358490808;11.485789155567247;9.109104083963263;20.08730921642286;20.402222083913173;13.617029203377344;7.935556283620494;17.407012723690546;8.873625287186389;16.32171930060005;-2.31744844838831;19.604368560193635;10.61646155147821;3.0561654504225224;-6.02929046440513;-8.834171616940452;11.143321087426141;2.368588708269832;2.640285912950274;5.688104401508986;-2.4267030451544964;-3.485034918348547;-3.949002284566387;-3.992003471325601;4.157677715105361;0.021066408740605294;2.3669949538931987;-1.5715877517458317;-2.619273016777884;16.705012129573877;-3.416671762684922;-9.153929765366907;-2.0686894610925917;4.097023885481678;5.430191351121542;-7.307065735877946;7.6927586473366825;3.4476292813201774;-6.940701906120916;5.869870618638245;-1.43415305630809;-3.7015317567143655;6.376052178134916;-10.18743719180688;
-2.571786183726329;-3.771705275560097;-3.119425062609671;-2.8357655315993426;-2.7634155763022337;-4.035186204636304;-3.7436325906851367;-2.432327067172053;-1.588996027244502;-3.2568244922724428;-4.8648952734207445;-2.193891481961963;-2.2126095278253337;-3.225364433415596;-0.6925542787815604;-2.734056081978319;-0.34065604087363616;-4.095221401819182;-0.05839016116102057;-4.374487148470207;2.397973763754322;-4.890273955730872;-5.461285255217738;-3.2155150688626892;-5.079548388379287;-5.927753170511634;10.588131922265319;10.451749664617372;2.7317281622951373;-1.2983299100269021;-3.3532164270323626;3.1906484871215155;-2.099486597512324;7.636936311457533;12.151651984073213;-3.416671762684922;16.00667489759199;1.7962339454526186;2.986277948263256;-4.473529393774968;-1.9162002582837625;7.626012238304715;-4.850085802543657;-5.488943441335258;-2.070354841106001;-4.7701631943607525;-2.454461158665042;-2.176780760590564;-3.6643765659598984;3.9405556560647366;
-10.286049773752866;-14.230194534587401;-8.765965828440079;-12.158331866373084;-10.319120546441559;-13.78267071278707;-10.773547854737936;-17.34576497282416;-15.331956246343424;-16.769208580761756;-17.311550562416475;-17.434131801211972;-14.588221033994065;-16.99363985564741;-11.862177377614048;-12.98168550431219;-10.037377395293587;-17.118640926790214;-13.85534360117151;15.110196770659742;1.1170002093590166;6.658713309672272;5.793425320669473;-14.494020280284555;9.692572446066514;7.057255984847422;-3.5413769955754733;-6.981987973672235;-5.832356744630311;-10.79513920793751;-3.117545158808072;-4.1140874614739085;3.141962190662605;-7.356161502468035;0.6915406125689438;-9.153929765366907;1.7962339454526186;43.519828369813006;-6.9365281507236745;5.647866530290817;3.245026265657195;21.632864668278973;0.21777191672432836;1.0383160900521256;30.124014982884386;-0.8684567302179652;10.014015306515475;12.2469878443086;-0.2945394700149884;39.941903665099574;
-0.0046140377312961;3.2931861066061807;-4.695929729622025;-1.516622642886513;5.2350338204750395;2.7616967174475104;0.40732276323858746;9.329661649854886;11.098626270472462;5.397514829003913;5.9517337027567025;10.554585701330627;3.4109745136883474;8.645685934835052;0.6997148795669857;6.794062188588056;8.137257065762318;4.328934639653322;7.841933379361353;-9.493191486240486;10.31280084657178;-3.657420564328178;-6.192377892414042;18.281159140048967;-11.449049361533245;-9.35936189164231;13.38647226956117;14.209035920254818;26.064957390451667;24.72250388563291;-3.56856088976371;20.330423177982354;-9.61171245730753;15.603375601131589;5.180534473587565;-2.0686894610925917;2.986277948263256;-6.9365281507236745;34.769572387387754;-7.379043163263984;-7.823175534772151;-2.2759114086675827;-12.354715641489454;-11.81508939450672;-2.2960814972289896;-12.752805283712597;-2.607628999480967;0.9499704961705135;-10.39070391717329;-4.316666759826533;
-0.6671776992257906;-5.2593238449279704;0.8110658669848424;4.806336042480842;-4.07065866688055;-3.929372691443457;7.366320866624653;-5.414649218106602;-3.3597749472994267;0.8789422794713594;-1.8724174440195374;-5.409289154218561;-3.848051655310462;2.310607109850641;0.9006536061199453;4.817481419050701;-11.351025083824455;-1.5093571101132832;-0.38484587472524606;11.939105275827302;-13.759277798888485;8.551280490436934;14.470292548622936;-10.632604251619226;12.795031643556568;6.951287250808941;-12.295295028627047;-13.820395488420239;-9.362318222713482;-13.707616962208435;-0.38699517256706134;-11.10386571721155;14.181012601705504;-9.6108782419599;-6.2180626147362155;4.097023885481678;-4.473529393774968;5.647866530290817;-7.379043163263984;24.300875058469874;14.440655521318755;4.891888800202807;12.973630281701755;10.9033442896382;5.27815562105877;12.634165883154152;8.973895638577387;7.571842490482755;8.428598622535722;3.7196551241346416;
2.2621985514042975;-1.7935324938043515;3.359908580557311;5.4772294509727635;-2.1301150288521153;-0.8820983488475354;8.297105396318031;-3.4847061813396105;-1.2953325452405995;3.21938184269916;0.6004340873483504;-2.6629342551924156;0.9065278549909165;3.4055294495934145;5.584863085273439;5.996034631135186;-10.160824708365585;0.9997290136753171;2.7950409599679102;13.742305180213435;-12.877395364606565;4.581908716904067;15.088607355470137;-10.29619156922669;15.640949649575726;8.771265970849035;-12.741665807812923;-12.755430818781331;-8.298485234010972;-12.237861837970106;-0.36449394031625915;-11.054314308516933;18.195351207227784;-9.252201356105285;-3.721559678848226;5.430191351121542;-1.9162002582837625;3.245026265657195;-7.823175534772151;14.440655521318755;20.82716876555651;2.1347823669298065;11.275857418057702;9.048370703627635;3.280198165210248;10.81252697213367;4.48321876153924;3.2200465139291516;8.077301688016474;1.1226836444957289;
-11.568521087879379;-14.899199152585155;-10.612168865290306;-12.249441480552587;-12.59788122210006;-14.641171198787777;-12.746584497035707;-15.683778354257639;-13.442756936490568;-14.108023534746378;-16.124877668560043;-13.286152799101522;-12.905744414670094;-14.092571245308074;-10.501825961707745;-10.978253949506248;-7.53287477090889;-13.312311019787073;-12.363988547312927;7.3263645837336275;-5.3382127807608235;6.485888557393896;4.205235577056249;-14.420115240590174;5.913412519538958;2.4618766286641867;10.117504840111131;5.0372773480464526;-0.5550828784346687;-7.705374427773719;-4.00125632877325;-4.224600347853473;1.4459625447515496;1.7714842445065604;5.01346849610546;-7.307065735877946;7.626012238304715;21.632864668278973;-2.2759114086675827;4.891888800202807;2.1347823669298065;30.82064444210376;-1.0534818299870794;1.1143359692731802;14.096034322052214;-1.3253577291712213;8.793047045460026;9.002400930759887;-2.092918826409534;25.795303087612773;
